Sample	0	1	2	3	4	5	6	7	8	9	10	11	12	13	14	15	16	17	18	19	20	21	22	23	24	25	26	27	28	29	30	31	32	33	34	35	36	37	38	39	40	41	42	43	44	45	46	47	48	49	50	51	52	53	54	55	56	57	58	59	60	61	62	63	64	65	66	67	68	69	70	71	72	73	74	75	76	77	78	79	80	81	82	83	84	85	86	87	88	89	90	91	92	93	94	95	96	97	98	99	100	101	102	103	104	105	106	107	108	109	110	111	112	113	114	115	116	117	118	119	120	121	122	123	124	125	126	127	128	129	130	131	132	133	134	135	136	137	138	139	140	141	142	143	144	145	146	147	148	149
GW_Mock1	(1, 0.0)	(2, 0.133083)	(3, 0.0)	(4, 0.00564048)	(5, 0.0276661)	(6, 0.026698899999999998)	(7, 0.0472211)	(8, 0.0)	(9, 0.0)	(10, 0.0426579)	(11, 0.0)	(12, 0.10319999999999999)	(13, 0.007819099999999999)	(14, 0.0487676)	(15, 0.142855)	(16, 0.00257125)	(17, 0.0)	(18, 0.0418056)	(19, 0.0)	(20, 0.0)	(21, 0.0)	(22, 0.0)	(23, 0.0432948)	(24, 0.0)	(25, 0.0964005)	(26, 0.0)	(27, 0.000148434)	(28, 0.0180419)	(29, 0.0)	(30, 0.028820099999999998)	(31, 0.0416333)	(32, 0.0329679)	(33, 0.007891519999999999)	(34, 0.09104799999999999)	(35, 0.0)	(36, 0.0)	(37, 0.055473)	(38, 0.0615716)	(39, 0.0)	(40, 0.0165149)	(41, 0.103792)	(42, 0.0)	(43, 0.0)	(44, 0.0181145)	(45, 0.00358875)	(46, 0.00039772099999999997)	(47, 0.0)	(48, 0.00255458)	(49, 0.0)	(50, 0.0)	(51, 0.0)	(52, 0.0344785)	(53, 0.0)	(54, 0.0)	(55, 5.75684e-05)	(56, 0.0386099)	(57, 0.0)	(58, 0.0)	(59, 0.0)	(60, 0.0)	(61, 0.050664600000000004)	(62, 0.0)	(63, 1.92172e-05)	(64, 0.0)	(65, 0.0)	(66, 0.0017016499999999999)	(67, 0.0)	(68, 0.034184900000000004)	(69, 0.069474)	(70, 8.658920000000001e-05)	(71, 4.33039e-05)	(72, 0.000678572)	(73, 0.0)	(74, 0.0175496)	(75, 0.018039799999999998)	(76, 0.0457106)	(77, 0.0)	(78, 0.0330316)	(79, 0.0395254)	(80, 0.0)	(81, 0.0)	(82, 0.0)	(83, 0.0)	(84, 0.0159709)	(85, 0.031519700000000005)	(86, 0.0446574)	(87, 0.0)	(88, 0.0318165)	(89, 0.0005023709999999999)	(90, 0.000178768)	(91, 0.0)	(92, 0.0027600999999999997)	(93, 0.00017406)	(94, 0.065704)	(95, 0.0667359)	(96, 0.0)	(97, 0.0167988)	(98, 0.0)	(99, 0.0)	(100, 0.0)	(101, 0.0)	(102, 0.0)	(103, 0.0307545)	(104, 0.0)	(105, 0.0)	(106, 0.0)	(107, 0.0)	(108, 0.0011018)	(109, 0.0014322500000000001)	(110, 0.0448784)	(111, 0.032270299999999995)	(112, 0.0)	(113, 0.0)	(114, 0.0)	(115, 0.06281289999999999)	(116, 0.0)	(117, 0.0)	(118, 0.0)	(119, 0.07669079999999999)	(120, 0.0)	(121, 0.0013400900000000002)	(122, 0.0)	(123, 0.0)	(124, 0.0)	(125, 0.000678314)	(126, 0.0679454)	(127, 0.0)	(128, 0.000493449)	(129, 0.0)	(130, 1.4668e-05)	(131, 0.0)	(132, 4.89307e-05)	(133, 0.0)	(134, 0.0)	(135, 0.0)	(136, 0.0)	(137, 0.0)	(138, 0.00035319999999999997)	(139, 0.0)	(140, 0.0650145)	(141, 0.0)	(142, 0.050977499999999995)	(143, 0.0351496)	(144, 0.0)	(145, 0.0)	(146, 0.00010847200000000001)	(147, 0.0)	(148, 0.0)	(149, 0.0220957)	(150, 0.0)
GW_Mock2	(1, 0.0)	(2, 0.135534)	(3, 0.0)	(4, 0.00537872)	(5, 0.0263585)	(6, 0.023971)	(7, 0.042375699999999995)	(8, 0.0)	(9, 0.0)	(10, 0.0461902)	(11, 0.0)	(12, 0.0935604)	(13, 0.00853917)	(14, 0.0451062)	(15, 0.12842599999999998)	(16, 0.00311014)	(17, 0.0)	(18, 0.038789899999999995)	(19, 0.0)	(20, 0.0)	(21, 0.0)	(22, 0.0)	(23, 0.045591)	(24, 0.0)	(25, 0.08958580000000001)	(26, 0.0)	(27, 0.000128065)	(28, 0.0165341)	(29, 0.0)	(30, 0.0256541)	(31, 0.038789899999999995)	(32, 0.030562900000000004)	(33, 0.008837059999999999)	(34, 0.0868821)	(35, 0.0)	(36, 0.0)	(37, 0.049341499999999996)	(38, 0.0555968)	(39, 0.0)	(40, 0.0153311)	(41, 0.0931988)	(42, 0.0)	(43, 0.0)	(44, 0.0163422)	(45, 0.00389944)	(46, 0.0005309630000000001)	(47, 0.0)	(48, 0.00295297)	(49, 0.0)	(50, 0.0)	(51, 0.0)	(52, 0.0310206)	(53, 0.0)	(54, 0.0)	(55, 1.8331099999999998e-05)	(56, 0.0346554)	(57, 0.0)	(58, 0.0)	(59, 0.0)	(60, 0.0)	(61, 0.045469)	(62, 0.0)	(63, 2.29484e-05)	(64, 0.0)	(65, 0.0)	(66, 0.00202522)	(67, 0.0)	(68, 0.0318741)	(69, 0.0655578)	(70, 5.05563e-05)	(71, 5.5164299999999996e-05)	(72, 0.000827653)	(73, 0.0)	(74, 0.0153003)	(75, 0.01656)	(76, 0.0417563)	(77, 0.0)	(78, 0.030129499999999997)	(79, 0.036044400000000004)	(80, 0.0)	(81, 0.0)	(82, 0.0)	(83, 0.0)	(84, 0.0140528)	(85, 0.0298605)	(86, 0.0392732)	(87, 0.0)	(88, 0.0304677)	(89, 0.000563145)	(90, 0.00023085)	(91, 0.0)	(92, 0.00291473)	(93, 0.000212538)	(94, 0.060879499999999996)	(95, 0.0590832)	(96, 0.0)	(97, 0.0158825)	(98, 0.0)	(99, 0.0)	(100, 0.0)	(101, 0.0)	(102, 0.0)	(103, 0.0286732)	(104, 0.0)	(105, 0.0)	(106, 0.0)	(107, 0.0)	(108, 0.00114113)	(109, 0.00171682)	(110, 0.0391776)	(111, 0.0293556)	(112, 0.0)	(113, 0.0)	(114, 0.0)	(115, 0.0563233)	(116, 0.0)	(117, 9.302759999999999e-06)	(118, 0.0)	(119, 0.0702349)	(120, 0.0)	(121, 0.0013693099999999999)	(122, 0.0)	(123, 0.0)	(124, 0.0)	(125, 0.000797581)	(126, 0.062431900000000005)	(127, 0.0)	(128, 0.00044829900000000004)	(129, 0.0)	(130, 9.34674e-06)	(131, 0.0)	(132, 6.0801e-05)	(133, 0.0)	(134, 0.0)	(135, 0.0)	(136, 0.0)	(137, 0.0)	(138, 0.000407965)	(139, 0.0)	(140, 0.0592539)	(141, 0.0)	(142, 0.047116200000000004)	(143, 0.0322944)	(144, 0.0)	(145, 0.0)	(146, 0.000146119)	(147, 0.0)	(148, 0.0)	(149, 0.020109500000000002)	(150, 0.0)
GW_Mock3	(1, 0.0)	(2, 0.129103)	(3, 0.0)	(4, 0.00479641)	(5, 0.0293168)	(6, 0.025877499999999998)	(7, 0.0470297)	(8, 0.0)	(9, 0.0)	(10, 0.042268900000000005)	(11, 0.0)	(12, 0.100449)	(13, 0.007630650000000001)	(14, 0.04905419999999999)	(15, 0.140569)	(16, 0.00276305)	(17, 0.0)	(18, 0.04125)	(19, 0.0)	(20, 0.0)	(21, 0.0)	(22, 0.0)	(23, 0.0420865)	(24, 0.0)	(25, 0.098313)	(26, 0.0)	(27, 0.00014682899999999999)	(28, 0.017179)	(29, 0.0)	(30, 0.0297128)	(31, 0.043884099999999995)	(32, 0.033015300000000004)	(33, 0.007675639999999999)	(34, 0.0931606)	(35, 0.0)	(36, 0.0)	(37, 0.0543451)	(38, 0.06400829999999999)	(39, 0.0)	(40, 0.016431599999999998)	(41, 0.10181599999999999)	(42, 0.0)	(43, 0.0)	(44, 0.018074)	(45, 0.0037932200000000004)	(46, 0.000503138)	(47, 0.0)	(48, 0.00264093)	(49, 0.0)	(50, 0.0)	(51, 0.0)	(52, 0.0359234)	(53, 0.0)	(54, 0.0)	(55, 4.457860000000001e-06)	(56, 0.0398502)	(57, 0.0)	(58, 0.0)	(59, 0.0)	(60, 0.0)	(61, 0.0499294)	(62, 0.0)	(63, 1.78591e-05)	(64, 0.0)	(65, 0.0)	(66, 0.00171998)	(67, 0.0)	(68, 0.0359019)	(69, 0.07284289999999999)	(70, 7.601199999999999e-05)	(71, 7.15577e-05)	(72, 0.000697858)	(73, 0.0)	(74, 0.0177553)	(75, 0.0185836)	(76, 0.047838200000000004)	(77, 0.0)	(78, 0.0322743)	(79, 0.0399357)	(80, 0.0)	(81, 0.0)	(82, 4.48463e-06)	(83, 0.0)	(84, 0.0158217)	(85, 0.0332684)	(86, 0.0437527)	(87, 0.0)	(88, 0.032806699999999994)	(89, 0.000516739)	(90, 0.000206753)	(91, 0.0)	(92, 0.0028872100000000003)	(93, 0.00011696500000000002)	(94, 0.0666735)	(95, 0.0662626)	(96, 0.0)	(97, 0.0176484)	(98, 0.0)	(99, 0.0)	(100, 0.0)	(101, 0.0)	(102, 0.0)	(103, 0.0308572)	(104, 0.0)	(105, 0.0)	(106, 0.0)	(107, 0.0)	(108, 0.00100836)	(109, 0.00151991)	(110, 0.0438635)	(111, 0.0323907)	(112, 0.0)	(113, 0.0)	(114, 0.0)	(115, 0.0634397)	(116, 0.0)	(117, 4.53894e-06)	(118, 0.0)	(119, 0.07827300000000001)	(120, 0.0)	(121, 0.00112333)	(122, 9.100580000000001e-06)	(123, 0.0)	(124, 0.0)	(125, 0.0007110300000000001)	(126, 0.0701792)	(127, 0.0)	(128, 0.00048402699999999994)	(129, 0.0)	(130, 0.0)	(131, 0.0)	(132, 5.0351699999999994e-05)	(133, 0.0)	(134, 0.0)	(135, 0.0)	(136, 0.0)	(137, 0.0)	(138, 0.000248221)	(139, 0.0)	(140, 0.0651818)	(141, 0.0)	(142, 0.0514542)	(143, 0.035848500000000005)	(144, 0.0)	(145, 0.0)	(146, 0.000120454)	(147, 0.0)	(148, 0.0)	(149, 0.0221639)	(150, 0.0)
GW_P1	(1, 0.0)	(2, 0.129703)	(3, 0.00044754399999999997)	(4, 0.0278608)	(5, 0.0314929)	(6, 0.0387337)	(7, 0.0447544)	(8, 0.0)	(9, 0.0201536)	(10, 0.0444764)	(11, 0.0199275)	(12, 0.10929)	(13, 0.00653414)	(14, 0.0537571)	(15, 0.141094)	(16, 0.00243558)	(17, 0.0217695)	(18, 0.0407453)	(19, 0.00410327)	(20, 0.0)	(21, 0.0)	(22, 0.0)	(23, 0.045527000000000005)	(24, 0.0)	(25, 0.10692099999999999)	(26, 0.0)	(27, 0.000117775)	(28, 0.0389928)	(29, 0.0)	(30, 0.031389299999999995)	(31, 0.0678288)	(32, 0.0313621)	(33, 0.0497841)	(34, 0.09251809999999999)	(35, 0.0152748)	(36, 0.0)	(37, 0.0519902)	(38, 0.0595637)	(39, 9.42414e-06)	(40, 0.0198525)	(41, 0.0966925)	(42, 9.42498e-05)	(43, 0.0141243)	(44, 0.0173585)	(45, 0.0123681)	(46, 0.022833700000000002)	(47, 6.59984e-05)	(48, 0.00231956)	(49, 6.12944e-05)	(50, 9.43067e-05)	(51, 0.00862508)	(52, 0.047119)	(53, 0.00884361)	(54, 0.0180567)	(55, 0.0189877)	(56, 0.036808799999999996)	(57, 0.0)	(58, 4.71885e-05)	(59, 0.0265702)	(60, 0.00852896)	(61, 0.0479516)	(62, 0.00848393)	(63, 9.4435e-06)	(64, 0.0)	(65, 0.0)	(66, 0.0103204)	(67, 5.66861e-05)	(68, 0.033217)	(69, 0.0759818)	(70, 0.0136048)	(71, 0.00505697)	(72, 0.000647571)	(73, 0.00355978)	(74, 0.0162458)	(75, 0.0164608)	(76, 0.044209899999999996)	(77, 0.0)	(78, 0.0310652)	(79, 0.0421259)	(80, 0.00448575)	(81, 0.0)	(82, 4.73313e-06)	(83, 0.0)	(84, 0.0149374)	(85, 0.0320148)	(86, 0.040814500000000004)	(87, 0.0)	(88, 0.0312431)	(89, 0.00049276)	(90, 0.00018955300000000002)	(91, 0.0)	(92, 0.00260717)	(93, 0.00013275100000000002)	(94, 0.063461)	(95, 0.0608392)	(96, 0.0)	(97, 0.016714)	(98, 0.000251487)	(99, 0.007868630000000001)	(100, 0.0)	(101, 0.0)	(102, 0.0)	(103, 0.029548699999999997)	(104, 0.0)	(105, 0.0)	(106, 0.0050608400000000005)	(107, 0.0)	(108, 0.0009840559999999999)	(109, 0.00145974)	(110, 0.039487799999999997)	(111, 0.030610400000000003)	(112, 0.0)	(113, 0.0)	(114, 0.013418800000000002)	(115, 0.0613216)	(116, 0.0)	(117, 0.00444468)	(118, 0.0)	(119, 0.07699990000000001)	(120, 0.0)	(121, 0.024059)	(122, 0.0232597)	(123, 0.000186093)	(124, 3.81846e-05)	(125, 0.0007209709999999999)	(126, 0.0663811)	(127, 0.004462659999999999)	(128, 0.000339358)	(129, 0.0)	(130, 4.783e-06)	(131, 9.09093e-05)	(132, 5.743729999999999e-05)	(133, 3.83057e-05)	(134, 0.0005173280000000001)	(135, 0.00392945)	(136, 0.00813553)	(137, 0.008613899999999999)	(138, 0.0140015)	(139, 4.80056e-06)	(140, 0.06151089999999999)	(141, 6.24695e-05)	(142, 0.0491871)	(143, 0.0330351)	(144, 0.0)	(145, 0.0)	(146, 0.00457279)	(147, 0.0)	(148, 9.65886e-06)	(149, 0.0205718)	(150, 0.0)
GW_P2	(1, 0.0)	(2, 0.126801)	(3, 0.000499348)	(4, 0.0303)	(5, 0.0309454)	(6, 0.0393967)	(7, 0.0426801)	(8, 4.710829999999999e-06)	(9, 0.0233987)	(10, 0.0449413)	(11, 0.0215803)	(12, 0.107176)	(13, 0.00657161)	(14, 0.05233259999999999)	(15, 0.134951)	(16, 0.00255327)	(17, 0.0228334)	(18, 0.039528600000000004)	(19, 0.00417379)	(20, 0.0)	(21, 0.0)	(22, 0.0)	(23, 0.0468351)	(24, 0.0)	(25, 0.10463200000000002)	(26, 0.0)	(27, 0.000122482)	(28, 0.041285699999999995)	(29, 0.0)	(30, 0.0309125)	(31, 0.0688158)	(32, 0.0305696)	(33, 0.0542345)	(34, 0.0902914)	(35, 0.0167302)	(36, 0.0)	(37, 0.04941639999999999)	(38, 0.0587566)	(39, 4.711979999999999e-06)	(40, 0.0200595)	(41, 0.0925491)	(42, 0.000160223)	(43, 0.015457799999999999)	(44, 0.0167126)	(45, 0.012924099999999999)	(46, 0.0241296)	(47, 0.000108424)	(48, 0.0022016699999999998)	(49, 7.07229e-05)	(50, 7.07286e-05)	(51, 0.00925684)	(52, 0.0479581)	(53, 0.0101029)	(54, 0.0199057)	(55, 0.0210774)	(56, 0.0359026)	(57, 0.0)	(58, 6.13445e-05)	(59, 0.028651399999999997)	(60, 0.009019890000000001)	(61, 0.0454077)	(62, 0.008951490000000001)	(63, 4.72187e-06)	(64, 0.0)	(65, 0.0)	(66, 0.0110576)	(67, 7.55842e-05)	(68, 0.0332514)	(69, 0.07609389999999999)	(70, 0.015297299999999998)	(71, 0.005312529999999999)	(72, 0.000609797)	(73, 0.00412736)	(74, 0.0164456)	(75, 0.0168262)	(76, 0.0434948)	(77, 0.0)	(78, 0.030264000000000003)	(79, 0.0409378)	(80, 0.00462345)	(81, 0.0)	(82, 0.0)	(83, 0.0)	(84, 0.014106)	(85, 0.0307976)	(86, 0.0394662)	(87, 0.0)	(88, 0.0303952)	(89, 0.000369631)	(90, 0.000170626)	(91, 0.0)	(92, 0.00230895)	(93, 0.00016122800000000002)	(94, 0.06161899999999999)	(95, 0.060567499999999996)	(96, 0.0)	(97, 0.0166419)	(98, 0.000265785)	(99, 0.00883896)	(100, 0.0)	(101, 0.0)	(102, 0.0)	(103, 0.0288643)	(104, 0.0)	(105, 4.75258e-06)	(106, 0.0054049)	(107, 0.0)	(108, 0.000856035)	(109, 0.0013319)	(110, 0.0385817)	(111, 0.0297055)	(112, 0.0)	(113, 4.7613e-06)	(114, 0.014721)	(115, 0.058852600000000005)	(116, 4.76517e-06)	(117, 0.00502389)	(118, 0.0)	(119, 0.0750052)	(120, 0.0)	(121, 0.026794500000000002)	(122, 0.0255716)	(123, 0.0002865)	(124, 7.16493e-05)	(125, 0.000511286)	(126, 0.065125)	(127, 0.0048155)	(128, 0.000401843)	(129, 0.0)	(130, 4.78754e-06)	(131, 0.00017241900000000002)	(132, 3.35389e-05)	(133, 7.18985e-05)	(134, 0.000695319)	(135, 0.0045623700000000005)	(136, 0.00909069)	(137, 0.00964241)	(138, 0.014816499999999998)	(139, 4.80673e-06)	(140, 0.059231400000000003)	(141, 8.66164e-05)	(142, 0.0476257)	(143, 0.032742)	(144, 0.0)	(145, 0.0)	(146, 0.0049235)	(147, 0.0)	(148, 1.9353000000000003e-05)	(149, 0.0204895)	(150, 0.0)
GW_P3	(1, 0.0)	(2, 0.131135)	(3, 0.0)	(4, 0.0050067)	(5, 0.0311672)	(6, 0.0282536)	(7, 0.048135000000000004)	(8, 0.0)	(9, 0.0)	(10, 0.04036)	(11, 0.0)	(12, 0.10665200000000001)	(13, 0.0074477300000000005)	(14, 0.0545907)	(15, 0.142426)	(16, 0.00275265)	(17, 0.0)	(18, 0.0453304)	(19, 0.0)	(20, 0.0)	(21, 0.0)	(22, 0.0)	(23, 0.0417)	(24, 0.0)	(25, 0.102487)	(26, 0.0)	(27, 0.000135036)	(28, 0.0185778)	(29, 0.0)	(30, 0.030881600000000002)	(31, 0.047652)	(32, 0.0345911)	(33, 0.00780142)	(34, 0.0922433)	(35, 0.0)	(36, 0.0)	(37, 0.0571979)	(38, 0.0683579)	(39, 0.0)	(40, 0.0176321)	(41, 0.10416500000000001)	(42, 0.0)	(43, 0.0)	(44, 0.0187997)	(45, 0.00343489)	(46, 0.000556066)	(47, 0.0)	(48, 0.0027963700000000003)	(49, 0.0)	(50, 0.0)	(51, 0.0)	(52, 0.0370064)	(53, 0.0)	(54, 0.0)	(55, 3.64096e-05)	(56, 0.0415843)	(57, 0.0)	(58, 0.0)	(59, 0.0)	(60, 0.0)	(61, 0.0508242)	(62, 0.0)	(63, 1.04153e-05)	(64, 0.0)	(65, 0.0)	(66, 0.00189645)	(67, 0.0)	(68, 0.0366226)	(69, 0.0735921)	(70, 5.21361e-05)	(71, 5.2147e-05)	(72, 0.0007302130000000001)	(73, 0.0)	(74, 0.0183048)	(75, 0.0194098)	(76, 0.0480777)	(77, 0.0)	(78, 0.0343775)	(79, 0.0416449)	(80, 0.0)	(81, 0.0)	(82, 0.0)	(83, 0.0)	(84, 0.015803400000000002)	(85, 0.0342095)	(86, 0.045038800000000004)	(87, 0.0)	(88, 0.0344291)	(89, 0.00046077199999999997)	(90, 0.000272342)	(91, 0.0)	(92, 0.0025729)	(93, 0.000167734)	(94, 0.0709464)	(95, 0.06929450000000001)	(96, 0.0)	(97, 0.0185519)	(98, 0.0)	(99, 0.0)	(100, 0.0)	(101, 0.0)	(102, 0.0)	(103, 0.034182199999999996)	(104, 0.0)	(105, 0.0)	(106, 0.0)	(107, 0.0)	(108, 0.00109051)	(109, 0.00171283)	(110, 0.0427745)	(111, 0.035074900000000006)	(112, 0.0)	(113, 0.0)	(114, 0.0)	(115, 0.06853379999999999)	(116, 0.0)	(117, 5.28938e-06)	(118, 0.0)	(119, 0.0806733)	(120, 0.0)	(121, 0.00125097)	(122, 0.0)	(123, 0.0)	(124, 0.0)	(125, 0.000605767)	(126, 0.0722707)	(127, 0.0)	(128, 0.000441991)	(129, 0.0)	(130, 5.33265e-06)	(131, 0.0)	(132, 3.7382e-05)	(133, 0.0)	(134, 0.0)	(135, 0.0)	(136, 0.0)	(137, 0.0)	(138, 0.000327383)	(139, 0.0)	(140, 0.0671847)	(141, 0.0)	(142, 0.054614699999999995)	(143, 0.036705800000000004)	(144, 0.0)	(145, 0.0)	(146, 0.00016791900000000002)	(147, 0.0)	(148, 0.0)	(149, 0.021744700000000002)	(150, 0.0)
SFZ_Mock1	(1, 0.0)	(2, 0.134147)	(3, 0.0)	(4, 0.005328520000000001)	(5, 0.029309099999999998)	(6, 0.0271499)	(7, 0.04617)	(8, 0.0)	(9, 0.0)	(10, 0.042569800000000005)	(11, 0.0)	(12, 0.10154700000000001)	(13, 0.007981559999999999)	(14, 0.0516332)	(15, 0.137711)	(16, 0.00278771)	(17, 0.0)	(18, 0.0429738)	(19, 0.0)	(20, 0.0)	(21, 0.0)	(22, 0.0)	(23, 0.0425474)	(24, 0.0)	(25, 0.0979649)	(26, 0.0)	(27, 0.000125694)	(28, 0.0181538)	(29, 0.0)	(30, 0.029394399999999998)	(31, 0.044141)	(32, 0.0328973)	(33, 0.00800464)	(34, 0.0910353)	(35, 0.0)	(36, 0.0)	(37, 0.0560217)	(38, 0.0636028)	(39, 0.0)	(40, 0.016974)	(41, 0.10324900000000001)	(42, 0.0)	(43, 0.0)	(44, 0.018361699999999998)	(45, 0.0038092)	(46, 0.00049416)	(47, 0.0)	(48, 0.00284875)	(49, 0.0)	(50, 0.0)	(51, 0.0)	(52, 0.0353937)	(53, 0.0)	(54, 0.0)	(55, 2.24875e-05)	(56, 0.0391605)	(57, 0.0)	(58, 0.0)	(59, 0.0)	(60, 0.0)	(61, 0.050943600000000006)	(62, 0.0)	(63, 3.15299e-05)	(64, 0.0)	(65, 0.0)	(66, 0.00200558)	(67, 0.0)	(68, 0.0354113)	(69, 0.07089140000000001)	(70, 9.02127e-05)	(71, 4.96284e-05)	(72, 0.000861943)	(73, 0.0)	(74, 0.0178029)	(75, 0.017942800000000002)	(76, 0.045367)	(77, 0.0)	(78, 0.0336325)	(79, 0.0396797)	(80, 0.0)	(81, 0.0)	(82, 0.0)	(83, 0.0)	(84, 0.0151676)	(85, 0.0334678)	(86, 0.042190899999999996)	(87, 0.0)	(88, 0.0340253)	(89, 0.00059828)	(90, 0.00021307999999999999)	(91, 0.0)	(92, 0.00298933)	(93, 0.000181502)	(94, 0.0677839)	(95, 0.0656077)	(96, 0.0)	(97, 0.0173501)	(98, 0.0)	(99, 0.0)	(100, 0.0)	(101, 0.0)	(102, 0.0)	(103, 0.0313657)	(104, 0.0)	(105, 0.0)	(106, 0.0)	(107, 0.0)	(108, 0.00102145)	(109, 0.0017881899999999998)	(110, 0.042316)	(111, 0.0317131)	(112, 0.0)	(113, 0.0)	(114, 0.0)	(115, 0.0642168)	(116, 0.0)	(117, 4.57668e-06)	(118, 0.0)	(119, 0.0761305)	(120, 0.0)	(121, 0.00129308)	(122, 4.58775e-06)	(123, 0.0)	(124, 0.0)	(125, 0.0007903560000000001)	(126, 0.0694224)	(127, 0.0)	(128, 0.00048335600000000005)	(129, 0.0)	(130, 3.22612e-05)	(131, 0.0)	(132, 5.5371700000000004e-05)	(133, 0.0)	(134, 0.0)	(135, 0.0)	(136, 0.0)	(137, 0.0)	(138, 0.00036603)	(139, 0.0)	(140, 0.0639085)	(141, 0.0)	(142, 0.0522511)	(143, 0.034953000000000005)	(144, 0.0)	(145, 0.0)	(146, 0.000149395)	(147, 0.0)	(148, 0.0)	(149, 0.0206433)	(150, 0.0)
SFZ_Mock2	(1, 0.0)	(2, 0.136928)	(3, 0.0)	(4, 0.00548892)	(5, 0.025214200000000003)	(6, 0.023801700000000002)	(7, 0.0408183)	(8, 0.0)	(9, 0.0)	(10, 0.0476436)	(11, 0.0)	(12, 0.0911214)	(13, 0.00893961)	(14, 0.0442421)	(15, 0.123639)	(16, 0.00301712)	(17, 0.0)	(18, 0.0364423)	(19, 0.0)	(20, 0.0)	(21, 0.0)	(22, 0.0)	(23, 0.0482068)	(24, 0.0)	(25, 0.0858471)	(26, 0.0)	(27, 0.000102805)	(28, 0.0157918)	(29, 0.0)	(30, 0.025384000000000004)	(31, 0.036594299999999996)	(32, 0.0292472)	(33, 0.00909683)	(34, 0.0847266)	(35, 0.0)	(36, 0.0)	(37, 0.0471268)	(38, 0.0536873)	(39, 0.0)	(40, 0.0148045)	(41, 0.08888499999999999)	(42, 0.0)	(43, 0.0)	(44, 0.0162038)	(45, 0.00395848)	(46, 0.000545736)	(47, 0.0)	(48, 0.0029305399999999997)	(49, 0.0)	(50, 0.0)	(51, 0.0)	(52, 0.0301339)	(53, 0.0)	(54, 0.0)	(55, 2.68677e-05)	(56, 0.0336291)	(57, 0.0)	(58, 0.0)	(59, 0.0)	(60, 0.0)	(61, 0.0439975)	(62, 0.0)	(63, 2.6903599999999998e-05)	(64, 0.0)	(65, 0.0)	(66, 0.0018976700000000002)	(67, 0.0)	(68, 0.030059)	(69, 0.0621171)	(70, 9.87667e-05)	(71, 7.18441e-05)	(72, 0.000754522)	(73, 0.0)	(74, 0.0151597)	(75, 0.0153649)	(76, 0.0400401)	(77, 0.0)	(78, 0.0292317)	(79, 0.034912700000000005)	(80, 0.0)	(81, 0.0)	(82, 0.0)	(83, 0.0)	(84, 0.013222200000000002)	(85, 0.0289401)	(86, 0.038986)	(87, 0.0)	(88, 0.0291703)	(89, 0.000549812)	(90, 0.00018030299999999998)	(91, 0.0)	(92, 0.00290412)	(93, 0.000148847)	(94, 0.05728280000000001)	(95, 0.056970999999999994)	(96, 0.0)	(97, 0.0146904)	(98, 0.0)	(99, 0.0)	(100, 0.0)	(101, 0.0)	(102, 0.0)	(103, 0.0273141)	(104, 0.0)	(105, 0.0)	(106, 0.0)	(107, 0.0)	(108, 0.00120856)	(109, 0.0016887900000000001)	(110, 0.0376154)	(111, 0.027831299999999996)	(112, 0.0)	(113, 0.0)	(114, 0.0)	(115, 0.0561091)	(116, 0.0)	(117, 4.53752e-06)	(118, 0.0)	(119, 0.0664686)	(120, 0.0)	(121, 0.00148555)	(122, 0.0)	(123, 0.0)	(124, 0.0)	(125, 0.000723323)	(126, 0.059693699999999995)	(127, 0.0)	(128, 0.000455419)	(129, 0.0)	(130, 2.27876e-05)	(131, 0.0)	(132, 3.19263e-05)	(133, 0.0)	(134, 0.0)	(135, 0.0)	(136, 0.0)	(137, 0.0)	(138, 0.000310907)	(139, 0.0)	(140, 0.056952)	(141, 0.0)	(142, 0.045297399999999995)	(143, 0.0307222)	(144, 0.0)	(145, 0.0)	(146, 0.000101076)	(147, 0.0)	(148, 0.0)	(149, 0.019199)	(150, 0.0)
SFZ_Mock3	(1, 0.0)	(2, 0.136975)	(3, 0.0)	(4, 0.00591594)	(5, 0.0223033)	(6, 0.0204732)	(7, 0.0359959)	(8, 0.0)	(9, 0.0)	(10, 0.0516723)	(11, 0.0)	(12, 0.08130910000000001)	(13, 0.009742869999999999)	(14, 0.0390417)	(15, 0.107193)	(16, 0.00353289)	(17, 0.0)	(18, 0.032801)	(19, 0.0)	(20, 0.0)	(21, 0.0)	(22, 0.0)	(23, 0.0507463)	(24, 0.0)	(25, 0.0733612)	(26, 0.0)	(27, 8.338490000000001e-05)	(28, 0.0141491)	(29, 0.0)	(30, 0.0226017)	(31, 0.033590999999999996)	(32, 0.026109300000000002)	(33, 0.00907645)	(34, 0.077991)	(35, 0.0)	(36, 0.0)	(37, 0.0419381)	(38, 0.0484625)	(39, 0.0)	(40, 0.0132359)	(41, 0.07892679999999999)	(42, 0.0)	(43, 0.0)	(44, 0.0140163)	(45, 0.0047252)	(46, 0.000544586)	(47, 0.0)	(48, 0.00315832)	(49, 0.0)	(50, 0.0)	(51, 0.0)	(52, 0.027158)	(53, 0.0)	(54, 0.0)	(55, 2.6376399999999997e-05)	(56, 0.0299671)	(57, 0.0)	(58, 0.0)	(59, 0.0)	(60, 0.0)	(61, 0.0375791)	(62, 0.0)	(63, 3.0809299999999997e-05)	(64, 0.0)	(65, 0.0)	(66, 0.00210918)	(67, 0.0)	(68, 0.027251499999999998)	(69, 0.0548113)	(70, 8.37157e-05)	(71, 6.16961e-05)	(72, 0.0008947580000000001)	(73, 0.0)	(74, 0.013285400000000001)	(75, 0.013305399999999998)	(76, 0.0339331)	(77, 0.0)	(78, 0.025711)	(79, 0.031342300000000003)	(80, 0.0)	(81, 0.0)	(82, 0.0)	(83, 0.0)	(84, 0.0115647)	(85, 0.024115)	(86, 0.034182199999999996)	(87, 0.0)	(88, 0.0267066)	(89, 0.000649996)	(90, 0.000212284)	(91, 0.0)	(92, 0.00357932)	(93, 0.000177013)	(94, 0.0512028)	(95, 0.0498683)	(96, 0.0)	(97, 0.0135133)	(98, 0.0)	(99, 0.0)	(100, 0.0)	(101, 0.0)	(102, 0.0)	(103, 0.0235722)	(104, 0.0)	(105, 0.0)	(106, 0.0)	(107, 0.0)	(108, 0.00123894)	(109, 0.0017678099999999999)	(110, 0.0334104)	(111, 0.0244019)	(112, 0.0)	(113, 0.0)	(114, 0.0)	(115, 0.049148300000000006)	(116, 0.0)	(117, 0.0)	(118, 0.0)	(119, 0.0606891)	(120, 0.0)	(121, 0.00148433)	(122, 4.45895e-06)	(123, 0.0)	(124, 0.0)	(125, 0.0008659720000000001)	(126, 0.052496400000000006)	(127, 0.0)	(128, 0.00047819800000000005)	(129, 0.0)	(130, 4.4726900000000005e-06)	(131, 0.0)	(132, 5.37156e-05)	(133, 0.0)	(134, 0.0)	(135, 0.0)	(136, 0.0)	(137, 0.0)	(138, 0.00035910200000000003)	(139, 0.0)	(140, 0.0504116)	(141, 0.0)	(142, 0.040178000000000005)	(143, 0.027808100000000002)	(144, 0.0)	(145, 0.0)	(146, 0.000144423)	(147, 0.0)	(148, 0.0)	(149, 0.0162654)	(150, 0.0)
SFZ_P1	(1, 0.0)	(2, 0.136326)	(3, 0.0)	(4, 0.00584468)	(5, 0.024763200000000003)	(6, 0.0223279)	(7, 0.038942000000000004)	(8, 0.0)	(9, 0.0)	(10, 0.049043899999999994)	(11, 0.0)	(12, 0.08637589999999999)	(13, 0.00864526)	(14, 0.0416434)	(15, 0.116289)	(16, 0.0034184199999999997)	(17, 0.0)	(18, 0.0355371)	(19, 0.0)	(20, 0.0)	(21, 0.0)	(22, 0.0)	(23, 0.0479029)	(24, 0.0)	(25, 0.0799495)	(26, 0.0)	(27, 9.47055e-05)	(28, 0.0147019)	(29, 0.0)	(30, 0.0240642)	(31, 0.0358393)	(32, 0.0269518)	(33, 0.008839979999999999)	(34, 0.0838164)	(35, 0.0)	(36, 0.0)	(37, 0.045266600000000004)	(38, 0.051948999999999995)	(39, 0.0)	(40, 0.0135747)	(41, 0.0850924)	(42, 0.0)	(43, 0.0)	(44, 0.0148548)	(45, 0.0041201300000000005)	(46, 0.0005235179999999999)	(47, 0.0)	(48, 0.00317777)	(49, 0.0)	(50, 0.0)	(51, 0.0)	(52, 0.0298584)	(53, 0.0)	(54, 0.0)	(55, 2.2587e-05)	(56, 0.032840799999999996)	(57, 0.0)	(58, 0.0)	(59, 0.0)	(60, 0.0)	(61, 0.0403484)	(62, 0.0)	(63, 1.3568599999999999e-05)	(64, 0.0)	(65, 0.0)	(66, 0.00216292)	(67, 0.0)	(68, 0.0301541)	(69, 0.0607749)	(70, 9.961070000000001e-05)	(71, 7.69857e-05)	(72, 0.0007971780000000001)	(73, 0.0)	(74, 0.0154014)	(75, 0.0151141)	(76, 0.037391)	(77, 0.0)	(78, 0.0273418)	(79, 0.0336004)	(80, 0.0)	(81, 0.0)	(82, 0.0)	(83, 0.0)	(84, 0.0131054)	(85, 0.0276828)	(86, 0.0361131)	(87, 0.0)	(88, 0.0269591)	(89, 0.000604361)	(90, 0.00021815900000000002)	(91, 0.0)	(92, 0.0031282299999999996)	(93, 0.000186462)	(94, 0.0558007)	(95, 0.054352700000000004)	(96, 0.0)	(97, 0.0148937)	(98, 0.0)	(99, 0.0)	(100, 0.0)	(101, 0.0)	(102, 0.0)	(103, 0.0252693)	(104, 0.0)	(105, 0.0)	(106, 0.0)	(107, 0.0)	(108, 0.00131439)	(109, 0.0018625199999999999)	(110, 0.0361184)	(111, 0.026732699999999998)	(112, 0.0)	(113, 0.0)	(114, 0.0)	(115, 0.053210499999999994)	(116, 0.0)	(117, 0.0)	(118, 0.0)	(119, 0.063984)	(120, 0.0)	(121, 0.00156212)	(122, 4.58252e-06)	(123, 0.0)	(124, 0.0)	(125, 0.000807352)	(126, 0.0583669)	(127, 0.0)	(128, 0.000482207)	(129, 0.0)	(130, 1.37878e-05)	(131, 0.0)	(132, 6.43914e-05)	(133, 0.0)	(134, 0.0)	(135, 0.0)	(136, 0.0)	(137, 0.0)	(138, 0.00040580099999999996)	(139, 0.0)	(140, 0.0531883)	(141, 0.0)	(142, 0.0425312)	(143, 0.0294334)	(144, 0.0)	(145, 0.0)	(146, 0.000139071)	(147, 0.0)	(148, 0.0)	(149, 0.0190582)	(150, 0.0)
SFZ_P2	(1, 0.0)	(2, 0.135859)	(3, 0.0)	(4, 0.00604508)	(5, 0.024658999999999997)	(6, 0.0223322)	(7, 0.0407201)	(8, 0.0)	(9, 0.0)	(10, 0.0473723)	(11, 0.0)	(12, 0.08659)	(13, 0.00897455)	(14, 0.0424352)	(15, 0.120516)	(16, 0.0030978800000000003)	(17, 0.0)	(18, 0.0360976)	(19, 0.0)	(20, 0.0)	(21, 0.0)	(22, 0.0)	(23, 0.0480681)	(24, 0.0)	(25, 0.08466660000000001)	(26, 0.0)	(27, 0.000150684)	(28, 0.0154451)	(29, 0.0)	(30, 0.0241936)	(31, 0.036181899999999996)	(32, 0.0297351)	(33, 0.008545520000000001)	(34, 0.0832916)	(35, 0.0)	(36, 0.0)	(37, 0.0466668)	(38, 0.053380500000000004)	(39, 0.0)	(40, 0.014098900000000001)	(41, 0.0863749)	(42, 0.0)	(43, 0.0)	(44, 0.0159428)	(45, 0.00416452)	(46, 0.0004967659999999999)	(47, 0.0)	(48, 0.00306105)	(49, 0.0)	(50, 0.0)	(51, 0.0)	(52, 0.029716299999999998)	(53, 0.0)	(54, 0.0)	(55, 2.22024e-05)	(56, 0.0332062)	(57, 0.0)	(58, 0.0)	(59, 0.0)	(60, 0.0)	(61, 0.0424486)	(62, 0.0)	(63, 2.6683800000000004e-05)	(64, 0.0)	(65, 0.0)	(66, 0.00210925)	(67, 0.0)	(68, 0.0312591)	(69, 0.06228619999999999)	(70, 8.90696e-05)	(71, 4.9e-05)	(72, 0.000940141)	(73, 0.0)	(74, 0.0147825)	(75, 0.0156957)	(76, 0.041000999999999996)	(77, 0.0)	(78, 0.0276555)	(79, 0.0337092)	(80, 0.0)	(81, 0.0)	(82, 0.0)	(83, 0.0)	(84, 0.0132681)	(85, 0.028268899999999996)	(86, 0.0368441)	(87, 0.0)	(88, 0.0282295)	(89, 0.000478817)	(90, 0.00016114)	(91, 0.0)	(92, 0.00319322)	(93, 0.00024191599999999998)	(94, 0.057866799999999996)	(95, 0.05639179999999999)	(96, 0.0)	(97, 0.0148422)	(98, 0.0)	(99, 0.0)	(100, 0.0)	(101, 0.0)	(102, 0.0)	(103, 0.026592599999999997)	(104, 0.0)	(105, 0.0)	(106, 0.0)	(107, 0.0)	(108, 0.00133244)	(109, 0.00182823)	(110, 0.0362219)	(111, 0.0267534)	(112, 0.0)	(113, 0.0)	(114, 0.0)	(115, 0.0542853)	(116, 0.0)	(117, 9.034130000000001e-06)	(118, 0.0)	(119, 0.0659245)	(120, 0.0)	(121, 0.0015384799999999998)	(122, 9.05403e-06)	(123, 0.0)	(124, 0.0)	(125, 0.000761666)	(126, 0.0589335)	(127, 0.0)	(128, 0.00053584)	(129, 0.0)	(130, 1.36376e-05)	(131, 0.0)	(132, 7.28119e-05)	(133, 0.0)	(134, 0.0)	(135, 0.0)	(136, 0.0)	(137, 0.0)	(138, 0.000420199)	(139, 0.0)	(140, 0.0564003)	(141, 0.0)	(142, 0.0442598)	(143, 0.030574399999999998)	(144, 0.0)	(145, 0.0)	(146, 9.19786e-05)	(147, 0.0)	(148, 0.0)	(149, 0.0186989)	(150, 0.0)
SFZ_P3	(1, 0.0)	(2, 0.129921)	(3, 0.000577897)	(4, 0.0396593)	(5, 0.026941)	(6, 0.039196100000000005)	(7, 0.0351004)	(8, 0.0)	(9, 0.030518500000000004)	(10, 0.0497863)	(11, 0.0295095)	(12, 0.0954815)	(13, 0.00732003)	(14, 0.0442046)	(15, 0.11711600000000001)	(16, 0.00246753)	(17, 0.0321054)	(18, 0.0317843)	(19, 0.00608168)	(20, 0.0)	(21, 0.0)	(22, 0.0)	(23, 0.052735399999999995)	(24, 4.58649e-06)	(25, 0.0904363)	(26, 0.0)	(27, 0.00011466200000000001)	(28, 0.0481948)	(29, 0.0)	(30, 0.027110699999999998)	(31, 0.07366360000000001)	(32, 0.0245847)	(33, 0.07241310000000001)	(34, 0.0823555)	(35, 0.0229268)	(36, 0.0)	(37, 0.0409205)	(38, 0.0482024)	(39, 0.0)	(40, 0.019398000000000002)	(41, 0.07764990000000001)	(42, 0.000197299)	(43, 0.0210253)	(44, 0.013684400000000001)	(45, 0.0167097)	(46, 0.03445)	(47, 0.000137701)	(48, 0.0023916099999999997)	(49, 7.8044e-05)	(50, 7.80516e-05)	(51, 0.012875300000000001)	(52, 0.0465472)	(53, 0.013613000000000002)	(54, 0.026834)	(55, 0.0291751)	(56, 0.029215099999999997)	(57, 0.0)	(58, 7.81222e-05)	(59, 0.0410432)	(60, 0.013257300000000001)	(61, 0.0376174)	(62, 0.0131926)	(63, 9.19806e-06)	(64, 0.0)	(65, 0.0)	(66, 0.014948500000000002)	(67, 9.20316e-05)	(68, 0.025859899999999998)	(69, 0.066931)	(70, 0.0211445)	(71, 0.007426940000000001)	(72, 0.000672363)	(73, 0.00537523)	(74, 0.0126366)	(75, 0.013449800000000001)	(76, 0.0349136)	(77, 0.0)	(78, 0.0244601)	(79, 0.0378581)	(80, 0.007009359999999999)	(81, 0.0)	(82, 0.0)	(83, 0.0)	(84, 0.0116478)	(85, 0.0249433)	(86, 0.032704199999999996)	(87, 0.0)	(88, 0.0248005)	(89, 0.000392631)	(90, 0.00021714200000000003)	(91, 0.0)	(92, 0.0025188899999999998)	(93, 0.00017566400000000002)	(94, 0.0499405)	(95, 0.0493958)	(96, 0.0)	(97, 0.0133476)	(98, 0.000286903)	(99, 0.012163499999999999)	(100, 0.0)	(101, 0.0)	(102, 0.0)	(103, 0.0240787)	(104, 0.0)	(105, 9.26911e-06)	(106, 0.0072965899999999995)	(107, 0.0)	(108, 0.0010018)	(109, 0.00141492)	(110, 0.032509500000000004)	(111, 0.0239866)	(112, 0.0)	(113, 0.0)	(114, 0.0215669)	(115, 0.0473233)	(116, 4.64768e-06)	(117, 0.0069549500000000005)	(118, 0.0)	(119, 0.0656914)	(120, 0.0)	(121, 0.036910000000000005)	(122, 0.0370847)	(123, 0.000330676)	(124, 6.988320000000001e-05)	(125, 0.000559261)	(126, 0.052016)	(127, 0.00705177)	(128, 0.000433895)	(129, 0.0)	(130, 4.66892e-06)	(131, 0.00022419)	(132, 1.86893e-05)	(133, 7.47859e-05)	(134, 0.0009351920000000001)	(135, 0.0058988)	(136, 0.0118026)	(137, 0.0134556)	(138, 0.0212602)	(139, 0.0)	(140, 0.0482083)	(141, 0.000131333)	(142, 0.0395768)	(143, 0.0262704)	(144, 0.0)	(145, 0.0)	(146, 0.00676476)	(147, 0.0)	(148, 4.71275e-06)	(149, 0.0166782)	(150, 0.0)
