Sample	0	1	2	3	4	5	6	7	8	9	10	11	12	13	14	15	16	17	18	19	20	21	22	23	24	25	26	27	28	29	30	31	32	33	34	35	36	37	38	39	40	41	42	43	44	45	46	47	48	49	50	51	52	53	54	55	56	57	58	59	60	61	62	63	64	65	66	67	68	69	70	71	72	73	74	75	76	77	78	79	80	81	82	83	84	85	86	87	88	89	90	91	92	93	94	95	96	97	98	99	100	101	102	103	104	105	106	107	108	109	110	111	112	113	114	115	116	117	118	119	120	121	122	123	124	125	126	127	128	129	130	131	132	133	134	135	136	137	138	139	140	141	142	143	144	145	146	147	148	149
GW_Mock1	(1, 0.208501)	(2, 0.13986300000000002)	(3, 0.0)	(4, 0.00159883)	(5, 0.129673)	(6, 0.0348573)	(7, 0.0342094)	(8, 3.26292e-05)	(9, 0.08285490000000001)	(10, 0.0355146)	(11, 0.036707899999999995)	(12, 0.0587279)	(13, 0.0190601)	(14, 0.00575207)	(15, 0.0)	(16, 0.00011187199999999999)	(17, 0.0325779)	(18, 0.0)	(19, 0.0009555700000000001)	(20, 0.00433503)	(21, 1.3983999999999999e-05)	(22, 9.32263e-06)	(23, 0.0)	(24, 0.030769400000000002)	(25, 9.32263e-06)	(26, 0.021484)	(27, 1.8645300000000003e-05)	(28, 0.030643499999999997)	(29, 0.0)	(30, 0.0)	(31, 0.05102280000000001)	(32, 0.0)	(33, 0.00165011)	(34, 0.0354586)	(35, 0.0)	(36, 0.000647923)	(37, 0.00120728)	(38, 0.000596649)	(39, 0.0)	(40, 6.05971e-05)	(41, 0.0075746400000000005)	(42, 0.0452847)	(43, 0.044990999999999996)	(44, 1.3983999999999999e-05)	(45, 0.0332818)	(46, 0.000815731)	(47, 0.033239899999999996)	(48, 0.000363583)	(49, 0.0)	(50, 0.0)	(51, 0.0)	(52, 0.0325686)	(53, 1.8645300000000003e-05)	(54, 0.000652584)	(55, 0.0)	(56, 0.0)	(57, 0.0)	(58, 0.0)	(59, 0.00020043699999999998)	(60, 0.0)	(61, 0.00152425)	(62, 0.000853021)	(63, 0.0)	(64, 6.05971e-05)	(65, 0.031137599999999998)	(66, 0.00178528)	(67, 5.127449999999999e-05)	(68, 0.0)	(69, 0.0348993)	(70, 0.0893901)	(71, 0.0)	(72, 0.0)	(73, 0.0)	(74, 0.0461284)	(75, 5.59358e-05)	(76, 0.0883366)	(77, 0.0)	(78, 9.32263e-06)	(79, 3.72905e-05)	(80, 0.061627299999999996)	(81, 0.0461937)	(82, 0.017605799999999998)	(83, 0.0007691169999999999)	(84, 0.0)	(85, 0.0497735)	(86, 2.33066e-05)	(87, 0.0006386)	(88, 0.0297578)	(89, 0.10603100000000001)	(90, 9.32263e-06)	(91, 0.046091099999999996)	(92, 0.024630399999999997)	(93, 0.0)	(94, 0.0939722)	(95, 0.017424000000000002)	(96, 0.0326619)	(97, 0.000116533)	(98, 0.037849900000000006)	(99, 9.32263e-05)	(100, 0.00172935)	(101, 0.0)	(102, 0.000144501)	(103, 0.00011187199999999999)	(104, 0.0)	(105, 0.0)	(106, 0.0350484)	(107, 0.0)	(108, 0.0)	(109, 0.0)	(110, 0.000209759)	(111, 0.00020509799999999997)	(112, 0.0466644)	(113, 7.92424e-05)	(114, 0.0037243899999999997)	(115, 0.0179228)	(116, 0.0031044399999999995)	(117, 6.05971e-05)	(118, 9.78877e-05)	(119, 0.09150169999999999)	(120, 0.0368337)	(121, 4.66132e-06)	(122, 0.0)	(123, 4.66132e-06)	(124, 0.005560949999999999)	(125, 3.72905e-05)	(126, 0.0368524)	(127, 0.033654699999999996)	(128, 9.32263e-06)	(129, 9.32263e-06)	(130, 0.00138441)	(131, 6.99198e-05)	(132, 4.66132e-05)	(133, 0.000554697)	(134, 0.0)	(135, 0.045461800000000004)	(136, 7.45811e-05)	(137, 0.000587326)	(138, 3.26292e-05)	(139, 0.0)	(140, 0.0)	(141, 0.0)	(142, 2.33066e-05)	(143, 0.0467903)	(144, 0.00034959899999999997)	(145, 0.0)	(146, 8.39037e-05)	(147, 0.000517406)	(148, 0.051064700000000005)	(149, 0.0)	(150, 0.0)
GW_Mock2	(1, 0.22474600000000003)	(2, 0.12902)	(3, 0.0)	(4, 0.0017546399999999998)	(5, 0.115308)	(6, 0.0311337)	(7, 0.0305236)	(8, 3.11738e-05)	(9, 0.07680340000000001)	(10, 0.027927300000000002)	(11, 0.0337835)	(12, 0.053538800000000004)	(13, 0.018014)	(14, 0.00645744)	(15, 0.0)	(16, 0.000124695)	(17, 0.028599799999999998)	(18, 0.0)	(19, 0.000970842)	(20, 0.004515750000000001)	(21, 8.90681e-06)	(22, 1.3360200000000001e-05)	(23, 0.0)	(24, 0.0296107)	(25, 1.3360200000000001e-05)	(26, 0.0186553)	(27, 1.7813600000000002e-05)	(28, 0.027526500000000002)	(29, 0.0)	(30, 0.0)	(31, 0.0482081)	(32, 0.0)	(33, 0.00178582)	(34, 0.0337434)	(35, 0.0)	(36, 0.000685824)	(37, 0.00135829)	(38, 0.000619023)	(39, 0.0)	(40, 7.12545e-05)	(41, 0.00800722)	(42, 0.049985)	(43, 0.0408199)	(44, 8.90681e-06)	(45, 0.029392500000000002)	(46, 0.0008060659999999999)	(47, 0.0302921)	(48, 0.000360726)	(49, 0.0)	(50, 0.0)	(51, 0.0)	(52, 0.029490400000000003)	(53, 2.2267e-05)	(54, 0.000632383)	(55, 0.0)	(56, 0.0)	(57, 0.0)	(58, 0.0)	(59, 0.00016922900000000002)	(60, 0.0)	(61, 0.0018570700000000002)	(62, 0.000877321)	(63, 0.0)	(64, 8.46147e-05)	(65, 0.028069800000000002)	(66, 0.0018036299999999999)	(67, 4.4534e-05)	(68, 0.0)	(69, 0.0317082)	(70, 0.0824503)	(71, 0.0)	(72, 0.0)	(73, 0.0)	(74, 0.0489518)	(75, 0.00011578899999999999)	(76, 0.0955344)	(77, 0.0)	(78, 3.11738e-05)	(79, 4.00806e-05)	(80, 0.0634209)	(81, 0.0496555)	(82, 0.0153464)	(83, 0.000917401)	(84, 0.0)	(85, 0.045553899999999994)	(86, 3.11738e-05)	(87, 0.000690278)	(88, 0.027539900000000003)	(89, 0.09510690000000001)	(90, 2.6720400000000003e-05)	(91, 0.042048999999999996)	(92, 0.022195799999999998)	(93, 0.0)	(94, 0.0869883)	(95, 0.015782900000000002)	(96, 0.0301985)	(97, 0.000213763)	(98, 0.0347766)	(99, 0.00011133499999999999)	(100, 0.0019238699999999998)	(101, 0.0)	(102, 0.000160323)	(103, 0.000187043)	(104, 0.0)	(105, 0.0)	(106, 0.031944299999999995)	(107, 0.0)	(108, 0.0)	(109, 0.0)	(110, 0.000267204)	(111, 0.000285018)	(112, 0.049361499999999996)	(113, 9.79749e-05)	(114, 0.00408823)	(115, 0.015586899999999999)	(116, 0.0033667700000000003)	(117, 4.89874e-05)	(118, 0.000120242)	(119, 0.0985806)	(120, 0.031213900000000003)	(121, 4.4534000000000004e-06)	(122, 0.0)	(123, 1.3360200000000001e-05)	(124, 0.005980920000000001)	(125, 3.11738e-05)	(126, 0.0319532)	(127, 0.030661700000000004)	(128, 4.00806e-05)	(129, 1.3360200000000001e-05)	(130, 0.0015096999999999999)	(131, 0.00011133499999999999)	(132, 6.680109999999999e-05)	(133, 0.0006279300000000001)	(134, 0.0)	(135, 0.050074099999999996)	(136, 8.46147e-05)	(137, 0.000645744)	(138, 3.11738e-05)	(139, 0.0)	(140, 0.0)	(141, 0.0)	(142, 2.2267e-05)	(143, 0.0447344)	(144, 0.000356272)	(145, 0.0)	(146, 5.78943e-05)	(147, 0.0005255020000000001)	(148, 0.045928000000000004)	(149, 0.0)	(150, 0.0)
GW_Mock3	(1, 0.201723)	(2, 0.136824)	(3, 0.0)	(4, 0.00157229)	(5, 0.127725)	(6, 0.0348684)	(7, 0.033243999999999996)	(8, 3.0403499999999998e-05)	(9, 0.0868236)	(10, 0.0258907)	(11, 0.0369619)	(12, 0.0592607)	(13, 0.0189718)	(14, 0.00582878)	(15, 0.0)	(16, 0.000112927)	(17, 0.033105)	(18, 0.0)	(19, 0.000807864)	(20, 0.00418699)	(21, 4.3433500000000005e-06)	(22, 0.0)	(23, 0.0)	(24, 0.0324839)	(25, 0.0)	(26, 0.0213302)	(27, 1.3030099999999999e-05)	(28, 0.030672799999999997)	(29, 0.0)	(30, 0.0)	(31, 0.0505088)	(32, 0.0)	(33, 0.00153755)	(34, 0.0365363)	(35, 0.0)	(36, 0.0006601900000000001)	(37, 0.00107715)	(38, 0.000642816)	(39, 0.0)	(40, 5.21202e-05)	(41, 0.00740107)	(42, 0.0463566)	(43, 0.0447626)	(44, 4.3433500000000005e-06)	(45, 0.0337956)	(46, 0.000690593)	(47, 0.0339172)	(48, 0.000325751)	(49, 0.0)	(50, 0.0)	(51, 0.0)	(52, 0.0328661)	(53, 4.3433500000000005e-06)	(54, 0.000555949)	(55, 0.0)	(56, 0.0)	(57, 0.0)	(58, 0.0)	(59, 0.000156361)	(60, 0.0)	(61, 0.0015766399999999998)	(62, 0.0008817009999999999)	(63, 0.0)	(64, 6.949360000000001e-05)	(65, 0.0311245)	(66, 0.00181552)	(67, 4.77769e-05)	(68, 0.0)	(69, 0.0382562)	(70, 0.09336900000000001)	(71, 0.0)	(72, 0.0)	(73, 0.0)	(74, 0.0449363)	(75, 9.989709999999999e-05)	(76, 0.0874577)	(77, 0.0)	(78, 3.0403499999999998e-05)	(79, 5.21202e-05)	(80, 0.0617712)	(81, 0.045362)	(82, 0.0178946)	(83, 0.0008122069999999999)	(84, 0.0)	(85, 0.0503438)	(86, 3.0403499999999998e-05)	(87, 0.000612413)	(88, 0.0312852)	(89, 0.105148)	(90, 2.1716800000000002e-05)	(91, 0.0473556)	(92, 0.0261991)	(93, 0.0)	(94, 0.09930209999999999)	(95, 0.0177426)	(96, 0.033174499999999996)	(97, 0.000134644)	(98, 0.0378176)	(99, 9.12104e-05)	(100, 0.0016113800000000001)	(101, 0.0)	(102, 0.000191108)	(103, 0.000108584)	(104, 0.0)	(105, 0.0)	(106, 0.0354548)	(107, 0.0)	(108, 0.0)	(109, 0.0)	(110, 0.000204138)	(111, 0.000221511)	(112, 0.0453663)	(113, 8.25237e-05)	(114, 0.00360933)	(115, 0.0181552)	(116, 0.00286227)	(117, 5.21202e-05)	(118, 9.989709999999999e-05)	(119, 0.0900116)	(120, 0.0315935)	(121, 0.0)	(122, 0.0)	(123, 0.0)	(124, 0.00530758)	(125, 1.7373400000000002e-05)	(126, 0.0368924)	(127, 0.033682699999999996)	(128, 1.3030099999999999e-05)	(129, 8.686700000000001e-06)	(130, 0.00120311)	(131, 9.989709999999999e-05)	(132, 7.3837e-05)	(133, 0.0005863530000000001)	(134, 0.0)	(135, 0.0455314)	(136, 9.12104e-05)	(137, 0.000538576)	(138, 2.1716800000000002e-05)	(139, 0.0)	(140, 0.0)	(141, 0.0)	(142, 2.1716800000000002e-05)	(143, 0.049783499999999994)	(144, 0.000286661)	(145, 0.0)	(146, 6.08069e-05)	(147, 0.000503829)	(148, 0.05291509999999999)	(149, 0.0)	(150, 0.0)
GW_P1	(1, 0.18785500000000002)	(2, 0.135379)	(3, 0.0)	(4, 0.0051204300000000005)	(5, 0.117297)	(6, 0.0324065)	(7, 0.031452100000000004)	(8, 1.3764599999999999e-05)	(9, 0.0796558)	(10, 0.026414299999999998)	(11, 0.0341592)	(12, 0.054833599999999996)	(13, 0.0179123)	(14, 0.00531314)	(15, 0.0)	(16, 9.635219999999999e-05)	(17, 0.029415000000000004)	(18, 0.0)	(19, 0.000734112)	(20, 0.0034549199999999998)	(21, 1.3764599999999999e-05)	(22, 0.013470999999999999)	(23, 0.0049781999999999995)	(24, 0.0548474)	(25, 1.3764599999999999e-05)	(26, 0.023643)	(27, 9.1764e-06)	(28, 0.0318559)	(29, 9.1764e-06)	(30, 0.0)	(31, 0.0475292)	(32, 0.0)	(33, 0.00140858)	(34, 0.034686800000000004)	(35, 0.000155999)	(36, 0.00050929)	(37, 0.00101858)	(38, 0.000614819)	(39, 0.0)	(40, 0.0044735)	(41, 0.019412699999999998)	(42, 0.0399403)	(43, 0.043766900000000004)	(44, 0.0043175)	(45, 0.0375636)	(46, 0.0006423479999999999)	(47, 0.0363064)	(48, 0.000252351)	(49, 0.0)	(50, 0.0)	(51, 1.83528e-05)	(52, 0.030406)	(53, 0.0)	(54, 0.000545996)	(55, 4.5882e-06)	(56, 4.5882e-06)	(57, 9.1764e-06)	(58, 0.0)	(59, 0.000119293)	(60, 0.0)	(61, 0.00154164)	(62, 0.00068823)	(63, 4.5882e-06)	(64, 0.00012847)	(65, 0.028864400000000002)	(66, 0.00137646)	(67, 4.5882e-05)	(68, 0.0)	(69, 0.0367698)	(70, 0.08803380000000001)	(71, 0.00021564499999999999)	(72, 5.5058399999999994e-05)	(73, 0.0)	(74, 0.0487955)	(75, 0.0125579)	(76, 0.0754071)	(77, 0.0)	(78, 2.2941e-05)	(79, 0.013058000000000002)	(80, 0.054553700000000004)	(81, 0.0594034)	(82, 0.0162973)	(83, 0.000835053)	(84, 0.0)	(85, 0.0484973)	(86, 1.3764599999999999e-05)	(87, 0.000614819)	(88, 0.028754300000000003)	(89, 0.0998301)	(90, 1.3764599999999999e-05)	(91, 0.045882)	(92, 0.025671)	(93, 7.34112e-05)	(94, 0.0912685)	(95, 0.0164349)	(96, 0.0316861)	(97, 0.00011470500000000001)	(98, 0.0351227)	(99, 7.79994e-05)	(100, 0.00143152)	(101, 9.1764e-05)	(102, 0.000605643)	(103, 9.635219999999999e-05)	(104, 5.04702e-05)	(105, 0.00046799699999999994)	(106, 0.0339389)	(107, 0.0)	(108, 0.0044689099999999995)	(109, 9.1764e-06)	(110, 0.00027988000000000004)	(111, 0.000165175)	(112, 0.0390823)	(113, 0.000105529)	(114, 0.0033815)	(115, 0.016333999999999998)	(116, 0.0026106899999999997)	(117, 3.67056e-05)	(118, 0.000403762)	(119, 0.0782426)	(120, 0.0307272)	(121, 0.00039917399999999997)	(122, 0.0)	(123, 1.3764599999999999e-05)	(124, 0.0047350199999999995)	(125, 2.7529199999999997e-05)	(126, 0.0341133)	(127, 0.032397300000000004)	(128, 0.00869923)	(129, 9.1764e-06)	(130, 0.00122964)	(131, 0.00451938)	(132, 3.21174e-05)	(133, 0.0008534060000000001)	(134, 0.0)	(135, 0.0386464)	(136, 0.00017894)	(137, 0.000523055)	(138, 4.5882e-05)	(139, 0.0012938700000000001)	(140, 0.0)	(141, 0.0)	(142, 0.00785959)	(143, 0.0478825)	(144, 0.000252351)	(145, 7.79994e-05)	(146, 0.00041752600000000004)	(147, 0.00033493899999999997)	(148, 0.048703800000000005)	(149, 9.1764e-05)	(150, 0.0)
GW_P2	(1, 0.188769)	(2, 0.13164299999999998)	(3, 0.0)	(4, 0.00567056)	(5, 0.114229)	(6, 0.032410400000000006)	(7, 0.030843100000000002)	(8, 9.1387e-06)	(9, 0.0787573)	(10, 0.0285447)	(11, 0.0336304)	(12, 0.05351620000000001)	(13, 0.017710800000000002)	(14, 0.00499887)	(15, 0.0)	(16, 9.1387e-05)	(17, 0.0300298)	(18, 0.0)	(19, 0.000767651)	(20, 0.00350012)	(21, 4.56935e-06)	(22, 0.0142975)	(23, 0.00533243)	(24, 0.056239599999999994)	(25, 9.1387e-06)	(26, 0.0238154)	(27, 9.1387e-06)	(28, 0.031437099999999996)	(29, 1.3708000000000002e-05)	(30, 0.0)	(31, 0.0468815)	(32, 0.0)	(33, 0.00145305)	(34, 0.0333288)	(35, 0.000114234)	(36, 0.000530045)	(37, 0.00101896)	(38, 0.000653417)	(39, 0.0)	(40, 0.005167929999999999)	(41, 0.0207951)	(42, 0.038921700000000004)	(43, 0.0414623)	(44, 0.004665310000000001)	(45, 0.039241599999999995)	(46, 0.000653417)	(47, 0.035417000000000004)	(48, 0.000274161)	(49, 9.1387e-06)	(50, 0.0)	(51, 9.1387e-06)	(52, 0.0306055)	(53, 4.56935e-06)	(54, 0.00049349)	(55, 9.1387e-06)	(56, 2.28467e-05)	(57, 0.0)	(58, 0.0)	(59, 0.000127942)	(60, 0.0)	(61, 0.00133882)	(62, 0.000689972)	(63, 9.1387e-06)	(64, 0.00010509500000000001)	(65, 0.028037500000000003)	(66, 0.0015353)	(67, 5.48322e-05)	(68, 0.0)	(69, 0.0337995)	(70, 0.08491220000000001)	(71, 0.000233037)	(72, 6.85402e-05)	(73, 0.0)	(74, 0.048837200000000004)	(75, 0.0141193)	(76, 0.0757781)	(77, 0.0)	(78, 2.74161e-05)	(79, 0.0148641)	(80, 0.055216)	(81, 0.0623716)	(82, 0.0165136)	(83, 0.0007630810000000001)	(84, 0.0)	(85, 0.0472288)	(86, 2.28467e-05)	(87, 0.000507198)	(88, 0.0277771)	(89, 0.0978343)	(90, 1.3708000000000002e-05)	(91, 0.0453005)	(92, 0.02313)	(93, 6.85402e-05)	(94, 0.0887825)	(95, 0.016043)	(96, 0.031724999999999996)	(97, 0.000146219)	(98, 0.0349601)	(99, 5.9401500000000004e-05)	(100, 0.0015307300000000001)	(101, 8.22483e-05)	(102, 0.000694541)	(103, 0.00010966400000000001)	(104, 5.9401500000000004e-05)	(105, 0.000406672)	(106, 0.031990000000000005)	(107, 0.0)	(108, 0.00482066)	(109, 1.3708000000000002e-05)	(110, 0.000246745)	(111, 0.000173635)	(112, 0.0391136)	(113, 8.22483e-05)	(114, 0.00326708)	(115, 0.0164816)	(116, 0.0025497)	(117, 2.28467e-05)	(118, 0.000392964)	(119, 0.07857)	(120, 0.032227599999999995)	(121, 0.000406672)	(122, 0.0)	(123, 2.28467e-05)	(124, 0.00448253)	(125, 3.65548e-05)	(126, 0.0336304)	(127, 0.0313366)	(128, 0.00956365)	(129, 9.1387e-06)	(130, 0.00109664)	(131, 0.00485265)	(132, 2.74161e-05)	(133, 0.0008864540000000001)	(134, 0.0)	(135, 0.0392233)	(136, 0.000164497)	(137, 0.00048892)	(138, 8.22483e-05)	(139, 0.00155815)	(140, 9.1387e-06)	(141, 0.0)	(142, 0.00877315)	(143, 0.0460179)	(144, 0.000292438)	(145, 5.9401500000000004e-05)	(146, 0.000356409)	(147, 0.000379256)	(148, 0.048476200000000004)	(149, 0.000114234)	(150, 0.0)
GW_P3	(1, 0.200009)	(2, 0.142307)	(3, 0.0)	(4, 0.0017942099999999999)	(5, 0.128437)	(6, 0.0373205)	(7, 0.035415499999999996)	(8, 2.01596e-05)	(9, 0.0879414)	(10, 0.0330013)	(11, 0.0379455)	(12, 0.06119959999999999)	(13, 0.0199984)	(14, 0.0059471)	(15, 0.0)	(16, 7.05588e-05)	(17, 0.034069800000000004)	(18, 0.0)	(19, 0.0007408670000000001)	(20, 0.00416297)	(21, 2.51996e-05)	(22, 5.03991e-06)	(23, 0.0)	(24, 0.0330971)	(25, 0.0)	(26, 0.0215355)	(27, 1.51197e-05)	(28, 0.0332281)	(29, 0.0)	(30, 0.0)	(31, 0.05519709999999999)	(32, 0.0)	(33, 0.0014263000000000001)	(34, 0.039346599999999995)	(35, 0.0)	(36, 0.000519111)	(37, 0.0009777429999999999)	(38, 0.000665268)	(39, 0.0)	(40, 6.55189e-05)	(41, 0.007328029999999999)	(42, 0.0450568)	(43, 0.0491845)	(44, 1.51197e-05)	(45, 0.0347905)	(46, 0.00059471)	(47, 0.0346595)	(48, 0.000246956)	(49, 0.0)	(50, 0.0)	(51, 0.0)	(52, 0.0341756)	(53, 0.0)	(54, 0.00045359199999999995)	(55, 0.0)	(56, 0.0)	(57, 0.0)	(58, 0.0)	(59, 0.000136078)	(60, 0.0)	(61, 0.00173877)	(62, 0.0007610270000000001)	(63, 0.0)	(64, 5.5438999999999996e-05)	(65, 0.0336213)	(66, 0.0016278900000000001)	(67, 4.03193e-05)	(68, 0.0)	(69, 0.0405763)	(70, 0.100909)	(71, 0.0)	(72, 0.0)	(73, 0.0)	(74, 0.043494399999999996)	(75, 7.55987e-05)	(76, 0.08587510000000001)	(77, 0.0)	(78, 2.51996e-05)	(79, 3.52794e-05)	(80, 0.0605092)	(81, 0.043862399999999996)	(82, 0.0183806)	(83, 0.0008265459999999999)	(84, 0.0)	(85, 0.05436049999999999)	(86, 2.01596e-05)	(87, 0.000645109)	(88, 0.0335356)	(89, 0.110576)	(90, 1.51197e-05)	(91, 0.0517448)	(92, 0.028268899999999996)	(93, 0.0)	(94, 0.10334800000000001)	(95, 0.0187938)	(96, 0.0341)	(97, 0.000181437)	(98, 0.039306299999999995)	(99, 0.000105838)	(100, 0.00149685)	(101, 0.0)	(102, 0.00015623700000000002)	(103, 0.00015623700000000002)	(104, 0.0)	(105, 0.0)	(106, 0.0379707)	(107, 0.0)	(108, 0.0)	(109, 0.0)	(110, 0.00015623700000000002)	(111, 0.000176397)	(112, 0.0440891)	(113, 8.56785e-05)	(114, 0.00336666)	(115, 0.0188241)	(116, 0.0031449000000000004)	(117, 3.0239499999999997e-05)	(118, 0.000100798)	(119, 0.0885966)	(120, 0.0361513)	(121, 0.0)	(122, 0.0)	(123, 0.0)	(124, 0.00530703)	(125, 3.52794e-05)	(126, 0.038459600000000004)	(127, 0.0364638)	(128, 1.51197e-05)	(129, 2.01596e-05)	(130, 0.0013003000000000001)	(131, 4.53592e-05)	(132, 3.52794e-05)	(133, 0.00054431)	(134, 0.0)	(135, 0.0443361)	(136, 9.07184e-05)	(137, 0.000463672)	(138, 5.03991e-05)	(139, 0.0)	(140, 0.0)	(141, 0.0)	(142, 4.03193e-05)	(143, 0.050963600000000005)	(144, 0.000297355)	(145, 0.0)	(146, 3.52794e-05)	(147, 0.000478792)	(148, 0.0550409)	(149, 0.0)	(150, 0.0)
SFZ_Mock1	(1, 0.21127300000000002)	(2, 0.138828)	(3, 0.0)	(4, 0.00161392)	(5, 0.12309300000000001)	(6, 0.0343232)	(7, 0.0335008)	(8, 3.07831e-05)	(9, 0.08413910000000001)	(10, 0.0311349)	(11, 0.0360954)	(12, 0.05880459999999999)	(13, 0.019608900000000002)	(14, 0.00575645)	(15, 0.0)	(16, 0.000123133)	(17, 0.0322299)	(18, 0.0)	(19, 0.0007915660000000001)	(20, 0.0042920499999999995)	(21, 4.397589999999999e-06)	(22, 4.397589999999999e-06)	(23, 0.0)	(24, 0.0334041)	(25, 2.1988e-05)	(26, 0.0211216)	(27, 4.397589999999999e-06)	(28, 0.031069000000000003)	(29, 0.0)	(30, 0.0)	(31, 0.05282830000000001)	(32, 0.0)	(33, 0.00153916)	(34, 0.03723)	(35, 0.0)	(36, 0.000628855)	(37, 0.0011257799999999998)	(38, 0.000606867)	(39, 0.0)	(40, 7.03614e-05)	(41, 0.00778813)	(42, 0.0459416)	(43, 0.0461351)	(44, 2.63855e-05)	(45, 0.0329775)	(46, 0.000699217)	(47, 0.0342001)	(48, 0.000338614)	(49, 0.0)	(50, 0.0)	(51, 0.0)	(52, 0.032511399999999996)	(53, 8.795179999999999e-06)	(54, 0.000554096)	(55, 0.0)	(56, 0.0)	(57, 0.0)	(58, 0.0)	(59, 0.00020228899999999997)	(60, 0.0)	(61, 0.00195253)	(62, 0.000848735)	(63, 0.0)	(64, 4.39759e-05)	(65, 0.0315307)	(66, 0.00172825)	(67, 5.27711e-05)	(68, 0.0)	(69, 0.0378633)	(70, 0.0935807)	(71, 0.0)	(72, 0.0)	(73, 0.0)	(74, 0.0449214)	(75, 5.71687e-05)	(76, 0.0886202)	(77, 0.0)	(78, 3.95783e-05)	(79, 5.27711e-05)	(80, 0.061935699999999996)	(81, 0.0461307)	(82, 0.0178806)	(83, 0.0009674700000000001)	(84, 0.0)	(85, 0.0516409)	(86, 8.795179999999999e-06)	(87, 0.0006376509999999999)	(88, 0.0316714)	(89, 0.105353)	(90, 2.63855e-05)	(91, 0.0480921)	(92, 0.0265702)	(93, 0.0)	(94, 0.0982905)	(95, 0.017797)	(96, 0.0329555)	(97, 0.000180301)	(98, 0.0386592)	(99, 0.00010994)	(100, 0.0015787400000000001)	(101, 0.0)	(102, 0.00018909599999999998)	(103, 0.000136325)	(104, 0.0)	(105, 0.0)	(106, 0.036614299999999995)	(107, 0.0)	(108, 0.0)	(109, 0.0)	(110, 0.00023307200000000002)	(111, 0.000250663)	(112, 0.0463814)	(113, 6.156630000000001e-05)	(114, 0.00371157)	(115, 0.0176563)	(116, 0.0031003000000000003)	(117, 6.156630000000001e-05)	(118, 0.00013192800000000001)	(119, 0.091637)	(120, 0.034244000000000004)	(121, 8.795179999999999e-06)	(122, 0.0)	(123, 1.75904e-05)	(124, 0.00537825)	(125, 8.795179999999999e-06)	(126, 0.0368034)	(127, 0.034811299999999996)	(128, 5.27711e-05)	(129, 8.795179999999999e-06)	(130, 0.00129729)	(131, 8.35542e-05)	(132, 5.71687e-05)	(133, 0.000681627)	(134, 0.0)	(135, 0.046324199999999996)	(136, 7.03614e-05)	(137, 0.00047054199999999995)	(138, 4.83735e-05)	(139, 0.0)	(140, 0.0)	(141, 0.0)	(142, 4.39759e-05)	(143, 0.050260099999999995)	(144, 0.000351807)	(145, 0.0)	(146, 7.03614e-05)	(147, 0.00049253)	(148, 0.0523357)	(149, 0.0)	(150, 0.0)
SFZ_Mock2	(1, 0.231131)	(2, 0.12801200000000001)	(3, 0.0)	(4, 0.00179663)	(5, 0.11123400000000001)	(6, 0.030291600000000002)	(7, 0.029197400000000002)	(8, 2.55445e-05)	(9, 0.07309149999999999)	(10, 0.027894600000000002)	(11, 0.0320414)	(12, 0.0506761)	(13, 0.017604400000000003)	(14, 0.0065096)	(15, 0.0)	(16, 0.00015752500000000002)	(17, 0.027741400000000003)	(18, 0.0)	(19, 0.00103881)	(20, 0.00485346)	(21, 1.2772300000000001e-05)	(22, 2.12871e-05)	(23, 0.0)	(24, 0.028316099999999997)	(25, 8.51485e-06)	(26, 0.0184644)	(27, 3.40594e-05)	(28, 0.026532299999999998)	(29, 0.0)	(30, 0.0)	(31, 0.047432)	(32, 0.0)	(33, 0.00199247)	(34, 0.033838)	(35, 0.0)	(36, 0.000736534)	(37, 0.00140921)	(38, 0.0006428709999999999)	(39, 0.0)	(40, 0.000102178)	(41, 0.008595740000000001)	(42, 0.050263100000000005)	(43, 0.0391002)	(44, 2.55445e-05)	(45, 0.028584299999999997)	(46, 0.0008812869999999999)	(47, 0.0294316)	(48, 0.000387426)	(49, 0.0)	(50, 0.0)	(51, 0.0)	(52, 0.0284013)	(53, 0.0)	(54, 0.000732277)	(55, 0.0)	(56, 0.0)	(57, 0.0)	(58, 0.0)	(59, 0.000187327)	(60, 0.0)	(61, 0.00186475)	(62, 0.0009238610000000001)	(63, 0.0)	(64, 8.94059e-05)	(65, 0.027102799999999996)	(66, 0.0019797)	(67, 6.81188e-05)	(68, 0.0)	(69, 0.031092)	(70, 0.0809081)	(71, 0.0)	(72, 0.0)	(73, 0.0)	(74, 0.050505799999999997)	(75, 0.00011495)	(76, 0.099777)	(77, 0.0)	(78, 4.68317e-05)	(79, 4.68317e-05)	(80, 0.06479800000000001)	(81, 0.051859699999999995)	(82, 0.0151692)	(83, 0.000911089)	(84, 0.0)	(85, 0.0440473)	(86, 3.40594e-05)	(87, 0.000753564)	(88, 0.026881399999999996)	(89, 0.0914112)	(90, 2.9802e-05)	(91, 0.041743999999999996)	(92, 0.0205846)	(93, 0.0)	(94, 0.0831943)	(95, 0.015948300000000002)	(96, 0.028431099999999997)	(97, 0.00014900999999999998)	(98, 0.0334804)	(99, 0.000136238)	(100, 0.00208188)	(101, 0.0)	(102, 0.000183069)	(103, 0.00011069299999999999)	(104, 0.0)	(105, 0.0)	(106, 0.0326544)	(107, 0.0)	(108, 0.0)	(109, 0.0)	(110, 0.00026396)	(111, 0.00026396)	(112, 0.0502589)	(113, 8.08911e-05)	(114, 0.00421059)	(115, 0.0150543)	(116, 0.0035549500000000003)	(117, 4.68317e-05)	(118, 0.00010643600000000001)	(119, 0.10009599999999999)	(120, 0.0302405)	(121, 4.25742e-06)	(122, 0.0)	(123, 8.51485e-06)	(124, 0.0061264299999999995)	(125, 2.55445e-05)	(126, 0.0317817)	(127, 0.029865799999999998)	(128, 4.25742e-05)	(129, 0.0)	(130, 0.00160931)	(131, 9.366330000000001e-05)	(132, 7.23762e-05)	(133, 0.0006641580000000001)	(134, 0.0)	(135, 0.0504803)	(136, 0.00010643600000000001)	(137, 0.00069396)	(138, 3.40594e-05)	(139, 0.0)	(140, 0.0)	(141, 0.0)	(142, 2.55445e-05)	(143, 0.0431149)	(144, 0.000361881)	(145, 0.0)	(146, 9.366330000000001e-05)	(147, 0.000574752)	(148, 0.0450478)	(149, 0.0)	(150, 0.0)
SFZ_Mock3	(1, 0.24407299999999998)	(2, 0.11574000000000001)	(3, 0.0)	(4, 0.00214874)	(5, 0.097135)	(6, 0.0272688)	(7, 0.0261709)	(8, 3.00223e-05)	(9, 0.0641105)	(10, 0.0215603)	(11, 0.029275999999999996)	(12, 0.0457111)	(13, 0.016194899999999998)	(14, 0.00693944)	(15, 0.0)	(16, 0.00012866699999999998)	(17, 0.0237905)	(18, 0.0)	(19, 0.00100789)	(20, 0.0049622600000000005)	(21, 1.71556e-05)	(22, 8.5778e-06)	(23, 0.0)	(24, 0.0233959)	(25, 0.0)	(26, 0.016104800000000002)	(27, 1.28667e-05)	(28, 0.023679)	(29, 0.0)	(30, 0.0)	(31, 0.0429061)	(32, 0.0)	(33, 0.0018356499999999999)	(34, 0.0314119)	(35, 0.0)	(36, 0.0008620689999999999)	(37, 0.00128667)	(38, 0.000531824)	(39, 0.0)	(40, 3.86001e-05)	(41, 0.00882655)	(42, 0.05387290000000001)	(43, 0.035850900000000005)	(44, 8.5778e-06)	(45, 0.0247341)	(46, 0.000866358)	(47, 0.024386699999999997)	(48, 0.000373134)	(49, 0.0)	(50, 0.0)	(51, 0.0)	(52, 0.025386000000000002)	(53, 0.0)	(54, 0.000673357)	(55, 0.0)	(56, 0.0)	(57, 0.0)	(58, 0.0)	(59, 0.00015439999999999999)	(60, 0.0)	(61, 0.00197718)	(62, 0.0010507799999999999)	(63, 0.0)	(64, 8.14891e-05)	(65, 0.024172199999999998)	(66, 0.0020458)	(67, 5.14668e-05)	(68, 0.0)	(69, 0.027689099999999998)	(70, 0.0711528)	(71, 0.0)	(72, 0.0)	(73, 0.0)	(74, 0.0545934)	(75, 9.864470000000001e-05)	(76, 0.10477799999999998)	(77, 4.2889e-06)	(78, 1.71556e-05)	(79, 3.43112e-05)	(80, 0.0656073)	(81, 0.053426799999999997)	(82, 0.013304199999999999)	(83, 0.00102505)	(84, 0.0)	(85, 0.0398267)	(86, 4.2889e-05)	(87, 0.0009006690000000001)	(88, 0.0236318)	(89, 0.0816306)	(90, 8.5778e-06)	(91, 0.0363699)	(92, 0.0186953)	(93, 0.0)	(94, 0.073872)	(95, 0.0136773)	(96, 0.0248499)	(97, 0.00021444499999999998)	(98, 0.0293961)	(99, 0.00010293400000000001)	(100, 0.00193429)	(101, 0.0)	(102, 0.00021444499999999998)	(103, 0.000197289)	(104, 0.0)	(105, 0.0)	(106, 0.029087299999999996)	(107, 0.0)	(108, 0.0)	(109, 0.0)	(110, 0.00025304500000000003)	(111, 0.000248756)	(112, 0.054640600000000004)	(113, 0.000124378)	(114, 0.0045205)	(115, 0.0133342)	(116, 0.0036927400000000003)	(117, 4.71779e-05)	(118, 0.000124378)	(119, 0.108136)	(120, 0.025051499999999997)	(121, 0.0)	(122, 0.0)	(123, 0.0)	(124, 0.00623177)	(125, 3.86001e-05)	(126, 0.0278049)	(127, 0.0269772)	(128, 3.00223e-05)	(129, 8.5778e-06)	(130, 0.0017026900000000002)	(131, 7.72002e-05)	(132, 5.5755700000000006e-05)	(133, 0.000724824)	(134, 0.0)	(135, 0.0552282)	(136, 0.000167267)	(137, 0.000664779)	(138, 6.00446e-05)	(139, 0.0)	(140, 0.0)	(141, 0.0)	(142, 5.14668e-05)	(143, 0.0362927)	(144, 0.000364556)	(145, 0.0)	(146, 6.86224e-05)	(147, 0.000493223)	(148, 0.039608)	(149, 0.0)	(150, 0.0)
SFZ_P1	(1, 0.236856)	(2, 0.122203)	(3, 0.0)	(4, 0.0018624800000000001)	(5, 0.106829)	(6, 0.028218299999999998)	(7, 0.0277088)	(8, 3.95338e-05)	(9, 0.06954869999999999)	(10, 0.029571300000000002)	(11, 0.0310164)	(12, 0.048587)	(13, 0.0163231)	(14, 0.006839339999999999)	(15, 0.0)	(16, 0.000114209)	(17, 0.026672099999999997)	(18, 0.0)	(19, 0.000983952)	(20, 0.00489779)	(21, 4.39264e-06)	(22, 8.78528e-06)	(23, 0.0)	(24, 0.027256300000000004)	(25, 1.75706e-05)	(26, 0.0175793)	(27, 2.6355800000000003e-05)	(28, 0.0253631)	(29, 0.0)	(30, 0.0)	(31, 0.045617599999999994)	(32, 0.0)	(33, 0.00183612)	(34, 0.0329228)	(35, 0.0)	(36, 0.000733571)	(37, 0.00127826)	(38, 0.00046562000000000003)	(39, 0.0)	(40, 7.467489999999999e-05)	(41, 0.00875453)	(42, 0.0507614)	(43, 0.0371574)	(44, 8.78528e-06)	(45, 0.027493500000000004)	(46, 0.000803853)	(47, 0.0279811)	(48, 0.000412908)	(49, 0.0)	(50, 0.0)	(51, 0.0)	(52, 0.0273749)	(53, 4.39264e-06)	(54, 0.000650111)	(55, 0.0)	(56, 0.0)	(57, 0.0)	(58, 0.0)	(59, 0.00016692)	(60, 0.0)	(61, 0.00198108)	(62, 0.00100152)	(63, 0.0)	(64, 8.78528e-05)	(65, 0.025877)	(66, 0.0018844399999999998)	(67, 3.07485e-05)	(68, 0.0)	(69, 0.0291803)	(70, 0.075672)	(71, 0.0)	(72, 0.0)	(73, 0.0)	(74, 0.051732099999999996)	(75, 0.000118601)	(76, 0.100468)	(77, 0.0)	(78, 2.6355800000000003e-05)	(79, 3.95338e-05)	(80, 0.0660829)	(81, 0.0533003)	(82, 0.0154709)	(83, 0.0010190899999999998)	(84, 0.0)	(85, 0.0414709)	(86, 4.39264e-05)	(87, 0.000759927)	(88, 0.025077600000000002)	(89, 0.0880549)	(90, 1.3177900000000001e-05)	(91, 0.0394855)	(92, 0.0208079)	(93, 4.39264e-06)	(94, 0.0797308)	(95, 0.014996500000000001)	(96, 0.0281041)	(97, 0.000171313)	(98, 0.0314689)	(99, 0.00010103099999999999)	(100, 0.00192837)	(101, 0.0)	(102, 0.00019766899999999998)	(103, 0.000144957)	(104, 0.0)	(105, 8.78528e-06)	(106, 0.0307353)	(107, 0.0)	(108, 0.0)	(109, 0.0)	(110, 0.00022402499999999998)	(111, 0.000193276)	(112, 0.052782)	(113, 0.000122994)	(114, 0.0041817899999999995)	(115, 0.015383)	(116, 0.00361514)	(117, 5.2711700000000006e-05)	(118, 9.22455e-05)	(119, 0.10439100000000001)	(120, 0.030441000000000003)	(121, 4.39264e-06)	(122, 0.0)	(123, 1.3177900000000001e-05)	(124, 0.00603549)	(125, 1.75706e-05)	(126, 0.0303839)	(127, 0.0279284)	(128, 3.07485e-05)	(129, 3.07485e-05)	(130, 0.00156378)	(131, 8.346019999999999e-05)	(132, 4.8319099999999996e-05)	(133, 0.00069843)	(134, 0.0)	(135, 0.05276)	(136, 0.000127387)	(137, 0.0006061840000000001)	(138, 3.07485e-05)	(139, 0.0)	(140, 0.0)	(141, 0.0)	(142, 3.07485e-05)	(143, 0.0415763)	(144, 0.000430479)	(145, 0.0)	(146, 7.02823e-05)	(147, 0.000544688)	(148, 0.0438078)	(149, 0.0)	(150, 0.0)
SFZ_P2	(1, 0.232934)	(2, 0.124214)	(3, 0.0)	(4, 0.0017793400000000001)	(5, 0.10625599999999999)	(6, 0.030321999999999998)	(7, 0.0282066)	(8, 3.8775e-05)	(9, 0.0739697)	(10, 0.0271856)	(11, 0.0319506)	(12, 0.049890500000000004)	(13, 0.0168197)	(14, 0.006699460000000001)	(15, 0.0)	(16, 0.000163717)	(17, 0.0282454)	(18, 0.0)	(19, 0.00100384)	(20, 0.0047348600000000005)	(21, 2.5849999999999998e-05)	(22, 1.2924999999999999e-05)	(23, 0.0)	(24, 0.0279912)	(25, 2.5849999999999998e-05)	(26, 0.018478400000000002)	(27, 3.8775e-05)	(28, 0.025914599999999996)	(29, 0.0)	(30, 0.0)	(31, 0.0457372)	(32, 0.0)	(33, 0.00190859)	(34, 0.0331009)	(35, 4.30833e-06)	(36, 0.0007065659999999999)	(37, 0.00127957)	(38, 0.000637633)	(39, 0.0)	(40, 9.909159999999999e-05)	(41, 0.00856496)	(42, 0.0502955)	(43, 0.0380426)	(44, 1.72333e-05)	(45, 0.029094199999999997)	(46, 0.0008228910000000001)	(47, 0.0290252)	(48, 0.00038774999999999997)	(49, 0.0)	(50, 0.0)	(51, 0.0)	(52, 0.0269486)	(53, 4.30833e-06)	(54, 0.0006419409999999999)	(55, 0.0)	(56, 0.0)	(57, 0.0)	(58, 0.0)	(59, 0.00019818299999999997)	(60, 0.0)	(61, 0.00192152)	(62, 0.0008702829999999999)	(63, 0.0)	(64, 5.60083e-05)	(65, 0.026457500000000002)	(66, 0.0018655100000000001)	(67, 4.73916e-05)	(68, 0.0)	(69, 0.0308994)	(70, 0.0791484)	(71, 0.0)	(72, 0.0)	(73, 0.0)	(74, 0.0510623)	(75, 9.47833e-05)	(76, 0.0996862)	(77, 0.0)	(78, 3.8775e-05)	(79, 7.755e-05)	(80, 0.06525829999999999)	(81, 0.050394600000000005)	(82, 0.0149154)	(83, 0.000990916)	(84, 0.0)	(85, 0.0426094)	(86, 3.44667e-05)	(87, 0.000715183)	(88, 0.026035199999999998)	(89, 0.09025949999999999)	(90, 2.15417e-05)	(91, 0.040244100000000005)	(92, 0.0210419)	(93, 0.0)	(94, 0.0820866)	(95, 0.015298899999999999)	(96, 0.027814600000000002)	(97, 0.000271425)	(98, 0.032066899999999995)	(99, 0.000133558)	(100, 0.0019646)	(101, 0.0)	(102, 0.00020679999999999999)	(103, 0.000224033)	(104, 0.0)	(105, 0.0)	(106, 0.0316921)	(107, 0.0)	(108, 0.0)	(109, 0.0)	(110, 0.000297275)	(111, 0.000280042)	(112, 0.052617699999999996)	(113, 0.00010339999999999999)	(114, 0.0042006199999999995)	(115, 0.015087799999999998)	(116, 0.0034940600000000002)	(117, 8.185830000000001e-05)	(118, 0.000142175)	(119, 0.103098)	(120, 0.029852399999999998)	(121, 8.61666e-06)	(122, 0.0)	(123, 2.15417e-05)	(124, 0.0061092099999999995)	(125, 3.0158300000000002e-05)	(126, 0.0311966)	(127, 0.0285556)	(128, 3.8775e-05)	(129, 1.72333e-05)	(130, 0.0014906799999999999)	(131, 7.755e-05)	(132, 5.60083e-05)	(133, 0.000667791)	(134, 0.0)	(135, 0.0516612)	(136, 0.000124942)	(137, 0.0006505580000000001)	(138, 5.60083e-05)	(139, 0.0)	(140, 0.0)	(141, 0.0)	(142, 4.73916e-05)	(143, 0.043135)	(144, 0.000426525)	(145, 0.0)	(146, 7.32416e-05)	(147, 0.0005600830000000001)	(148, 0.0440828)	(149, 0.0)	(150, 0.0)
SFZ_P3	(1, 0.20310699999999998)	(2, 0.119761)	(3, 0.0)	(4, 0.00711134)	(5, 0.0958706)	(6, 0.026899999999999997)	(7, 0.025179500000000004)	(8, 4.49232e-06)	(9, 0.0635618)	(10, 0.0232523)	(11, 0.0274076)	(12, 0.043503599999999996)	(13, 0.015224499999999998)	(14, 0.0053189100000000005)	(15, 0.0)	(16, 7.187710000000001e-05)	(17, 0.024622400000000003)	(18, 0.0)	(19, 0.000732248)	(20, 0.00389933)	(21, 0.0)	(22, 0.020943200000000002)	(23, 0.00699454)	(24, 0.0610686)	(25, 4.49232e-06)	(26, 0.0221651)	(27, 8.98464e-06)	(28, 0.0291641)	(29, 1.3477000000000002e-05)	(30, 0.0)	(31, 0.0404174)	(32, 0.0)	(33, 0.00135668)	(34, 0.0292405)	(35, 0.000184185)	(36, 0.000705294)	(37, 0.00101976)	(38, 0.000651386)	(39, 0.0)	(40, 0.00692267)	(41, 0.027654699999999997)	(42, 0.0414596)	(43, 0.034851400000000005)	(44, 0.0067160200000000005)	(45, 0.0370796)	(46, 0.00061994)	(47, 0.0321515)	(48, 0.000372863)	(49, 0.0)	(50, 0.0)	(51, 0.0)	(52, 0.025138999999999998)	(53, 4.49232e-06)	(54, 0.000498648)	(55, 0.0)	(56, 0.0)	(57, 4.49232e-06)	(58, 0.0)	(59, 0.000125785)	(60, 0.0)	(61, 0.00150493)	(62, 0.0008670180000000001)	(63, 1.79693e-05)	(64, 9.43387e-05)	(65, 0.0236116)	(66, 0.0017295400000000001)	(67, 5.84002e-05)	(68, 0.0)	(69, 0.0281264)	(70, 0.0710191)	(71, 0.000278524)	(72, 0.0001168)	(73, 0.0)	(74, 0.05379099999999999)	(75, 0.0198965)	(76, 0.0794377)	(77, 0.0)	(78, 1.79693e-05)	(79, 0.0205119)	(80, 0.053243)	(81, 0.07182770000000001)	(82, 0.012645899999999998)	(83, 0.000718771)	(84, 0.0)	(85, 0.0381084)	(86, 2.69539e-05)	(87, 0.00063791)	(88, 0.0236476)	(89, 0.0793074)	(90, 4.49232e-06)	(91, 0.036706800000000005)	(92, 0.0192361)	(93, 7.63695e-05)	(94, 0.0726498)	(95, 0.0138498)	(96, 0.0242585)	(97, 0.000148247)	(98, 0.0286565)	(99, 8.53541e-05)	(100, 0.0014465300000000001)	(101, 6.28925e-05)	(102, 0.000831079)	(103, 0.000125785)	(104, 6.28925e-05)	(105, 0.000597479)	(106, 0.027219)	(107, 0.0)	(108, 0.006477930000000001)	(109, 4.49232e-06)	(110, 0.000269539)	(111, 0.000130277)	(112, 0.040943)	(113, 8.984640000000001e-05)	(114, 0.00324795)	(115, 0.013301799999999999)	(116, 0.00300536)	(117, 3.14462e-05)	(118, 0.000588494)	(119, 0.0818725)	(120, 0.026042)	(121, 0.000471694)	(122, 4.49232e-06)	(123, 2.69539e-05)	(124, 0.00502691)	(125, 3.59386e-05)	(126, 0.0284319)	(127, 0.0260555)	(128, 0.013432)	(129, 0.0)	(130, 0.00127133)	(131, 0.00692267)	(132, 2.69539e-05)	(133, 0.00092991)	(134, 0.0)	(135, 0.0413967)	(136, 0.000170708)	(137, 0.000516617)	(138, 7.187710000000001e-05)	(139, 0.00197662)	(140, 4.49232e-06)	(141, 0.0)	(142, 0.0117923)	(143, 0.0366304)	(144, 0.000363878)	(145, 0.000130277)	(146, 0.0005615399999999999)	(147, 0.000489663)	(148, 0.0389484)	(149, 0.000152739)	(150, 4.49232e-06)
