Sample	0	1	2	3	4	5	6	7	8	9	10	11	12	13	14	15	16	17	18	19	20	21	22	23	24	25	26	27	28	29	30	31	32	33	34	35	36	37	38	39	40	41	42	43	44	45	46	47	48	49	50	51	52	53	54	55	56	57	58	59	60	61	62	63	64	65	66	67	68	69	70	71	72	73	74	75	76	77	78	79	80	81	82	83	84	85	86	87	88	89	90	91	92	93	94	95	96	97	98	99	100	101	102	103	104	105	106	107	108	109	110	111	112	113	114	115	116	117	118	119	120	121	122	123	124	125	126	127	128	129	130	131	132	133	134	135	136	137	138	139	140	141	142	143	144	145	146	147	148	149
GW_Mock1	(1, 64.2814)	(2, 41.6593)	(3, 43.284099999999995)	(4, 46.6087)	(5, 42.920199999999994)	(6, 37.529)	(7, 39.2528)	(8, 47.867399999999996)	(9, 47.152)	(10, 36.8411)	(11, 49.912099999999995)	(12, 46.9764)	(13, 41.0815)	(14, 42.3805)	(15, 43.5931)	(16, 43.2063)	(17, 43.7)	(18, 43.1661)	(19, 43.7179)	(20, 44.873400000000004)	(21, 43.7751)	(22, 44.4708)	(23, 43.7341)	(24, 43.7534)	(25, 44.1663)	(26, 44.6333)	(27, 43.6458)	(28, 44.5157)	(29, 44.2151)	(30, 43.5313)	(31, 44.0253)	(32, 44.8272)	(33, 44.107400000000005)	(34, 43.4725)	(35, 44.068200000000004)	(36, 43.8027)	(37, 44.3801)	(38, 44.5122)	(39, 44.1572)	(40, 44.0306)	(41, 43.942)	(42, 44.1372)	(43, 44.830799999999996)	(44, 45.0201)	(45, 44.932)	(46, 45.0104)	(47, 44.791599999999995)	(48, 44.4542)	(49, 44.484899999999996)	(50, 45.4067)	(51, 44.6529)	(52, 45.143299999999996)	(53, 44.6466)	(54, 44.7132)	(55, 44.8224)	(56, 44.602000000000004)	(57, 44.338)	(58, 44.9385)	(59, 44.4477)	(60, 44.5708)	(61, 44.5906)	(62, 45.231500000000004)	(63, 45.5188)	(64, 44.859)	(65, 44.1191)	(66, 44.0714)	(67, 45.222699999999996)	(68, 45.545)	(69, 45.1409)	(70, 44.913399999999996)	(71, 44.7927)	(72, 44.061)	(73, 45.064)	(74, 44.8573)	(75, 44.2273)	(76, 44.5417)	(77, 44.8539)	(78, 44.211800000000004)	(79, 45.100699999999996)	(80, 44.9462)	(81, 44.9465)	(82, 44.4733)	(83, 44.4861)	(84, 45.2485)	(85, 45.2484)	(86, 44.3617)	(87, 44.3853)	(88, 44.9809)	(89, 44.8619)	(90, 45.147999999999996)	(91, 44.8421)	(92, 44.9478)	(93, 44.6134)	(94, 45.0287)	(95, 44.0982)	(96, 44.6713)	(97, 44.9654)	(98, 44.7862)	(99, 44.4234)	(100, 44.2271)	(101, 45.049099999999996)	(102, 44.9446)	(103, 44.4604)	(104, 44.913)	(105, 44.3726)	(106, 44.533)	(107, 44.7953)	(108, 45.1593)	(109, 44.9409)	(110, 44.8697)	(111, 44.6847)	(112, 44.572)	(113, 45.1625)	(114, 45.1708)	(115, 44.5602)	(116, 45.2286)	(117, 44.609500000000004)	(118, 45.0477)	(119, 45.7155)	(120, 45.6327)	(121, 45.2971)	(122, 45.6686)	(123, 44.9937)	(124, 45.2387)	(125, 45.272400000000005)	(126, 45.4448)	(127, 45.4859)	(128, 45.4562)	(129, 45.0378)	(130, 44.685399999999994)	(131, 44.8671)	(132, 45.2024)	(133, 44.885999999999996)	(134, 44.5489)	(135, 44.2829)	(136, 44.522099999999995)	(137, 44.9979)	(138, 44.7741)	(139, 44.988299999999995)	(140, 44.9838)	(141, 44.235600000000005)	(142, 44.8086)	(143, 45.6244)	(144, 44.2286)	(145, 44.4711)	(146, 45.482)	(147, 44.1822)	(148, 44.317299999999996)	(149, 44.7676)	(150, 44.533699999999996)
GW_Mock2	(1, 64.4237)	(2, 41.739399999999996)	(3, 43.2746)	(4, 46.575)	(5, 42.885400000000004)	(6, 37.4547)	(7, 39.0633)	(8, 47.7107)	(9, 47.0003)	(10, 36.7667)	(11, 49.8166)	(12, 46.9085)	(13, 41.1094)	(14, 42.3391)	(15, 43.558400000000006)	(16, 43.1676)	(17, 43.7412)	(18, 43.1418)	(19, 43.6812)	(20, 44.8146)	(21, 43.7571)	(22, 44.4218)	(23, 43.7001)	(24, 43.7014)	(25, 44.128099999999996)	(26, 44.6572)	(27, 43.567299999999996)	(28, 44.4759)	(29, 44.201800000000006)	(30, 43.5342)	(31, 44.0333)	(32, 44.7984)	(33, 44.103500000000004)	(34, 43.5064)	(35, 44.0614)	(36, 43.7456)	(37, 44.3328)	(38, 44.4536)	(39, 44.0888)	(40, 44.0146)	(41, 43.9304)	(42, 44.063900000000004)	(43, 44.768)	(44, 44.9366)	(45, 44.840999999999994)	(46, 44.9602)	(47, 44.7122)	(48, 44.4504)	(49, 44.437)	(50, 45.3147)	(51, 44.595800000000004)	(52, 45.1551)	(53, 44.5991)	(54, 44.6841)	(55, 44.737500000000004)	(56, 44.5401)	(57, 44.3023)	(58, 44.902300000000004)	(59, 44.4454)	(60, 44.5636)	(61, 44.55)	(62, 45.1353)	(63, 45.4748)	(64, 44.8409)	(65, 44.0869)	(66, 44.065599999999996)	(67, 45.1582)	(68, 45.4844)	(69, 45.0818)	(70, 44.8443)	(71, 44.7033)	(72, 43.972)	(73, 44.987100000000005)	(74, 44.7655)	(75, 44.1386)	(76, 44.4914)	(77, 44.8255)	(78, 44.1945)	(79, 45.0262)	(80, 44.8707)	(81, 44.8405)	(82, 44.4014)	(83, 44.4552)	(84, 45.144)	(85, 45.2175)	(86, 44.3364)	(87, 44.3365)	(88, 44.8664)	(89, 44.7763)	(90, 45.0722)	(91, 44.8058)	(92, 44.9131)	(93, 44.5517)	(94, 45.0521)	(95, 44.067299999999996)	(96, 44.6455)	(97, 44.9394)	(98, 44.7868)	(99, 44.3726)	(100, 44.1244)	(101, 44.99)	(102, 44.853)	(103, 44.397999999999996)	(104, 44.8361)	(105, 44.283699999999996)	(106, 44.4908)	(107, 44.7693)	(108, 45.0689)	(109, 44.869)	(110, 44.7901)	(111, 44.6379)	(112, 44.4912)	(113, 45.0684)	(114, 45.0586)	(115, 44.4979)	(116, 45.1573)	(117, 44.4846)	(118, 44.916)	(119, 45.6315)	(120, 45.5374)	(121, 45.1764)	(122, 45.605000000000004)	(123, 44.9052)	(124, 45.141)	(125, 45.2281)	(126, 45.3496)	(127, 45.4241)	(128, 45.4376)	(129, 44.9858)	(130, 44.6071)	(131, 44.804100000000005)	(132, 45.1314)	(133, 44.7941)	(134, 44.5159)	(135, 44.2094)	(136, 44.3682)	(137, 44.8851)	(138, 44.6939)	(139, 44.9164)	(140, 44.898700000000005)	(141, 44.1349)	(142, 44.7354)	(143, 45.5472)	(144, 44.1796)	(145, 44.375)	(146, 45.457)	(147, 44.1564)	(148, 44.2763)	(149, 44.679)	(150, 44.4606)
GW_Mock3	(1, 64.4602)	(2, 41.717)	(3, 43.147200000000005)	(4, 46.4932)	(5, 42.852000000000004)	(6, 37.5081)	(7, 39.1376)	(8, 47.848400000000005)	(9, 47.0416)	(10, 36.7329)	(11, 49.8672)	(12, 46.9162)	(13, 41.057900000000004)	(14, 42.3579)	(15, 43.5497)	(16, 43.2268)	(17, 43.717800000000004)	(18, 43.1835)	(19, 43.7338)	(20, 44.803)	(21, 43.7363)	(22, 44.3397)	(23, 43.666)	(24, 43.656099999999995)	(25, 44.0274)	(26, 44.5413)	(27, 43.5493)	(28, 44.4219)	(29, 44.1397)	(30, 43.5153)	(31, 43.923)	(32, 44.6692)	(33, 44.054)	(34, 43.519000000000005)	(35, 44.009100000000004)	(36, 43.7263)	(37, 44.2732)	(38, 44.343700000000005)	(39, 43.9852)	(40, 43.8921)	(41, 43.8425)	(42, 43.9747)	(43, 44.6589)	(44, 44.8143)	(45, 44.7087)	(46, 44.8153)	(47, 44.6461)	(48, 44.339600000000004)	(49, 44.2951)	(50, 45.2263)	(51, 44.4343)	(52, 45.0116)	(53, 44.5133)	(54, 44.5713)	(55, 44.609)	(56, 44.4072)	(57, 44.1872)	(58, 44.8232)	(59, 44.318400000000004)	(60, 44.4675)	(61, 44.4932)	(62, 45.055)	(63, 45.3785)	(64, 44.7418)	(65, 44.0784)	(66, 44.0119)	(67, 45.0244)	(68, 45.3737)	(69, 44.996399999999994)	(70, 44.7126)	(71, 44.5908)	(72, 43.9139)	(73, 44.8731)	(74, 44.678200000000004)	(75, 44.0704)	(76, 44.4171)	(77, 44.7458)	(78, 44.123400000000004)	(79, 44.9367)	(80, 44.771699999999996)	(81, 44.7938)	(82, 44.301899999999996)	(83, 44.373000000000005)	(84, 45.034)	(85, 45.0756)	(86, 44.3097)	(87, 44.292)	(88, 44.8246)	(89, 44.7632)	(90, 44.9801)	(91, 44.6975)	(92, 44.800200000000004)	(93, 44.4382)	(94, 44.9658)	(95, 43.9879)	(96, 44.5669)	(97, 44.82)	(98, 44.7212)	(99, 44.3228)	(100, 44.0375)	(101, 44.8839)	(102, 44.717800000000004)	(103, 44.205)	(104, 44.7312)	(105, 44.141200000000005)	(106, 44.3557)	(107, 44.640299999999996)	(108, 44.9495)	(109, 44.7226)	(110, 44.6925)	(111, 44.5574)	(112, 44.413399999999996)	(113, 44.966)	(114, 44.986599999999996)	(115, 44.4021)	(116, 45.022099999999995)	(117, 44.426)	(118, 44.8168)	(119, 45.5606)	(120, 45.405499999999996)	(121, 45.1056)	(122, 45.419)	(123, 44.7955)	(124, 45.0287)	(125, 45.122800000000005)	(126, 45.1706)	(127, 45.2805)	(128, 45.324)	(129, 44.874700000000004)	(130, 44.4918)	(131, 44.670100000000005)	(132, 45.0456)	(133, 44.6899)	(134, 44.4046)	(135, 44.1367)	(136, 44.276199999999996)	(137, 44.7509)	(138, 44.5797)	(139, 44.850699999999996)	(140, 44.8017)	(141, 44.0871)	(142, 44.6498)	(143, 45.435199999999995)	(144, 44.120599999999996)	(145, 44.2958)	(146, 45.3861)	(147, 44.1721)	(148, 44.2353)	(149, 44.6324)	(150, 44.4516)
GW_P1	(1, 65.176)	(2, 45.0928)	(3, 45.616099999999996)	(4, 48.3796)	(5, 43.9006)	(6, 37.6729)	(7, 39.124199999999995)	(8, 47.2464)	(9, 46.602900000000005)	(10, 37.2006)	(11, 49.4784)	(12, 46.5112)	(13, 41.3657)	(14, 42.6627)	(15, 43.788199999999996)	(16, 43.5218)	(17, 44.0182)	(18, 43.410399999999996)	(19, 43.851800000000004)	(20, 44.9302)	(21, 43.885999999999996)	(22, 44.496)	(23, 43.9182)	(24, 43.7712)	(25, 44.4459)	(26, 44.9191)	(27, 43.831900000000005)	(28, 44.858)	(29, 44.5848)	(30, 43.7804)	(31, 44.426700000000004)	(32, 45.1961)	(33, 44.4615)	(34, 44.070100000000004)	(35, 44.5486)	(36, 43.926300000000005)	(37, 44.6611)	(38, 44.6347)	(39, 44.2273)	(40, 44.217800000000004)	(41, 44.202799999999996)	(42, 44.1514)	(43, 44.940000000000005)	(44, 45.088699999999996)	(45, 44.8427)	(46, 45.1932)	(47, 45.1117)	(48, 44.8915)	(49, 44.8149)	(50, 45.5908)	(51, 44.819700000000005)	(52, 45.5188)	(53, 44.804899999999996)	(54, 45.0415)	(55, 45.2271)	(56, 44.8174)	(57, 44.6727)	(58, 45.3676)	(59, 44.7001)	(60, 45.0108)	(61, 44.9909)	(62, 45.2616)	(63, 45.7641)	(64, 45.0789)	(65, 44.364799999999995)	(66, 44.535000000000004)	(67, 45.4546)	(68, 45.7012)	(69, 45.6488)	(70, 45.2824)	(71, 44.8977)	(72, 44.4157)	(73, 45.4225)	(74, 45.110099999999996)	(75, 44.528099999999995)	(76, 44.6865)	(77, 44.9376)	(78, 44.401)	(79, 45.104699999999994)	(80, 45.2283)	(81, 45.2103)	(82, 44.8284)	(83, 45.1736)	(84, 45.6338)	(85, 45.464)	(86, 44.9587)	(87, 44.677099999999996)	(88, 45.096399999999996)	(89, 44.9847)	(90, 45.4056)	(91, 45.1729)	(92, 45.378299999999996)	(93, 44.9508)	(94, 45.3748)	(95, 44.5112)	(96, 45.1004)	(97, 45.306200000000004)	(98, 45.0948)	(99, 44.7436)	(100, 44.5052)	(101, 45.354)	(102, 45.297599999999996)	(103, 44.7633)	(104, 45.1119)	(105, 44.4009)	(106, 44.790600000000005)	(107, 44.9876)	(108, 45.1067)	(109, 45.325500000000005)	(110, 45.0967)	(111, 44.908300000000004)	(112, 44.8701)	(113, 45.561299999999996)	(114, 45.4121)	(115, 44.8166)	(116, 45.332699999999996)	(117, 44.6319)	(118, 45.1682)	(119, 46.0014)	(120, 45.759)	(121, 45.573)	(122, 45.8707)	(123, 45.1664)	(124, 45.622299999999996)	(125, 45.6594)	(126, 45.6261)	(127, 45.9208)	(128, 45.836)	(129, 45.3748)	(130, 45.076)	(131, 45.1375)	(132, 45.5762)	(133, 45.401799999999994)	(134, 45.0988)	(135, 44.6726)	(136, 44.6372)	(137, 45.0607)	(138, 44.9161)	(139, 45.182)	(140, 45.0445)	(141, 44.329499999999996)	(142, 44.972)	(143, 45.9038)	(144, 44.6425)	(145, 44.8054)	(146, 45.7439)	(147, 44.7842)	(148, 44.9373)	(149, 44.9295)	(150, 44.7214)
GW_P2	(1, 65.2549)	(2, 45.0614)	(3, 45.694)	(4, 48.4081)	(5, 43.8882)	(6, 37.7121)	(7, 39.0561)	(8, 47.199400000000004)	(9, 46.6379)	(10, 37.1678)	(11, 49.430800000000005)	(12, 46.4912)	(13, 41.369299999999996)	(14, 42.666900000000005)	(15, 43.7915)	(16, 43.4964)	(17, 43.926300000000005)	(18, 43.3934)	(19, 43.8318)	(20, 44.876599999999996)	(21, 43.8524)	(22, 44.479600000000005)	(23, 43.890499999999996)	(24, 43.7472)	(25, 44.4087)	(26, 44.8566)	(27, 43.7894)	(28, 44.8006)	(29, 44.5435)	(30, 43.7477)	(31, 44.4132)	(32, 45.1426)	(33, 44.3978)	(34, 44.0355)	(35, 44.5129)	(36, 43.905899999999995)	(37, 44.6549)	(38, 44.6438)	(39, 44.2142)	(40, 44.2511)	(41, 44.1909)	(42, 44.1276)	(43, 44.9238)	(44, 45.0556)	(45, 44.8459)	(46, 45.1951)	(47, 45.091300000000004)	(48, 44.8352)	(49, 44.8671)	(50, 45.601)	(51, 44.8038)	(52, 45.5239)	(53, 44.8075)	(54, 45.055)	(55, 45.2346)	(56, 44.8307)	(57, 44.676100000000005)	(58, 45.3166)	(59, 44.7354)	(60, 45.018299999999996)	(61, 44.9531)	(62, 45.2203)	(63, 45.7233)	(64, 45.028)	(65, 44.3416)	(66, 44.5706)	(67, 45.466899999999995)	(68, 45.671499999999995)	(69, 45.651399999999995)	(70, 45.2929)	(71, 44.8988)	(72, 44.463)	(73, 45.420300000000005)	(74, 45.0523)	(75, 44.4971)	(76, 44.6724)	(77, 44.9649)	(78, 44.3985)	(79, 45.074999999999996)	(80, 45.1905)	(81, 45.1905)	(82, 44.833)	(83, 45.1063)	(84, 45.6071)	(85, 45.4594)	(86, 44.9363)	(87, 44.636399999999995)	(88, 45.081500000000005)	(89, 44.9329)	(90, 45.4151)	(91, 45.1582)	(92, 45.3156)	(93, 44.931599999999996)	(94, 45.3378)	(95, 44.5354)	(96, 45.0872)	(97, 45.302)	(98, 45.0583)	(99, 44.7369)	(100, 44.5254)	(101, 45.3571)	(102, 45.3282)	(103, 44.783899999999996)	(104, 45.115100000000005)	(105, 44.4295)	(106, 44.774)	(107, 44.9963)	(108, 45.1062)	(109, 45.2793)	(110, 45.0675)	(111, 44.8713)	(112, 44.9002)	(113, 45.5318)	(114, 45.3505)	(115, 44.8544)	(116, 45.31)	(117, 44.5805)	(118, 45.1776)	(119, 45.9555)	(120, 45.698)	(121, 45.569700000000005)	(122, 45.8368)	(123, 45.1422)	(124, 45.5677)	(125, 45.622299999999996)	(126, 45.618700000000004)	(127, 45.888)	(128, 45.787)	(129, 45.341300000000004)	(130, 45.0654)	(131, 45.1322)	(132, 45.5732)	(133, 45.3771)	(134, 45.0922)	(135, 44.656800000000004)	(136, 44.6337)	(137, 45.0822)	(138, 44.906)	(139, 45.1727)	(140, 44.9951)	(141, 44.3412)	(142, 44.959900000000005)	(143, 45.9029)	(144, 44.6122)	(145, 44.7999)	(146, 45.6619)	(147, 44.7055)	(148, 44.8885)	(149, 44.9084)	(150, 44.6769)
GW_P3	(1, 65.0022)	(2, 44.1989)	(3, 44.940000000000005)	(4, 47.9337)	(5, 43.742999999999995)	(6, 37.815599999999996)	(7, 39.361200000000004)	(8, 47.7244)	(9, 46.9915)	(10, 37.311499999999995)	(11, 50.014199999999995)	(12, 46.970800000000004)	(13, 41.3915)	(14, 42.7667)	(15, 43.9517)	(16, 43.748599999999996)	(17, 44.0669)	(18, 43.5591)	(19, 44.0711)	(20, 45.085300000000004)	(21, 44.102999999999994)	(22, 44.6887)	(23, 44.026399999999995)	(24, 43.9143)	(25, 44.520199999999996)	(26, 44.974399999999996)	(27, 43.9629)	(28, 44.8743)	(29, 44.6178)	(30, 43.8744)	(31, 44.481500000000004)	(32, 45.2723)	(33, 44.522099999999995)	(34, 44.067299999999996)	(35, 44.5626)	(36, 44.0373)	(37, 44.756)	(38, 44.7733)	(39, 44.3945)	(40, 44.360699999999994)	(41, 44.274)	(42, 44.3305)	(43, 45.0923)	(44, 45.233200000000004)	(45, 44.9759)	(46, 45.2197)	(47, 45.096199999999996)	(48, 44.8701)	(49, 44.8035)	(50, 45.6438)	(51, 44.8831)	(52, 45.4922)	(53, 44.886199999999995)	(54, 45.0478)	(55, 45.269999999999996)	(56, 44.89)	(57, 44.7265)	(58, 45.4051)	(59, 44.745000000000005)	(60, 45.1034)	(61, 45.0642)	(62, 45.4361)	(63, 45.8145)	(64, 45.1376)	(65, 44.464)	(66, 44.580999999999996)	(67, 45.4955)	(68, 45.8405)	(69, 45.614900000000006)	(70, 45.3001)	(71, 44.9997)	(72, 44.4944)	(73, 45.543099999999995)	(74, 45.1925)	(75, 44.5756)	(76, 44.7969)	(77, 45.0847)	(78, 44.5772)	(79, 45.2439)	(80, 45.3194)	(81, 45.292300000000004)	(82, 44.8893)	(83, 45.0969)	(84, 45.643499999999996)	(85, 45.5131)	(86, 45.0429)	(87, 44.735200000000006)	(88, 45.266400000000004)	(89, 45.0953)	(90, 45.4889)	(91, 45.266400000000004)	(92, 45.3397)	(93, 44.9521)	(94, 45.4295)	(95, 44.5661)	(96, 45.1388)	(97, 45.3025)	(98, 45.1393)	(99, 44.8309)	(100, 44.586)	(101, 45.4544)	(102, 45.2592)	(103, 44.8117)	(104, 45.230599999999995)	(105, 44.6203)	(106, 44.876599999999996)	(107, 45.0923)	(108, 45.3401)	(109, 45.319700000000005)	(110, 45.0833)	(111, 44.966699999999996)	(112, 44.898700000000005)	(113, 45.546)	(114, 45.4139)	(115, 44.8218)	(116, 45.3793)	(117, 44.7262)	(118, 45.2474)	(119, 46.1023)	(120, 45.8194)	(121, 45.616299999999995)	(122, 45.9007)	(123, 45.2389)	(124, 45.6202)	(125, 45.6738)	(126, 45.6901)	(127, 45.8899)	(128, 45.847300000000004)	(129, 45.4252)	(130, 45.09)	(131, 45.176899999999996)	(132, 45.6137)	(133, 45.4173)	(134, 45.0554)	(135, 44.6478)	(136, 44.684000000000005)	(137, 45.1615)	(138, 45.025)	(139, 45.2903)	(140, 45.0814)	(141, 44.4751)	(142, 45.0751)	(143, 45.956599999999995)	(144, 44.6847)	(145, 44.8235)	(146, 45.7531)	(147, 44.7753)	(148, 44.905899999999995)	(149, 45.0104)	(150, 44.8345)
SFZ_Mock1	(1, 64.0815)	(2, 41.3696)	(3, 42.9616)	(4, 46.295700000000004)	(5, 42.5081)	(6, 37.5358)	(7, 38.8265)	(8, 47.720600000000005)	(9, 46.9615)	(10, 36.5553)	(11, 49.6339)	(12, 46.7587)	(13, 40.8508)	(14, 42.1207)	(15, 43.4595)	(16, 43.1291)	(17, 43.5555)	(18, 43.0491)	(19, 43.6054)	(20, 44.6436)	(21, 43.6334)	(22, 44.1558)	(23, 43.4266)	(24, 43.4549)	(25, 43.870599999999996)	(26, 44.3299)	(27, 43.3533)	(28, 44.270900000000005)	(29, 44.0011)	(30, 43.4)	(31, 43.8649)	(32, 44.6409)	(33, 44.0315)	(34, 43.2866)	(35, 43.7286)	(36, 43.534099999999995)	(37, 44.1401)	(38, 44.1289)	(39, 43.9668)	(40, 43.754799999999996)	(41, 43.6394)	(42, 43.7597)	(43, 44.5888)	(44, 44.7219)	(45, 44.513999999999996)	(46, 44.7639)	(47, 44.4668)	(48, 44.2473)	(49, 44.0794)	(50, 45.0594)	(51, 44.4104)	(52, 44.8954)	(53, 44.3828)	(54, 44.426700000000004)	(55, 44.4223)	(56, 44.177699999999994)	(57, 44.202799999999996)	(58, 44.7418)	(59, 44.1465)	(60, 44.4041)	(61, 44.2639)	(62, 45.1598)	(63, 45.4108)	(64, 44.5503)	(65, 43.96)	(66, 43.8939)	(67, 44.7971)	(68, 45.1612)	(69, 44.8614)	(70, 44.461099999999995)	(71, 44.5979)	(72, 43.6994)	(73, 44.7209)	(74, 44.4869)	(75, 43.8642)	(76, 44.2554)	(77, 44.622299999999996)	(78, 44.1139)	(79, 44.6809)	(80, 44.5451)	(81, 44.5959)	(82, 44.0254)	(83, 44.1732)	(84, 44.8866)	(85, 44.9741)	(86, 44.108799999999995)	(87, 44.118)	(88, 44.5383)	(89, 44.5799)	(90, 44.8133)	(91, 44.531)	(92, 44.6734)	(93, 44.2666)	(94, 44.7341)	(95, 43.764199999999995)	(96, 44.3742)	(97, 44.6994)	(98, 44.291799999999995)	(99, 44.1461)	(100, 43.845)	(101, 44.621)	(102, 44.6241)	(103, 44.006)	(104, 44.6554)	(105, 44.1207)	(106, 44.1641)	(107, 44.4409)	(108, 44.7245)	(109, 44.6589)	(110, 44.5086)	(111, 44.3909)	(112, 44.1594)	(113, 44.7301)	(114, 44.739200000000004)	(115, 44.190400000000004)	(116, 44.8679)	(117, 44.2614)	(118, 44.5882)	(119, 45.4413)	(120, 45.3815)	(121, 44.9332)	(122, 45.2231)	(123, 44.7525)	(124, 44.718)	(125, 44.9217)	(126, 45.0633)	(127, 45.2063)	(128, 45.162)	(129, 44.7542)	(130, 44.315)	(131, 44.6214)	(132, 44.9846)	(133, 44.518299999999996)	(134, 44.1689)	(135, 44.0816)	(136, 44.0597)	(137, 44.6182)	(138, 44.6288)	(139, 44.7384)	(140, 44.5981)	(141, 43.910900000000005)	(142, 44.481)	(143, 45.2347)	(144, 44.0303)	(145, 44.0716)	(146, 45.1871)	(147, 43.8954)	(148, 43.818400000000004)	(149, 44.3415)	(150, 44.334)
SFZ_Mock2	(1, 64.1329)	(2, 42.2465)	(3, 43.562200000000004)	(4, 46.7408)	(5, 42.765)	(6, 37.675599999999996)	(7, 38.866099999999996)	(8, 47.5056)	(9, 46.874700000000004)	(10, 36.563)	(11, 49.3869)	(12, 46.5623)	(13, 40.840199999999996)	(14, 42.100300000000004)	(15, 43.4784)	(16, 43.0918)	(17, 43.5647)	(18, 43.002)	(19, 43.5404)	(20, 44.6308)	(21, 43.5758)	(22, 44.1761)	(23, 43.4099)	(24, 43.4095)	(25, 43.9781)	(26, 44.4567)	(27, 43.4073)	(28, 44.3767)	(29, 44.0437)	(30, 43.3759)	(31, 43.9389)	(32, 44.731500000000004)	(33, 44.0646)	(34, 43.3335)	(35, 43.7902)	(36, 43.551)	(37, 44.1064)	(38, 44.2379)	(39, 44.0713)	(40, 43.8546)	(41, 43.6901)	(42, 43.7681)	(43, 44.6111)	(44, 44.756)	(45, 44.61)	(46, 44.9058)	(47, 44.5607)	(48, 44.3327)	(49, 44.269)	(50, 45.167)	(51, 44.501200000000004)	(52, 45.0432)	(53, 44.4619)	(54, 44.5247)	(55, 44.5463)	(56, 44.296)	(57, 44.289899999999996)	(58, 44.799299999999995)	(59, 44.1753)	(60, 44.4782)	(61, 44.3281)	(62, 45.1779)	(63, 45.5213)	(64, 44.6166)	(65, 43.9386)	(66, 43.9054)	(67, 44.9183)	(68, 45.2134)	(69, 45.001000000000005)	(70, 44.6032)	(71, 44.6654)	(72, 43.7954)	(73, 44.7845)	(74, 44.5625)	(75, 43.9253)	(76, 44.3012)	(77, 44.6751)	(78, 44.1702)	(79, 44.7042)	(80, 44.5882)	(81, 44.6267)	(82, 44.1495)	(83, 44.2686)	(84, 44.9991)	(85, 45.1458)	(86, 44.150800000000004)	(87, 44.1774)	(88, 44.5795)	(89, 44.5714)	(90, 44.952)	(91, 44.6334)	(92, 44.8056)	(93, 44.3983)	(94, 44.7716)	(95, 43.8568)	(96, 44.526700000000005)	(97, 44.826899999999995)	(98, 44.3736)	(99, 44.2033)	(100, 43.9861)	(101, 44.7239)	(102, 44.7654)	(103, 44.1913)	(104, 44.7089)	(105, 44.1759)	(106, 44.2367)	(107, 44.5258)	(108, 44.7698)	(109, 44.7528)	(110, 44.5786)	(111, 44.4724)	(112, 44.2894)	(113, 44.838699999999996)	(114, 44.8835)	(115, 44.2797)	(116, 45.013799999999996)	(117, 44.3158)	(118, 44.7085)	(119, 45.5146)	(120, 45.4852)	(121, 45.096000000000004)	(122, 45.3377)	(123, 44.8405)	(124, 44.919)	(125, 45.156600000000005)	(126, 45.2447)	(127, 45.4114)	(128, 45.3101)	(129, 44.9258)	(130, 44.4953)	(131, 44.7535)	(132, 45.0865)	(133, 44.7136)	(134, 44.3373)	(135, 44.1695)	(136, 44.1725)	(137, 44.6927)	(138, 44.7045)	(139, 44.7891)	(140, 44.648700000000005)	(141, 43.9478)	(142, 44.5711)	(143, 45.3968)	(144, 44.134)	(145, 44.1926)	(146, 45.2637)	(147, 43.966)	(148, 43.9303)	(149, 44.4771)	(150, 44.3097)
SFZ_Mock3	(1, 65.0317)	(2, 43.0265)	(3, 44.5181)	(4, 47.200900000000004)	(5, 42.8526)	(6, 37.428200000000004)	(7, 38.5865)	(8, 47.252100000000006)	(9, 46.583000000000006)	(10, 36.6068)	(11, 49.1696)	(12, 46.385)	(13, 40.971999999999994)	(14, 42.222300000000004)	(15, 43.4105)	(16, 43.032)	(17, 43.5974)	(18, 43.0107)	(19, 43.575399999999995)	(20, 44.5319)	(21, 43.547200000000004)	(22, 44.1121)	(23, 43.479800000000004)	(24, 43.4368)	(25, 43.9459)	(26, 44.5181)	(27, 43.4315)	(28, 44.4191)	(29, 44.1175)	(30, 43.5201)	(31, 44.1196)	(32, 44.7228)	(33, 44.1377)	(34, 43.4655)	(35, 43.9326)	(36, 43.546800000000005)	(37, 44.2074)	(38, 44.1256)	(39, 43.961099999999995)	(40, 43.7681)	(41, 43.7357)	(42, 43.7552)	(43, 44.5775)	(44, 44.6728)	(45, 44.5071)	(46, 44.9148)	(47, 44.5849)	(48, 44.3631)	(49, 44.298300000000005)	(50, 45.114)	(51, 44.4844)	(52, 45.1916)	(53, 44.555299999999995)	(54, 44.5982)	(55, 44.615100000000005)	(56, 44.2596)	(57, 44.3071)	(58, 44.8421)	(59, 44.3195)	(60, 44.5868)	(61, 44.4093)	(62, 45.1207)	(63, 45.5071)	(64, 44.7062)	(65, 44.0283)	(66, 44.071)	(67, 44.9286)	(68, 45.1524)	(69, 45.075700000000005)	(70, 44.710499999999996)	(71, 44.6353)	(72, 43.8777)	(73, 44.7986)	(74, 44.4826)	(75, 44.032)	(76, 44.3882)	(77, 44.710100000000004)	(78, 44.190000000000005)	(79, 44.731500000000004)	(80, 44.556400000000004)	(81, 44.6909)	(82, 44.2221)	(83, 44.4098)	(84, 45.0837)	(85, 45.149699999999996)	(86, 44.2615)	(87, 44.2335)	(88, 44.5772)	(89, 44.6183)	(90, 44.9204)	(91, 44.5665)	(92, 44.8152)	(93, 44.4163)	(94, 44.845)	(95, 43.9093)	(96, 44.5504)	(97, 44.8498)	(98, 44.3831)	(99, 44.2359)	(100, 43.9917)	(101, 44.6788)	(102, 44.73)	(103, 44.124)	(104, 44.6708)	(105, 44.123400000000004)	(106, 44.2352)	(107, 44.5124)	(108, 44.6445)	(109, 44.765100000000004)	(110, 44.642900000000004)	(111, 44.485)	(112, 44.4012)	(113, 44.9017)	(114, 44.8455)	(115, 44.341)	(116, 44.893100000000004)	(117, 44.2621)	(118, 44.703900000000004)	(119, 45.4963)	(120, 45.3828)	(121, 45.076)	(122, 45.3155)	(123, 44.798100000000005)	(124, 44.9094)	(125, 45.1098)	(126, 45.1923)	(127, 45.3745)	(128, 45.313700000000004)	(129, 44.887)	(130, 44.4979)	(131, 44.7975)	(132, 45.1054)	(133, 44.7138)	(134, 44.3682)	(135, 44.2991)	(136, 44.271899999999995)	(137, 44.672200000000004)	(138, 44.6458)	(139, 44.8737)	(140, 44.7166)	(141, 44.0436)	(142, 44.6217)	(143, 45.3555)	(144, 44.1978)	(145, 44.2471)	(146, 45.2992)	(147, 44.1137)	(148, 44.0865)	(149, 44.4517)	(150, 44.338899999999995)
SFZ_P1	(1, 64.3399)	(2, 42.4135)	(3, 43.753)	(4, 46.9063)	(5, 42.7914)	(6, 37.6574)	(7, 38.8081)	(8, 47.838)	(9, 47.0428)	(10, 36.8671)	(11, 49.679899999999996)	(12, 47.0182)	(13, 41.3062)	(14, 42.5477)	(15, 43.7074)	(16, 43.5138)	(17, 43.7541)	(18, 43.261500000000005)	(19, 43.790800000000004)	(20, 44.5527)	(21, 43.831900000000005)	(22, 44.2653)	(23, 43.6254)	(24, 43.6939)	(25, 44.114)	(26, 44.4831)	(27, 43.6263)	(28, 44.3905)	(29, 44.2465)	(30, 43.7374)	(31, 44.2182)	(32, 44.670700000000004)	(33, 44.1589)	(34, 43.709399999999995)	(35, 44.1488)	(36, 43.8606)	(37, 44.2936)	(38, 44.235600000000005)	(39, 44.173899999999996)	(40, 44.0484)	(41, 43.9781)	(42, 44.1108)	(43, 44.6457)	(44, 44.8076)	(45, 44.649499999999996)	(46, 44.779799999999994)	(47, 44.6295)	(48, 44.5167)	(49, 44.375)	(50, 45.0073)	(51, 44.5736)	(52, 45.0053)	(53, 44.577299999999994)	(54, 44.5916)	(55, 44.7485)	(56, 44.46)	(57, 44.4987)	(58, 44.8777)	(59, 44.4942)	(60, 44.6759)	(61, 44.5203)	(62, 45.1454)	(63, 45.3468)	(64, 44.7299)	(65, 44.2655)	(66, 44.1639)	(67, 44.9638)	(68, 45.2444)	(69, 44.9531)	(70, 44.6787)	(71, 44.7992)	(72, 44.0548)	(73, 44.8724)	(74, 44.7085)	(75, 44.2149)	(76, 44.4521)	(77, 44.8299)	(78, 44.446799999999996)	(79, 44.7474)	(80, 44.7509)	(81, 44.7262)	(82, 44.4915)	(83, 44.527699999999996)	(84, 44.9726)	(85, 45.199099999999994)	(86, 44.4384)	(87, 44.4122)	(88, 44.7967)	(89, 44.759100000000004)	(90, 45.0484)	(91, 44.7984)	(92, 45.0016)	(93, 44.6853)	(94, 44.900099999999995)	(95, 44.3857)	(96, 44.7402)	(97, 44.9488)	(98, 44.6021)	(99, 44.4818)	(100, 44.3183)	(101, 44.86)	(102, 44.8277)	(103, 44.4641)	(104, 44.8003)	(105, 44.4684)	(106, 44.545899999999996)	(107, 44.7378)	(108, 44.924)	(109, 44.894800000000004)	(110, 44.7335)	(111, 44.662600000000005)	(112, 44.550200000000004)	(113, 45.0411)	(114, 45.0127)	(115, 44.508399999999995)	(116, 45.0559)	(117, 44.5359)	(118, 44.8914)	(119, 45.441500000000005)	(120, 45.462599999999995)	(121, 45.1325)	(122, 45.2929)	(123, 44.9376)	(124, 44.9709)	(125, 45.1734)	(126, 45.251999999999995)	(127, 45.365100000000005)	(128, 45.2973)	(129, 44.9799)	(130, 44.7697)	(131, 44.8617)	(132, 45.129799999999996)	(133, 44.9042)	(134, 44.5134)	(135, 44.424400000000006)	(136, 44.365300000000005)	(137, 44.8203)	(138, 44.8681)	(139, 44.9225)	(140, 44.845)	(141, 44.3268)	(142, 44.7684)	(143, 45.4204)	(144, 44.404700000000005)	(145, 44.5266)	(146, 45.2732)	(147, 44.3025)	(148, 44.338499999999996)	(149, 44.6794)	(150, 44.4962)
SFZ_P2	(1, 64.4803)	(2, 42.3739)	(3, 43.7935)	(4, 46.9724)	(5, 42.8249)	(6, 37.6496)	(7, 38.8525)	(8, 47.7979)	(9, 47.0291)	(10, 36.8693)	(11, 49.711800000000004)	(12, 47.0454)	(13, 41.2754)	(14, 42.6379)	(15, 43.79)	(16, 43.535000000000004)	(17, 43.7977)	(18, 43.3283)	(19, 43.8834)	(20, 44.6321)	(21, 43.9028)	(22, 44.329)	(23, 43.7128)	(24, 43.7668)	(25, 44.2201)	(26, 44.5876)	(27, 43.7006)	(28, 44.508199999999995)	(29, 44.3454)	(30, 43.8332)	(31, 44.3268)	(32, 44.7864)	(33, 44.2732)	(34, 43.8022)	(35, 44.2225)	(36, 43.9156)	(37, 44.3825)	(38, 44.324000000000005)	(39, 44.2334)	(40, 44.1274)	(41, 44.033)	(42, 44.2149)	(43, 44.7307)	(44, 44.884299999999996)	(45, 44.7682)	(46, 44.874900000000004)	(47, 44.6587)	(48, 44.5375)	(49, 44.4647)	(50, 45.1098)	(51, 44.638099999999994)	(52, 45.1534)	(53, 44.6567)	(54, 44.6704)	(55, 44.864399999999996)	(56, 44.5094)	(57, 44.5706)	(58, 44.9504)	(59, 44.5297)	(60, 44.7847)	(61, 44.6319)	(62, 45.2395)	(63, 45.4705)	(64, 44.795)	(65, 44.336999999999996)	(66, 44.2446)	(67, 45.086)	(68, 45.3417)	(69, 45.0735)	(70, 44.82)	(71, 44.8716)	(72, 44.1154)	(73, 44.969)	(74, 44.8165)	(75, 44.292)	(76, 44.5608)	(77, 44.9062)	(78, 44.4914)	(79, 44.8656)	(80, 44.8265)	(81, 44.7743)	(82, 44.5508)	(83, 44.5907)	(84, 45.091300000000004)	(85, 45.3121)	(86, 44.5415)	(87, 44.485400000000006)	(88, 44.8917)	(89, 44.8367)	(90, 45.1245)	(91, 44.854)	(92, 45.0345)	(93, 44.723800000000004)	(94, 44.9754)	(95, 44.4062)	(96, 44.8066)	(97, 45.0313)	(98, 44.6273)	(99, 44.4959)	(100, 44.3346)	(101, 44.9307)	(102, 44.8825)	(103, 44.492599999999996)	(104, 44.8808)	(105, 44.5512)	(106, 44.574200000000005)	(107, 44.7965)	(108, 44.9783)	(109, 44.9749)	(110, 44.7977)	(111, 44.6957)	(112, 44.615100000000005)	(113, 45.1264)	(114, 45.0507)	(115, 44.5801)	(116, 45.1305)	(117, 44.569900000000004)	(118, 44.9887)	(119, 45.5762)	(120, 45.5883)	(121, 45.2237)	(122, 45.4474)	(123, 45.043499999999995)	(124, 45.0605)	(125, 45.2694)	(126, 45.3703)	(127, 45.4903)	(128, 45.4281)	(129, 45.0976)	(130, 44.837700000000005)	(131, 44.966499999999996)	(132, 45.198899999999995)	(133, 44.967400000000005)	(134, 44.5501)	(135, 44.4964)	(136, 44.4645)	(137, 44.9219)	(138, 44.9238)	(139, 45.012)	(140, 44.9101)	(141, 44.3685)	(142, 44.8705)	(143, 45.47)	(144, 44.446400000000004)	(145, 44.5921)	(146, 45.328)	(147, 44.3557)	(148, 44.3873)	(149, 44.734899999999996)	(150, 44.5784)
SFZ_P3	(1, 64.7436)	(2, 42.6079)	(3, 44.0721)	(4, 47.058499999999995)	(5, 42.7839)	(6, 37.5801)	(7, 38.791399999999996)	(8, 47.699799999999996)	(9, 46.9638)	(10, 36.8838)	(11, 49.5601)	(12, 46.9005)	(13, 41.3217)	(14, 42.5747)	(15, 43.7535)	(16, 43.5255)	(17, 43.737500000000004)	(18, 43.234899999999996)	(19, 43.772299999999994)	(20, 44.5751)	(21, 43.8397)	(22, 44.2903)	(23, 43.695299999999996)	(24, 43.7523)	(25, 44.1642)	(26, 44.5445)	(27, 43.6652)	(28, 44.445800000000006)	(29, 44.3052)	(30, 43.7562)	(31, 44.2607)	(32, 44.7439)	(33, 44.2145)	(34, 43.7218)	(35, 44.1661)	(36, 43.8851)	(37, 44.3609)	(38, 44.2863)	(39, 44.2257)	(40, 44.0919)	(41, 44.0344)	(42, 44.162600000000005)	(43, 44.6903)	(44, 44.8349)	(45, 44.7314)	(46, 44.8801)	(47, 44.6985)	(48, 44.563)	(49, 44.4437)	(50, 45.1039)	(51, 44.6313)	(52, 45.1278)	(53, 44.6296)	(54, 44.6535)	(55, 44.8439)	(56, 44.5124)	(57, 44.499300000000005)	(58, 44.947900000000004)	(59, 44.5454)	(60, 44.7263)	(61, 44.5868)	(62, 45.212799999999994)	(63, 45.4436)	(64, 44.805299999999995)	(65, 44.2965)	(66, 44.2166)	(67, 45.048100000000005)	(68, 45.3048)	(69, 45.0597)	(70, 44.798700000000004)	(71, 44.879799999999996)	(72, 44.1216)	(73, 44.933)	(74, 44.7939)	(75, 44.313399999999994)	(76, 44.5359)	(77, 44.9073)	(78, 44.4692)	(79, 44.835)	(80, 44.8268)	(81, 44.7853)	(82, 44.5466)	(83, 44.5863)	(84, 45.0861)	(85, 45.2389)	(86, 44.5193)	(87, 44.4498)	(88, 44.9048)	(89, 44.816)	(90, 45.123200000000004)	(91, 44.8221)	(92, 45.076)	(93, 44.7429)	(94, 44.9336)	(95, 44.437)	(96, 44.800000000000004)	(97, 45.0377)	(98, 44.617000000000004)	(99, 44.5137)	(100, 44.361200000000004)	(101, 44.9369)	(102, 44.9088)	(103, 44.526700000000005)	(104, 44.8635)	(105, 44.5038)	(106, 44.6207)	(107, 44.8166)	(108, 44.959700000000005)	(109, 44.9975)	(110, 44.7731)	(111, 44.7275)	(112, 44.6633)	(113, 45.1241)	(114, 45.049099999999996)	(115, 44.588100000000004)	(116, 45.1036)	(117, 44.5709)	(118, 45.022099999999995)	(119, 45.5152)	(120, 45.5648)	(121, 45.2018)	(122, 45.3735)	(123, 45.011)	(124, 45.059900000000006)	(125, 45.2536)	(126, 45.335)	(127, 45.4566)	(128, 45.3637)	(129, 45.0556)	(130, 44.8551)	(131, 44.9615)	(132, 45.196)	(133, 44.9845)	(134, 44.6041)	(135, 44.5326)	(136, 44.4334)	(137, 44.913599999999995)	(138, 44.9118)	(139, 44.9997)	(140, 44.912400000000005)	(141, 44.3895)	(142, 44.872)	(143, 45.4994)	(144, 44.4759)	(145, 44.5865)	(146, 45.331900000000005)	(147, 44.373400000000004)	(148, 44.3801)	(149, 44.7333)	(150, 44.5504)
