Sample	0	1	2	3	4	5	6	7	8	9	10	11	12	13	14	15	16	17	18	19	20	21	22	23	24	25	26	27	28	29	30	31	32	33	34	35	36	37	38	39	40	41	42	43	44	45	46	47	48	49	50	51	52	53	54	55	56	57	58	59	60	61	62	63	64	65	66	67	68	69	70	71	72	73	74	75	76	77	78	79	80	81	82	83	84	85	86	87	88	89	90	91	92	93	94	95	96	97	98	99	100
GW_Mock1_R1	(0.0, 56.0)	(1.0, 30.5)	(2.0, 6.0)	(3.0, 8.0)	(4.0, 8.0)	(5.0, 11.0)	(6.0, 14.5)	(7.0, 20.5)	(8.0, 32.5)	(9.0, 40.5)	(10.0, 50.5)	(11.0, 79.5)	(12.0, 144.0)	(13.0, 228.0)	(14.0, 382.0)	(15.0, 593.0)	(16.0, 877.0)	(17.0, 1403.5)	(18.0, 2148.5)	(19.0, 3198.5)	(20.0, 4722.5)	(21.0, 6908.5)	(22.0, 10094.5)	(23.0, 13970.5)	(24.0, 19598.0)	(25.0, 26758.5)	(26.0, 35028.5)	(27.0, 46815.5)	(28.0, 61865.0)	(29.0, 79590.0)	(30.0, 104327.5)	(31.0, 136069.5)	(32.0, 170139.5)	(33.0, 205496.0)	(34.0, 252877.0)	(35.0, 321664.5)	(36.0, 397289.0)	(37.0, 486036.0)	(38.0, 606390.0)	(39.0, 756000.5)	(40.0, 934545.5)	(41.0, 1135476.5)	(42.0, 1339144.0)	(43.0, 1463787.0)	(44.0, 1548092.5)	(45.0, 1505711.5)	(46.0, 1323931.5)	(47.0, 1195173.5)	(48.0, 1082848.0)	(49.0, 946738.0)	(50.0, 828270.5)	(51.0, 707290.0)	(52.0, 578683.5)	(53.0, 475238.0)	(54.0, 386785.0)	(55.0, 324387.5)	(56.0, 277497.5)	(57.0, 227869.5)	(58.0, 185392.5)	(59.0, 154185.5)	(60.0, 128292.5)	(61.0, 104590.0)	(62.0, 82452.5)	(63.0, 67332.5)	(64.0, 55061.0)	(65.0, 43424.0)	(66.0, 33699.5)	(67.0, 25912.5)	(68.0, 20274.0)	(69.0, 15630.5)	(70.0, 11464.5)	(71.0, 7916.5)	(72.0, 5141.5)	(73.0, 3362.5)	(74.0, 2268.0)	(75.0, 1524.5)	(76.0, 1072.0)	(77.0, 840.0)	(78.0, 741.5)	(79.0, 771.5)	(80.0, 652.5)	(81.0, 442.0)	(82.0, 333.0)	(83.0, 222.0)	(84.0, 175.0)	(85.0, 177.5)	(86.0, 156.5)	(87.0, 143.5)	(88.0, 151.5)	(89.0, 146.5)	(90.0, 122.5)	(91.0, 115.0)	(92.0, 120.0)	(93.0, 134.0)	(94.0, 164.5)	(95.0, 228.5)	(96.0, 383.0)	(97.0, 807.0)	(98.0, 2541.0)	(99.0, 2535.0)	(100.0, 625.5)
GW_Mock1_R2	(0.0, 559.0)	(1.0, 333.0)	(2.0, 78.0)	(3.0, 50.5)	(4.0, 49.0)	(5.0, 45.5)	(6.0, 48.0)	(7.0, 51.5)	(8.0, 61.0)	(9.0, 72.0)	(10.0, 81.0)	(11.0, 110.5)	(12.0, 153.5)	(13.0, 237.5)	(14.0, 390.0)	(15.0, 579.0)	(16.0, 871.5)	(17.0, 1312.0)	(18.0, 1985.0)	(19.0, 2879.0)	(20.0, 4212.0)	(21.0, 6229.5)	(22.0, 9388.5)	(23.0, 13314.5)	(24.0, 18787.0)	(25.0, 25729.0)	(26.0, 33956.0)	(27.0, 45881.5)	(28.0, 60895.0)	(29.0, 78528.0)	(30.0, 102983.5)	(31.0, 134583.5)	(32.0, 169014.0)	(33.0, 204513.5)	(34.0, 251744.0)	(35.0, 320072.0)	(36.0, 395163.0)	(37.0, 484863.5)	(38.0, 603681.0)	(39.0, 750115.0)	(40.0, 926327.5)	(41.0, 1126369.0)	(42.0, 1331762.5)	(43.0, 1457574.0)	(44.0, 1541873.0)	(45.0, 1501030.0)	(46.0, 1320676.0)	(47.0, 1188901.0)	(48.0, 1077458.5)	(49.0, 947702.5)	(50.0, 830054.0)	(51.0, 707013.0)	(52.0, 578345.0)	(53.0, 474689.0)	(54.0, 386013.5)	(55.0, 323536.0)	(56.0, 276725.0)	(57.0, 227296.5)	(58.0, 184715.0)	(59.0, 152738.5)	(60.0, 126440.0)	(61.0, 102925.5)	(62.0, 81312.0)	(63.0, 66445.5)	(64.0, 54151.0)	(65.0, 42475.5)	(66.0, 32722.5)	(67.0, 24968.5)	(68.0, 19464.0)	(69.0, 15123.5)	(70.0, 11129.0)	(71.0, 7741.5)	(72.0, 5006.5)	(73.0, 3244.5)	(74.0, 2235.0)	(75.0, 1611.5)	(76.0, 1152.0)	(77.0, 902.5)	(78.0, 827.5)	(79.0, 861.5)	(80.0, 746.0)	(81.0, 593.0)	(82.0, 522.5)	(83.0, 464.5)	(84.0, 451.0)	(85.0, 474.5)	(86.0, 509.5)	(87.0, 559.0)	(88.0, 594.5)	(89.0, 616.0)	(90.0, 666.5)	(91.0, 718.0)	(92.0, 777.0)	(93.0, 861.5)	(94.0, 982.5)	(95.0, 1134.0)	(96.0, 1415.5)	(97.0, 2003.5)	(98.0, 3138.0)	(99.0, 6719.0)	(100.0, 45217.0)
GW_Mock2_R1	(0.0, 63.0)	(1.0, 37.0)	(2.0, 10.0)	(3.0, 8.5)	(4.0, 11.0)	(5.0, 10.5)	(6.0, 8.5)	(7.0, 17.5)	(8.0, 33.0)	(9.0, 52.0)	(10.0, 78.0)	(11.0, 109.0)	(12.0, 148.0)	(13.0, 232.5)	(14.0, 391.5)	(15.0, 600.0)	(16.0, 877.0)	(17.0, 1343.0)	(18.0, 2171.0)	(19.0, 3202.0)	(20.0, 4639.0)	(21.0, 6845.0)	(22.0, 10001.0)	(23.0, 14021.5)	(24.0, 19881.0)	(25.0, 27103.0)	(26.0, 35592.5)	(27.0, 48033.5)	(28.0, 63884.0)	(29.0, 82821.5)	(30.0, 108899.0)	(31.0, 141930.0)	(32.0, 177515.5)	(33.0, 214148.0)	(34.0, 264027.5)	(35.0, 337400.5)	(36.0, 416612.0)	(37.0, 510363.0)	(38.0, 639322.0)	(39.0, 800879.5)	(40.0, 990318.0)	(41.0, 1199255.0)	(42.0, 1414777.0)	(43.0, 1545386.0)	(44.0, 1630599.5)	(45.0, 1585937.5)	(46.0, 1393947.5)	(47.0, 1253812.5)	(48.0, 1134818.0)	(49.0, 991851.5)	(50.0, 862449.0)	(51.0, 733115.0)	(52.0, 600324.0)	(53.0, 492852.5)	(54.0, 398100.5)	(55.0, 331419.5)	(56.0, 281659.5)	(57.0, 231061.0)	(58.0, 189061.0)	(59.0, 156374.0)	(60.0, 129175.5)	(61.0, 105802.5)	(62.0, 83959.0)	(63.0, 68650.0)	(64.0, 56341.5)	(65.0, 44197.0)	(66.0, 34116.5)	(67.0, 26436.0)	(68.0, 20532.0)	(69.0, 15818.5)	(70.0, 11713.0)	(71.0, 8102.5)	(72.0, 5272.5)	(73.0, 3407.0)	(74.0, 2346.0)	(75.0, 1637.0)	(76.0, 1093.0)	(77.0, 875.0)	(78.0, 803.5)	(79.0, 801.5)	(80.0, 674.5)	(81.0, 503.5)	(82.0, 361.5)	(83.0, 218.0)	(84.0, 187.5)	(85.0, 170.5)	(86.0, 163.0)	(87.0, 163.0)	(88.0, 143.0)	(89.0, 132.0)	(90.0, 133.5)	(91.0, 138.0)	(92.0, 152.5)	(93.0, 173.5)	(94.0, 209.0)	(95.0, 266.0)	(96.0, 417.0)	(97.0, 874.0)	(98.0, 2917.0)	(99.0, 2992.5)	(100.0, 760.5)
GW_Mock2_R2	(0.0, 614.0)	(1.0, 351.5)	(2.0, 77.5)	(3.0, 54.0)	(4.0, 43.0)	(5.0, 42.5)	(6.0, 46.5)	(7.0, 54.5)	(8.0, 66.5)	(9.0, 76.5)	(10.0, 88.0)	(11.0, 122.0)	(12.0, 166.0)	(13.0, 235.5)	(14.0, 389.5)	(15.0, 581.5)	(16.0, 839.0)	(17.0, 1322.5)	(18.0, 2073.0)	(19.0, 2996.5)	(20.0, 4386.5)	(21.0, 6414.5)	(22.0, 9449.5)	(23.0, 13460.5)	(24.0, 19203.5)	(25.0, 26416.0)	(26.0, 35009.0)	(27.0, 47428.5)	(28.0, 63131.0)	(29.0, 81696.0)	(30.0, 107393.5)	(31.0, 141148.5)	(32.0, 177573.5)	(33.0, 214458.0)	(34.0, 264003.5)	(35.0, 337420.5)	(36.0, 415790.0)	(37.0, 508895.5)	(38.0, 636857.5)	(39.0, 795879.0)	(40.0, 983840.0)	(41.0, 1194660.5)	(42.0, 1411942.0)	(43.0, 1542538.0)	(44.0, 1627237.5)	(45.0, 1581132.0)	(46.0, 1389593.0)	(47.0, 1248629.5)	(48.0, 1130343.5)	(49.0, 991886.5)	(50.0, 861199.5)	(51.0, 731311.0)	(52.0, 600304.5)	(53.0, 491550.0)	(54.0, 398153.5)	(55.0, 331678.0)	(56.0, 280756.0)	(57.0, 229349.0)	(58.0, 187238.0)	(59.0, 155360.0)	(60.0, 127669.0)	(61.0, 104094.5)	(62.0, 82831.0)	(63.0, 67525.0)	(64.0, 55556.5)	(65.0, 43687.5)	(66.0, 33520.0)	(67.0, 25787.5)	(68.0, 19954.0)	(69.0, 15247.0)	(70.0, 11193.5)	(71.0, 7794.0)	(72.0, 5033.5)	(73.0, 3346.0)	(74.0, 2395.5)	(75.0, 1679.0)	(76.0, 1167.0)	(77.0, 953.5)	(78.0, 886.5)	(79.0, 933.0)	(80.0, 822.0)	(81.0, 639.5)	(82.0, 548.5)	(83.0, 463.0)	(84.0, 457.0)	(85.0, 468.0)	(86.0, 510.0)	(87.0, 563.0)	(88.0, 573.5)	(89.0, 616.0)	(90.0, 679.5)	(91.0, 715.0)	(92.0, 772.5)	(93.0, 868.0)	(94.0, 994.5)	(95.0, 1113.5)	(96.0, 1302.5)	(97.0, 1795.5)	(98.0, 2695.5)	(99.0, 5322.5)	(100.0, 34666.5)
GW_Mock3_R1	(0.0, 61.0)	(1.0, 35.5)	(2.0, 8.5)	(3.0, 8.0)	(4.0, 8.5)	(5.0, 12.5)	(6.0, 22.5)	(7.0, 28.5)	(8.0, 38.0)	(9.0, 61.0)	(10.0, 81.5)	(11.0, 112.0)	(12.0, 174.5)	(13.0, 261.5)	(14.0, 455.5)	(15.0, 722.5)	(16.0, 1098.5)	(17.0, 1701.5)	(18.0, 2679.0)	(19.0, 3896.0)	(20.0, 5533.0)	(21.0, 8097.5)	(22.0, 11751.0)	(23.0, 16363.0)	(24.0, 22847.0)	(25.0, 30862.5)	(26.0, 40307.5)	(27.0, 53716.5)	(28.0, 70938.0)	(29.0, 91041.0)	(30.0, 118109.0)	(31.0, 152969.0)	(32.0, 189995.0)	(33.0, 228165.0)	(34.0, 279230.0)	(35.0, 355023.5)	(36.0, 437070.0)	(37.0, 533304.0)	(38.0, 665626.0)	(39.0, 830021.5)	(40.0, 1023321.0)	(41.0, 1238610.0)	(42.0, 1454921.0)	(43.0, 1583975.0)	(44.0, 1666062.5)	(45.0, 1613025.5)	(46.0, 1414855.0)	(47.0, 1270496.0)	(48.0, 1148209.0)	(49.0, 1008810.5)	(50.0, 880829.5)	(51.0, 746347.0)	(52.0, 610551.5)	(53.0, 501830.0)	(54.0, 407534.0)	(55.0, 339328.0)	(56.0, 288206.5)	(57.0, 236692.0)	(58.0, 193383.0)	(59.0, 160944.0)	(60.0, 133075.5)	(61.0, 108423.0)	(62.0, 86636.0)	(63.0, 71254.0)	(64.0, 58548.0)	(65.0, 46137.5)	(66.0, 35788.0)	(67.0, 27907.0)	(68.0, 22038.5)	(69.0, 17046.5)	(70.0, 12634.0)	(71.0, 8820.0)	(72.0, 5793.0)	(73.0, 3963.5)	(74.0, 2972.0)	(75.0, 2259.5)	(76.0, 1542.0)	(77.0, 1203.5)	(78.0, 1176.5)	(79.0, 1251.5)	(80.0, 1036.5)	(81.0, 684.0)	(82.0, 437.5)	(83.0, 237.0)	(84.0, 180.0)	(85.0, 172.0)	(86.0, 147.5)	(87.0, 144.5)	(88.0, 156.0)	(89.0, 133.0)	(90.0, 115.0)	(91.0, 118.5)	(92.0, 129.0)	(93.0, 149.0)	(94.0, 183.5)	(95.0, 241.5)	(96.0, 423.0)	(97.0, 927.0)	(98.0, 2993.5)	(99.0, 3031.0)	(100.0, 787.5)
GW_Mock3_R2	(0.0, 630.0)	(1.0, 372.5)	(2.0, 88.5)	(3.0, 55.5)	(4.0, 49.5)	(5.0, 54.0)	(6.0, 53.0)	(7.0, 53.0)	(8.0, 72.0)	(9.0, 93.0)	(10.0, 112.5)	(11.0, 130.5)	(12.0, 193.5)	(13.0, 308.5)	(14.0, 499.0)	(15.0, 758.5)	(16.0, 1066.5)	(17.0, 1633.5)	(18.0, 2516.5)	(19.0, 3704.5)	(20.0, 5394.5)	(21.0, 7774.0)	(22.0, 11373.5)	(23.0, 15698.5)	(24.0, 22189.0)	(25.0, 30467.5)	(26.0, 39880.0)	(27.0, 53297.0)	(28.0, 69930.5)	(29.0, 90207.5)	(30.0, 117980.0)	(31.0, 152762.5)	(32.0, 191162.5)	(33.0, 229854.5)	(34.0, 280537.5)	(35.0, 356896.5)	(36.0, 436195.5)	(37.0, 531500.0)	(38.0, 665070.5)	(39.0, 828137.0)	(40.0, 1021512.0)	(41.0, 1238021.5)	(42.0, 1456182.5)	(43.0, 1584745.0)	(44.0, 1664655.5)	(45.0, 1607878.0)	(46.0, 1407632.5)	(47.0, 1261720.5)	(48.0, 1139307.5)	(49.0, 1003617.5)	(50.0, 875847.0)	(51.0, 743670.5)	(52.0, 609008.0)	(53.0, 498050.0)	(54.0, 405150.5)	(55.0, 338148.0)	(56.0, 285575.0)	(57.0, 234198.5)	(58.0, 191703.0)	(59.0, 158874.5)	(60.0, 131070.0)	(61.0, 106975.0)	(62.0, 85451.0)	(63.0, 70314.5)	(64.0, 57999.5)	(65.0, 45519.5)	(66.0, 34827.0)	(67.0, 26729.0)	(68.0, 20807.5)	(69.0, 16062.5)	(70.0, 12070.5)	(71.0, 8522.5)	(72.0, 5591.0)	(73.0, 3818.0)	(74.0, 2867.0)	(75.0, 2213.0)	(76.0, 1560.5)	(77.0, 1222.5)	(78.0, 1182.5)	(79.0, 1338.5)	(80.0, 1167.0)	(81.0, 819.5)	(82.0, 598.0)	(83.0, 464.0)	(84.0, 471.0)	(85.0, 483.5)	(86.0, 509.0)	(87.0, 566.5)	(88.0, 613.5)	(89.0, 647.5)	(90.0, 692.0)	(91.0, 758.0)	(92.0, 860.0)	(93.0, 929.5)	(94.0, 1053.0)	(95.0, 1190.5)	(96.0, 1414.5)	(97.0, 1886.0)	(98.0, 2792.5)	(99.0, 5672.0)	(100.0, 35867.5)
GW_P1_R1	(0.0, 34.0)	(1.0, 19.5)	(2.0, 4.5)	(3.0, 5.5)	(4.0, 7.5)	(5.0, 9.0)	(6.0, 10.0)	(7.0, 8.0)	(8.0, 19.5)	(9.0, 38.0)	(10.0, 51.0)	(11.0, 69.0)	(12.0, 156.0)	(13.0, 265.0)	(14.0, 391.0)	(15.0, 533.0)	(16.0, 737.5)	(17.0, 1225.5)	(18.0, 1837.5)	(19.0, 2418.0)	(20.0, 3537.0)	(21.0, 5378.0)	(22.0, 8161.0)	(23.0, 11644.5)	(24.0, 16745.0)	(25.0, 23084.5)	(26.0, 30483.5)	(27.0, 42561.0)	(28.0, 57238.5)	(29.0, 74089.5)	(30.0, 97474.0)	(31.0, 127061.0)	(32.0, 158675.0)	(33.0, 189420.0)	(34.0, 232205.0)	(35.0, 296652.0)	(36.0, 365272.0)	(37.0, 455137.0)	(38.0, 579477.5)	(39.0, 730912.5)	(40.0, 912477.5)	(41.0, 1117172.5)	(42.0, 1333214.5)	(43.0, 1488895.5)	(44.0, 1610886.0)	(45.0, 1588072.5)	(46.0, 1392407.5)	(47.0, 1230982.5)	(48.0, 1122314.5)	(49.0, 996390.0)	(50.0, 855551.0)	(51.0, 719817.0)	(52.0, 597374.0)	(53.0, 495716.5)	(54.0, 400266.0)	(55.0, 331428.0)	(56.0, 276964.5)	(57.0, 227093.5)	(58.0, 189572.0)	(59.0, 160731.0)	(60.0, 135512.5)	(61.0, 114594.5)	(62.0, 96008.5)	(63.0, 80977.5)	(64.0, 68701.5)	(65.0, 55595.5)	(66.0, 43055.5)	(67.0, 33610.0)	(68.0, 26143.0)	(69.0, 19932.0)	(70.0, 14683.0)	(71.0, 10198.0)	(72.0, 7018.0)	(73.0, 4987.5)	(74.0, 3923.0)	(75.0, 3043.0)	(76.0, 2152.5)	(77.0, 1833.5)	(78.0, 1809.5)	(79.0, 2045.5)	(80.0, 1753.5)	(81.0, 1119.0)	(82.0, 744.5)	(83.0, 429.0)	(84.0, 285.0)	(85.0, 242.0)	(86.0, 246.0)	(87.0, 242.0)	(88.0, 215.5)	(89.0, 192.5)	(90.0, 193.5)	(91.0, 188.0)	(92.0, 194.5)	(93.0, 206.5)	(94.0, 236.5)	(95.0, 324.5)	(96.0, 491.5)	(97.0, 1098.5)	(98.0, 3610.5)	(99.0, 3592.5)	(100.0, 886.5)
GW_P1_R2	(0.0, 867.0)	(1.0, 513.0)	(2.0, 119.0)	(3.0, 71.5)	(4.0, 65.5)	(5.0, 69.5)	(6.0, 75.0)	(7.0, 81.5)	(8.0, 88.0)	(9.0, 97.0)	(10.0, 110.0)	(11.0, 133.0)	(12.0, 204.0)	(13.0, 335.0)	(14.0, 466.5)	(15.0, 556.0)	(16.0, 770.0)	(17.0, 1266.0)	(18.0, 1891.5)	(19.0, 2455.0)	(20.0, 3527.5)	(21.0, 5378.0)	(22.0, 8067.0)	(23.0, 11511.5)	(24.0, 16706.5)	(25.0, 23041.5)	(26.0, 30439.5)	(27.0, 42679.0)	(28.0, 57814.0)	(29.0, 75056.5)	(30.0, 99374.0)	(31.0, 130254.5)	(32.0, 162075.0)	(33.0, 192632.0)	(34.0, 234388.5)	(35.0, 298938.0)	(36.0, 368204.5)	(37.0, 456660.5)	(38.0, 578803.5)	(39.0, 729153.0)	(40.0, 911536.5)	(41.0, 1115545.0)	(42.0, 1331058.5)	(43.0, 1483263.0)	(44.0, 1600151.5)	(45.0, 1578006.0)	(46.0, 1385367.5)	(47.0, 1225369.0)	(48.0, 1116273.0)	(49.0, 991936.5)	(50.0, 852529.0)	(51.0, 716791.5)	(52.0, 594842.0)	(53.0, 493330.0)	(54.0, 399539.5)	(55.0, 330639.5)	(56.0, 275219.0)	(57.0, 225937.5)	(58.0, 188031.0)	(59.0, 159179.0)	(60.0, 134607.0)	(61.0, 113395.5)	(62.0, 94014.5)	(63.0, 79364.0)	(64.0, 67524.0)	(65.0, 54416.5)	(66.0, 41982.0)	(67.0, 32263.0)	(68.0, 24737.0)	(69.0, 19116.0)	(70.0, 14221.0)	(71.0, 9670.0)	(72.0, 6581.0)	(73.0, 4838.0)	(74.0, 3902.0)	(75.0, 3051.0)	(76.0, 2222.0)	(77.0, 1817.5)	(78.0, 1764.5)	(79.0, 1993.0)	(80.0, 1728.5)	(81.0, 1155.0)	(82.0, 859.5)	(83.0, 643.0)	(84.0, 554.0)	(85.0, 596.5)	(86.0, 643.0)	(87.0, 669.0)	(88.0, 714.0)	(89.0, 733.5)	(90.0, 804.0)	(91.0, 902.0)	(92.0, 961.0)	(93.0, 999.0)	(94.0, 1114.0)	(95.0, 1271.0)	(96.0, 1461.5)	(97.0, 1895.0)	(98.0, 2783.5)	(99.0, 5205.5)	(100.0, 30097.5)
GW_P2_R1	(0.0, 33.0)	(1.0, 21.0)	(2.0, 6.5)	(3.0, 3.0)	(4.0, 3.5)	(5.0, 7.0)	(6.0, 9.0)	(7.0, 15.5)	(8.0, 26.0)	(9.0, 33.5)	(10.0, 50.0)	(11.0, 82.5)	(12.0, 183.0)	(13.0, 315.5)	(14.0, 418.5)	(15.0, 585.0)	(16.0, 871.5)	(17.0, 1424.0)	(18.0, 2201.5)	(19.0, 2891.5)	(20.0, 4097.5)	(21.0, 6044.0)	(22.0, 8915.0)	(23.0, 12642.0)	(24.0, 17918.5)	(25.0, 24708.5)	(26.0, 32722.5)	(27.0, 44992.5)	(28.0, 60301.0)	(29.0, 77732.0)	(30.0, 101300.0)	(31.0, 131833.5)	(32.0, 163441.5)	(33.0, 193865.5)	(34.0, 236922.5)	(35.0, 301636.0)	(36.0, 369380.0)	(37.0, 458616.0)	(38.0, 581380.5)	(39.0, 728618.0)	(40.0, 907093.0)	(41.0, 1108415.5)	(42.0, 1319470.5)	(43.0, 1472653.0)	(44.0, 1595418.5)	(45.0, 1579381.5)	(46.0, 1389968.0)	(47.0, 1228935.5)	(48.0, 1121181.0)	(49.0, 995867.0)	(50.0, 855902.5)	(51.0, 721409.5)	(52.0, 598871.0)	(53.0, 495964.0)	(54.0, 401349.0)	(55.0, 333096.0)	(56.0, 278782.0)	(57.0, 228963.0)	(58.0, 191286.0)	(59.0, 163171.0)	(60.0, 137966.5)	(61.0, 116710.5)	(62.0, 97415.5)	(63.0, 82299.5)	(64.0, 69553.0)	(65.0, 55970.5)	(66.0, 43632.5)	(67.0, 34086.5)	(68.0, 26679.0)	(69.0, 20558.0)	(70.0, 15119.0)	(71.0, 10445.0)	(72.0, 6923.5)	(73.0, 4625.5)	(74.0, 3314.0)	(75.0, 2524.0)	(76.0, 1950.0)	(77.0, 1792.5)	(78.0, 1889.0)	(79.0, 2155.0)	(80.0, 1723.0)	(81.0, 892.0)	(82.0, 507.0)	(83.0, 343.0)	(84.0, 321.0)	(85.0, 291.0)	(86.0, 247.0)	(87.0, 228.0)	(88.0, 222.5)	(89.0, 213.5)	(90.0, 197.5)	(91.0, 188.0)	(92.0, 190.5)	(93.0, 209.0)	(94.0, 266.0)	(95.0, 363.5)	(96.0, 551.5)	(97.0, 1143.5)	(98.0, 3789.0)	(99.0, 3856.0)	(100.0, 998.5)
GW_P2_R2	(0.0, 963.0)	(1.0, 564.5)	(2.0, 128.0)	(3.0, 86.5)	(4.0, 74.0)	(5.0, 68.5)	(6.0, 77.5)	(7.0, 82.5)	(8.0, 85.0)	(9.0, 108.5)	(10.0, 134.5)	(11.0, 150.0)	(12.0, 236.0)	(13.0, 361.0)	(14.0, 470.5)	(15.0, 666.0)	(16.0, 952.5)	(17.0, 1520.5)	(18.0, 2210.5)	(19.0, 2828.0)	(20.0, 4058.0)	(21.0, 6047.5)	(22.0, 9003.0)	(23.0, 12686.5)	(24.0, 18141.5)	(25.0, 24930.5)	(26.0, 32890.5)	(27.0, 45394.5)	(28.0, 60924.0)	(29.0, 78437.5)	(30.0, 101965.0)	(31.0, 132844.0)	(32.0, 165572.0)	(33.0, 196380.0)	(34.0, 238711.0)	(35.0, 303956.5)	(36.0, 371857.5)	(37.0, 460122.5)	(38.0, 582175.5)	(39.0, 731259.5)	(40.0, 910906.5)	(41.0, 1111870.5)	(42.0, 1323836.0)	(43.0, 1471449.0)	(44.0, 1585377.0)	(45.0, 1567156.0)	(46.0, 1379947.5)	(47.0, 1218996.5)	(48.0, 1110690.5)	(49.0, 989478.5)	(50.0, 853174.0)	(51.0, 719383.5)	(52.0, 596090.0)	(53.0, 493250.5)	(54.0, 399064.0)	(55.0, 330309.5)	(56.0, 276241.0)	(57.0, 227431.5)	(58.0, 189907.0)	(59.0, 160806.5)	(60.0, 135699.0)	(61.0, 114771.5)	(62.0, 95888.0)	(63.0, 81022.0)	(64.0, 68026.0)	(65.0, 54459.5)	(66.0, 42426.5)	(67.0, 33101.5)	(68.0, 25610.5)	(69.0, 19359.0)	(70.0, 14226.0)	(71.0, 9779.0)	(72.0, 6356.5)	(73.0, 4193.0)	(74.0, 3015.5)	(75.0, 2302.0)	(76.0, 1786.5)	(77.0, 1647.5)	(78.0, 1832.5)	(79.0, 2175.0)	(80.0, 1809.5)	(81.0, 1050.5)	(82.0, 789.0)	(83.0, 717.0)	(84.0, 734.0)	(85.0, 760.0)	(86.0, 791.5)	(87.0, 781.5)	(88.0, 823.0)	(89.0, 926.5)	(90.0, 962.5)	(91.0, 1027.5)	(92.0, 1113.0)	(93.0, 1180.0)	(94.0, 1249.5)	(95.0, 1377.5)	(96.0, 1559.5)	(97.0, 1972.5)	(98.0, 2736.5)	(99.0, 5046.5)	(100.0, 30221.5)
GW_P3_R1	(0.0, 29.0)	(1.0, 17.0)	(2.0, 4.0)	(3.0, 3.0)	(4.0, 5.0)	(5.0, 8.0)	(6.0, 9.5)	(7.0, 9.0)	(8.0, 17.0)	(9.0, 32.5)	(10.0, 52.5)	(11.0, 71.0)	(12.0, 141.0)	(13.0, 263.0)	(14.0, 388.0)	(15.0, 529.0)	(16.0, 741.0)	(17.0, 1232.0)	(18.0, 1830.0)	(19.0, 2405.0)	(20.0, 3538.5)	(21.0, 5300.5)	(22.0, 7894.0)	(23.0, 11163.5)	(24.0, 15807.0)	(25.0, 21697.5)	(26.0, 28687.5)	(27.0, 39687.0)	(28.0, 53511.0)	(29.0, 69217.5)	(30.0, 90169.0)	(31.0, 116903.0)	(32.0, 144721.5)	(33.0, 172313.0)	(34.0, 211801.5)	(35.0, 271248.5)	(36.0, 333502.5)	(37.0, 414832.0)	(38.0, 526698.5)	(39.0, 660327.5)	(40.0, 822244.0)	(41.0, 1005636.0)	(42.0, 1196860.5)	(43.0, 1333670.0)	(44.0, 1441270.5)	(45.0, 1415617.5)	(46.0, 1240421.0)	(47.0, 1104413.0)	(48.0, 1014531.0)	(49.0, 906792.5)	(50.0, 781588.0)	(51.0, 659275.5)	(52.0, 548428.5)	(53.0, 458470.5)	(54.0, 374519.5)	(55.0, 310887.5)	(56.0, 261000.0)	(57.0, 215544.0)	(58.0, 180947.0)	(59.0, 153940.0)	(60.0, 129876.5)	(61.0, 109668.0)	(62.0, 91255.5)	(63.0, 77009.5)	(64.0, 64891.5)	(65.0, 52149.0)	(66.0, 41004.5)	(67.0, 32280.5)	(68.0, 25217.0)	(69.0, 19442.5)	(70.0, 14483.5)	(71.0, 9930.0)	(72.0, 6767.0)	(73.0, 4841.5)	(74.0, 3727.5)	(75.0, 2962.5)	(76.0, 2200.0)	(77.0, 1841.5)	(78.0, 1795.0)	(79.0, 1945.5)	(80.0, 1517.5)	(81.0, 926.5)	(82.0, 649.5)	(83.0, 353.0)	(84.0, 251.0)	(85.0, 244.5)	(86.0, 218.0)	(87.0, 199.5)	(88.0, 203.0)	(89.0, 175.0)	(90.0, 161.0)	(91.0, 165.5)	(92.0, 162.0)	(93.0, 180.5)	(94.0, 231.5)	(95.0, 315.0)	(96.0, 499.5)	(97.0, 1067.5)	(98.0, 3509.0)	(99.0, 3614.5)	(100.0, 975.0)
GW_P3_R2	(0.0, 383.0)	(1.0, 219.5)	(2.0, 48.0)	(3.0, 34.5)	(4.0, 29.0)	(5.0, 28.0)	(6.0, 32.0)	(7.0, 30.0)	(8.0, 35.0)	(9.0, 66.5)	(10.0, 80.0)	(11.0, 93.0)	(12.0, 166.5)	(13.0, 290.5)	(14.0, 423.0)	(15.0, 561.5)	(16.0, 767.0)	(17.0, 1227.5)	(18.0, 1864.0)	(19.0, 2501.0)	(20.0, 3603.0)	(21.0, 5294.5)	(22.0, 7784.5)	(23.0, 11049.0)	(24.0, 15830.5)	(25.0, 21805.5)	(26.0, 28947.0)	(27.0, 39892.5)	(28.0, 53583.5)	(29.0, 69428.5)	(30.0, 90861.5)	(31.0, 118758.5)	(32.0, 147783.5)	(33.0, 175247.0)	(34.0, 213846.0)	(35.0, 273841.5)	(36.0, 335901.0)	(37.0, 415405.5)	(38.0, 526782.0)	(39.0, 661680.0)	(40.0, 824604.5)	(41.0, 1005342.0)	(42.0, 1195341.0)	(43.0, 1332431.5)	(44.0, 1436763.5)	(45.0, 1407959.5)	(46.0, 1232852.0)	(47.0, 1096778.0)	(48.0, 1004632.0)	(49.0, 899595.5)	(50.0, 778480.0)	(51.0, 657144.5)	(52.0, 546729.5)	(53.0, 456255.5)	(54.0, 372951.5)	(55.0, 309168.0)	(56.0, 258303.0)	(57.0, 213703.5)	(58.0, 179219.5)	(59.0, 151893.0)	(60.0, 128136.0)	(61.0, 107688.5)	(62.0, 89457.5)	(63.0, 75424.5)	(64.0, 63763.5)	(65.0, 51422.5)	(66.0, 39678.0)	(67.0, 30699.0)	(68.0, 23927.0)	(69.0, 18315.5)	(70.0, 13599.0)	(71.0, 9449.0)	(72.0, 6397.0)	(73.0, 4615.5)	(74.0, 3655.5)	(75.0, 2895.0)	(76.0, 2103.0)	(77.0, 1740.0)	(78.0, 1705.0)	(79.0, 1891.0)	(80.0, 1599.0)	(81.0, 1077.0)	(82.0, 816.5)	(83.0, 608.0)	(84.0, 552.0)	(85.0, 568.0)	(86.0, 599.5)	(87.0, 657.5)	(88.0, 704.0)	(89.0, 719.0)	(90.0, 788.5)	(91.0, 829.0)	(92.0, 892.5)	(93.0, 966.0)	(94.0, 1067.0)	(95.0, 1234.5)	(96.0, 1417.0)	(97.0, 1798.0)	(98.0, 2579.5)	(99.0, 4850.0)	(100.0, 29199.5)
SFZ_Mock1_R1	(0.0, 37.0)	(1.0, 20.0)	(2.0, 4.5)	(3.0, 8.5)	(4.0, 10.0)	(5.0, 12.5)	(6.0, 17.0)	(7.0, 19.0)	(8.0, 30.5)	(9.0, 50.5)	(10.0, 67.0)	(11.0, 90.5)	(12.0, 148.0)	(13.0, 235.0)	(14.0, 371.5)	(15.0, 565.5)	(16.0, 881.5)	(17.0, 1393.5)	(18.0, 2164.5)	(19.0, 3397.5)	(20.0, 4899.0)	(21.0, 7137.0)	(22.0, 10670.5)	(23.0, 14862.5)	(24.0, 20680.0)	(25.0, 28692.5)	(26.0, 38577.0)	(27.0, 51381.0)	(28.0, 67459.0)	(29.0, 86815.5)	(30.0, 115826.5)	(31.0, 151207.0)	(32.0, 187981.0)	(33.0, 232719.5)	(34.0, 295914.0)	(35.0, 369746.0)	(36.0, 442063.0)	(37.0, 547510.0)	(38.0, 694467.0)	(39.0, 868919.0)	(40.0, 1082861.5)	(41.0, 1316796.5)	(42.0, 1509983.0)	(43.0, 1624897.5)	(44.0, 1662236.5)	(45.0, 1544611.5)	(46.0, 1356769.5)	(47.0, 1233550.0)	(48.0, 1104649.5)	(49.0, 944611.0)	(50.0, 806080.5)	(51.0, 679410.5)	(52.0, 560566.5)	(53.0, 468634.0)	(54.0, 392639.5)	(55.0, 335718.5)	(56.0, 285878.0)	(57.0, 236969.0)	(58.0, 195863.0)	(59.0, 160988.5)	(60.0, 128936.0)	(61.0, 104527.0)	(62.0, 84782.0)	(63.0, 70099.5)	(64.0, 58611.5)	(65.0, 47355.0)	(66.0, 36458.0)	(67.0, 27796.0)	(68.0, 21808.5)	(69.0, 17071.0)	(70.0, 12677.5)	(71.0, 8448.5)	(72.0, 5283.0)	(73.0, 3333.0)	(74.0, 2283.5)	(75.0, 1706.0)	(76.0, 1135.0)	(77.0, 823.0)	(78.0, 772.0)	(79.0, 904.5)	(80.0, 800.0)	(81.0, 486.0)	(82.0, 312.0)	(83.0, 205.0)	(84.0, 175.5)	(85.0, 188.5)	(86.0, 179.5)	(87.0, 143.5)	(88.0, 134.5)	(89.0, 135.0)	(90.0, 120.0)	(91.0, 126.5)	(92.0, 142.0)	(93.0, 151.0)	(94.0, 199.0)	(95.0, 295.0)	(96.0, 504.0)	(97.0, 1076.5)	(98.0, 3482.5)	(99.0, 3624.0)	(100.0, 1001.0)
SFZ_Mock1_R2	(0.0, 332.0)	(1.0, 188.0)	(2.0, 30.5)	(3.0, 19.5)	(4.0, 32.0)	(5.0, 36.5)	(6.0, 31.0)	(7.0, 32.0)	(8.0, 44.5)	(9.0, 66.5)	(10.0, 84.0)	(11.0, 105.5)	(12.0, 156.5)	(13.0, 229.5)	(14.0, 334.5)	(15.0, 509.5)	(16.0, 811.5)	(17.0, 1242.5)	(18.0, 1956.0)	(19.0, 3157.0)	(20.0, 4616.0)	(21.0, 6803.5)	(22.0, 10148.5)	(23.0, 14143.5)	(24.0, 19974.0)	(25.0, 27760.5)	(26.0, 37357.0)	(27.0, 50707.5)	(28.0, 67025.5)	(29.0, 86305.5)	(30.0, 115461.0)	(31.0, 151338.0)	(32.0, 188948.5)	(33.0, 233863.0)	(34.0, 295788.5)	(35.0, 370283.0)	(36.0, 442354.5)	(37.0, 545580.5)	(38.0, 692038.5)	(39.0, 866982.0)	(40.0, 1081559.5)	(41.0, 1314922.0)	(42.0, 1507637.5)	(43.0, 1621377.0)	(44.0, 1658566.0)	(45.0, 1541045.0)	(46.0, 1353784.0)	(47.0, 1230600.5)	(48.0, 1099259.5)	(49.0, 941127.5)	(50.0, 803488.5)	(51.0, 675909.5)	(52.0, 557922.5)	(53.0, 465746.5)	(54.0, 391070.0)	(55.0, 335271.0)	(56.0, 285021.0)	(57.0, 235592.5)	(58.0, 194369.0)	(59.0, 159777.0)	(60.0, 127779.5)	(61.0, 102761.5)	(62.0, 83063.5)	(63.0, 68571.5)	(64.0, 57055.5)	(65.0, 46036.0)	(66.0, 35319.5)	(67.0, 26797.5)	(68.0, 20795.0)	(69.0, 16195.0)	(70.0, 12080.5)	(71.0, 8236.5)	(72.0, 5224.0)	(73.0, 3338.5)	(74.0, 2342.0)	(75.0, 1711.5)	(76.0, 1114.5)	(77.0, 846.5)	(78.0, 832.0)	(79.0, 979.0)	(80.0, 877.0)	(81.0, 615.5)	(82.0, 514.5)	(83.0, 429.0)	(84.0, 454.0)	(85.0, 496.0)	(86.0, 521.0)	(87.0, 554.5)	(88.0, 595.0)	(89.0, 658.5)	(90.0, 717.0)	(91.0, 764.0)	(92.0, 843.5)	(93.0, 938.5)	(94.0, 1049.5)	(95.0, 1204.0)	(96.0, 1454.0)	(97.0, 1943.5)	(98.0, 2870.5)	(99.0, 5412.5)	(100.0, 34051.0)
SFZ_Mock2_R1	(0.0, 60.0)	(1.0, 33.0)	(2.0, 6.0)	(3.0, 8.5)	(4.0, 15.5)	(5.0, 18.5)	(6.0, 17.5)	(7.0, 23.0)	(8.0, 36.5)	(9.0, 51.0)	(10.0, 73.0)	(11.0, 105.0)	(12.0, 147.0)	(13.0, 231.5)	(14.0, 386.0)	(15.0, 624.5)	(16.0, 1009.0)	(17.0, 1548.0)	(18.0, 2385.0)	(19.0, 3662.5)	(20.0, 5312.5)	(21.0, 7694.0)	(22.0, 11274.5)	(23.0, 15503.0)	(24.0, 21202.5)	(25.0, 29073.5)	(26.0, 38865.5)	(27.0, 51658.0)	(28.0, 67542.0)	(29.0, 86626.0)	(30.0, 114978.0)	(31.0, 150764.0)	(32.0, 187788.0)	(33.0, 230989.0)	(34.0, 291119.5)	(35.0, 362544.0)	(36.0, 433833.0)	(37.0, 536242.0)	(38.0, 681285.5)	(39.0, 855916.0)	(40.0, 1068979.5)	(41.0, 1302972.5)	(42.0, 1499606.5)	(43.0, 1622100.5)	(44.0, 1669441.0)	(45.0, 1562054.0)	(46.0, 1377905.0)	(47.0, 1252998.5)	(48.0, 1120942.0)	(49.0, 957012.0)	(50.0, 815210.0)	(51.0, 687842.0)	(52.0, 570580.0)	(53.0, 476731.0)	(54.0, 398713.5)	(55.0, 341392.5)	(56.0, 291177.0)	(57.0, 241657.5)	(58.0, 200306.0)	(59.0, 165021.0)	(60.0, 132515.5)	(61.0, 107762.5)	(62.0, 87789.0)	(63.0, 72618.0)	(64.0, 60555.5)	(65.0, 49283.5)	(66.0, 37842.5)	(67.0, 28627.5)	(68.0, 22380.5)	(69.0, 17621.5)	(70.0, 13276.0)	(71.0, 9008.0)	(72.0, 5762.0)	(73.0, 3684.0)	(74.0, 2523.5)	(75.0, 1835.5)	(76.0, 1225.5)	(77.0, 933.0)	(78.0, 890.5)	(79.0, 1090.0)	(80.0, 969.5)	(81.0, 596.0)	(82.0, 394.0)	(83.0, 254.5)	(84.0, 215.0)	(85.0, 180.0)	(86.0, 182.0)	(87.0, 181.0)	(88.0, 160.5)	(89.0, 166.0)	(90.0, 166.0)	(91.0, 150.5)	(92.0, 156.0)	(93.0, 170.0)	(94.0, 209.0)	(95.0, 277.5)	(96.0, 430.5)	(97.0, 931.5)	(98.0, 3060.0)	(99.0, 3122.5)	(100.0, 821.0)
SFZ_Mock2_R2	(0.0, 574.0)	(1.0, 330.5)	(2.0, 72.0)	(3.0, 49.5)	(4.0, 40.5)	(5.0, 41.0)	(6.0, 45.5)	(7.0, 60.5)	(8.0, 69.5)	(9.0, 75.5)	(10.0, 92.5)	(11.0, 121.5)	(12.0, 180.0)	(13.0, 259.5)	(14.0, 408.5)	(15.0, 637.0)	(16.0, 956.0)	(17.0, 1485.0)	(18.0, 2279.0)	(19.0, 3437.0)	(20.0, 4972.5)	(21.0, 7221.0)	(22.0, 10962.0)	(23.0, 15345.5)	(24.0, 20791.5)	(25.0, 28612.0)	(26.0, 38426.5)	(27.0, 51193.0)	(28.0, 67226.5)	(29.0, 86452.5)	(30.0, 115414.0)	(31.0, 152103.0)	(32.0, 189478.0)	(33.0, 232092.5)	(34.0, 291485.5)	(35.0, 363234.0)	(36.0, 433625.5)	(37.0, 534577.5)	(38.0, 679176.5)	(39.0, 853601.0)	(40.0, 1067611.5)	(41.0, 1302408.0)	(42.0, 1497873.5)	(43.0, 1615058.0)	(44.0, 1659149.0)	(45.0, 1554127.5)	(46.0, 1372392.5)	(47.0, 1246846.5)	(48.0, 1115346.5)	(49.0, 954270.0)	(50.0, 812332.0)	(51.0, 685060.5)	(52.0, 568149.0)	(53.0, 473801.5)	(54.0, 395857.0)	(55.0, 338666.0)	(56.0, 288288.0)	(57.0, 239193.0)	(58.0, 198504.0)	(59.0, 163269.5)	(60.0, 130668.5)	(61.0, 105389.5)	(62.0, 85121.0)	(63.0, 70667.0)	(64.0, 59395.0)	(65.0, 47837.0)	(66.0, 36443.5)	(67.0, 27652.5)	(68.0, 21515.5)	(69.0, 16679.0)	(70.0, 12514.5)	(71.0, 8594.0)	(72.0, 5469.5)	(73.0, 3582.0)	(74.0, 2507.0)	(75.0, 1884.0)	(76.0, 1324.5)	(77.0, 981.0)	(78.0, 942.5)	(79.0, 1166.5)	(80.0, 1084.5)	(81.0, 726.0)	(82.0, 558.0)	(83.0, 511.5)	(84.0, 512.0)	(85.0, 533.5)	(86.0, 603.5)	(87.0, 644.0)	(88.0, 694.5)	(89.0, 725.5)	(90.0, 772.0)	(91.0, 875.0)	(92.0, 912.0)	(93.0, 983.0)	(94.0, 1117.5)	(95.0, 1264.5)	(96.0, 1531.0)	(97.0, 2122.5)	(98.0, 3227.5)	(99.0, 6575.0)	(100.0, 43372.5)
SFZ_Mock3_R1	(0.0, 75.0)	(1.0, 40.5)	(2.0, 6.0)	(3.0, 8.5)	(4.0, 11.5)	(5.0, 10.5)	(6.0, 15.5)	(7.0, 27.0)	(8.0, 37.5)	(9.0, 53.0)	(10.0, 68.0)	(11.0, 102.0)	(12.0, 158.5)	(13.0, 252.0)	(14.0, 434.5)	(15.0, 672.5)	(16.0, 1020.5)	(17.0, 1597.0)	(18.0, 2401.5)	(19.0, 3693.0)	(20.0, 5440.0)	(21.0, 7726.0)	(22.0, 11188.0)	(23.0, 15410.0)	(24.0, 21281.0)	(25.0, 29139.5)	(26.0, 38630.5)	(27.0, 51404.5)	(28.0, 67624.0)	(29.0, 86611.5)	(30.0, 114617.0)	(31.0, 150898.0)	(32.0, 189102.5)	(33.0, 233291.5)	(34.0, 295273.0)	(35.0, 369245.0)	(36.0, 441252.5)	(37.0, 544732.5)	(38.0, 691882.5)	(39.0, 869540.5)	(40.0, 1085095.0)	(41.0, 1319487.0)	(42.0, 1521199.5)	(43.0, 1644998.0)	(44.0, 1693428.5)	(45.0, 1595022.0)	(46.0, 1407259.0)	(47.0, 1270531.5)	(48.0, 1138907.0)	(49.0, 977245.0)	(50.0, 832038.5)	(51.0, 702475.0)	(52.0, 583589.0)	(53.0, 487741.5)	(54.0, 408299.0)	(55.0, 351231.0)	(56.0, 300181.5)	(57.0, 249412.0)	(58.0, 207569.0)	(59.0, 171247.5)	(60.0, 137648.0)	(61.0, 111575.0)	(62.0, 90474.5)	(63.0, 75333.5)	(64.0, 63289.5)	(65.0, 51165.0)	(66.0, 39327.5)	(67.0, 29962.5)	(68.0, 23451.0)	(69.0, 18415.5)	(70.0, 13885.5)	(71.0, 9526.5)	(72.0, 6063.0)	(73.0, 3860.0)	(74.0, 2710.5)	(75.0, 2011.0)	(76.0, 1322.0)	(77.0, 973.5)	(78.0, 902.0)	(79.0, 1081.5)	(80.0, 989.0)	(81.0, 602.0)	(82.0, 366.5)	(83.0, 258.0)	(84.0, 240.0)	(85.0, 208.5)	(86.0, 187.0)	(87.0, 179.0)	(88.0, 180.5)	(89.0, 167.0)	(90.0, 155.0)	(91.0, 158.5)	(92.0, 152.5)	(93.0, 156.0)	(94.0, 211.5)	(95.0, 317.5)	(96.0, 510.5)	(97.0, 1119.0)	(98.0, 3578.5)	(99.0, 3708.0)	(100.0, 1073.5)
SFZ_Mock3_R2	(0.0, 751.0)	(1.0, 423.0)	(2.0, 85.5)	(3.0, 61.0)	(4.0, 50.0)	(5.0, 54.0)	(6.0, 55.0)	(7.0, 59.0)	(8.0, 68.5)	(9.0, 83.5)	(10.0, 105.5)	(11.0, 142.5)	(12.0, 202.5)	(13.0, 272.0)	(14.0, 419.5)	(15.0, 620.5)	(16.0, 952.5)	(17.0, 1497.5)	(18.0, 2329.5)	(19.0, 3556.0)	(20.0, 5159.0)	(21.0, 7461.0)	(22.0, 10901.0)	(23.0, 15141.0)	(24.0, 20945.5)	(25.0, 28806.0)	(26.0, 38443.5)	(27.0, 51265.5)	(28.0, 67586.0)	(29.0, 86999.0)	(30.0, 115919.5)	(31.0, 153008.0)	(32.0, 191350.0)	(33.0, 235185.5)	(34.0, 296368.5)	(35.0, 370202.0)	(36.0, 441983.5)	(37.0, 545599.0)	(38.0, 692840.5)	(39.0, 869493.0)	(40.0, 1084410.0)	(41.0, 1320268.5)	(42.0, 1519315.5)	(43.0, 1639520.0)	(44.0, 1688445.5)	(45.0, 1588136.0)	(46.0, 1400512.0)	(47.0, 1266229.5)	(48.0, 1133517.5)	(49.0, 972340.5)	(50.0, 828178.0)	(51.0, 698834.5)	(52.0, 580634.0)	(53.0, 485104.0)	(54.0, 406893.5)	(55.0, 349622.0)	(56.0, 298623.5)	(57.0, 247267.0)	(58.0, 205005.0)	(59.0, 169484.5)	(60.0, 136229.5)	(61.0, 110569.5)	(62.0, 89648.5)	(63.0, 74309.5)	(64.0, 62017.0)	(65.0, 50165.5)	(66.0, 38679.0)	(67.0, 29162.5)	(68.0, 22629.0)	(69.0, 17747.0)	(70.0, 13412.5)	(71.0, 9153.5)	(72.0, 5918.0)	(73.0, 3858.5)	(74.0, 2736.5)	(75.0, 2065.0)	(76.0, 1380.5)	(77.0, 1043.0)	(78.0, 1003.0)	(79.0, 1196.0)	(80.0, 1070.0)	(81.0, 724.0)	(82.0, 635.0)	(83.0, 567.5)	(84.0, 550.0)	(85.0, 578.0)	(86.0, 608.0)	(87.0, 655.0)	(88.0, 689.5)	(89.0, 720.5)	(90.0, 797.0)	(91.0, 915.0)	(92.0, 964.0)	(93.0, 1001.0)	(94.0, 1124.5)	(95.0, 1276.0)	(96.0, 1431.5)	(97.0, 1793.0)	(98.0, 2511.0)	(99.0, 4650.5)	(100.0, 29204.0)
SFZ_P1_R1	(0.0, 57.0)	(1.0, 30.5)	(2.0, 6.5)	(3.0, 7.5)	(4.0, 9.5)	(5.0, 10.5)	(6.0, 11.5)	(7.0, 20.0)	(8.0, 30.0)	(9.0, 47.5)	(10.0, 64.0)	(11.0, 95.0)	(12.0, 164.5)	(13.0, 252.5)	(14.0, 365.5)	(15.0, 554.5)	(16.0, 825.0)	(17.0, 1267.5)	(18.0, 1966.0)	(19.0, 2855.5)	(20.0, 4211.0)	(21.0, 6536.0)	(22.0, 9837.5)	(23.0, 13354.5)	(24.0, 18774.0)	(25.0, 26822.0)	(26.0, 36404.5)	(27.0, 49648.5)	(28.0, 67280.0)	(29.0, 87808.5)	(30.0, 115142.5)	(31.0, 149068.0)	(32.0, 184980.0)	(33.0, 228839.5)	(34.0, 288298.0)	(35.0, 355414.5)	(36.0, 427052.0)	(37.0, 530106.0)	(38.0, 670072.5)	(39.0, 832791.5)	(40.0, 1027766.0)	(41.0, 1244855.0)	(42.0, 1422868.0)	(43.0, 1531482.0)	(44.0, 1578391.5)	(45.0, 1509885.0)	(46.0, 1378044.0)	(47.0, 1270262.0)	(48.0, 1147630.5)	(49.0, 1002370.0)	(50.0, 871563.5)	(51.0, 740396.5)	(52.0, 611153.0)	(53.0, 500804.5)	(54.0, 406333.5)	(55.0, 337698.0)	(56.0, 281418.0)	(57.0, 233169.5)	(58.0, 195464.5)	(59.0, 164075.5)	(60.0, 135514.5)	(61.0, 111536.5)	(62.0, 92521.5)	(63.0, 78249.0)	(64.0, 66133.0)	(65.0, 53673.5)	(66.0, 41312.0)	(67.0, 31375.0)	(68.0, 24099.5)	(69.0, 18600.0)	(70.0, 14051.0)	(71.0, 9442.5)	(72.0, 5940.0)	(73.0, 3861.0)	(74.0, 2759.0)	(75.0, 2020.0)	(76.0, 1304.0)	(77.0, 967.5)	(78.0, 953.0)	(79.0, 1194.5)	(80.0, 1061.0)	(81.0, 617.0)	(82.0, 412.0)	(83.0, 273.0)	(84.0, 224.5)	(85.0, 210.0)	(86.0, 209.0)	(87.0, 198.5)	(88.0, 176.5)	(89.0, 178.0)	(90.0, 182.5)	(91.0, 183.0)	(92.0, 181.5)	(93.0, 185.0)	(94.0, 229.5)	(95.0, 311.0)	(96.0, 503.0)	(97.0, 1034.5)	(98.0, 3333.0)	(99.0, 3434.5)	(100.0, 929.5)
SFZ_P1_R2	(0.0, 583.0)	(1.0, 334.0)	(2.0, 69.0)	(3.0, 51.5)	(4.0, 55.5)	(5.0, 57.5)	(6.0, 50.5)	(7.0, 43.0)	(8.0, 53.0)	(9.0, 74.0)	(10.0, 96.0)	(11.0, 113.0)	(12.0, 169.5)	(13.0, 239.5)	(14.0, 350.0)	(15.0, 559.5)	(16.0, 817.0)	(17.0, 1261.0)	(18.0, 1908.5)	(19.0, 2786.5)	(20.0, 4174.5)	(21.0, 6378.0)	(22.0, 9427.5)	(23.0, 13062.5)	(24.0, 18629.5)	(25.0, 26434.0)	(26.0, 36336.5)	(27.0, 50161.0)	(28.0, 67514.0)	(29.0, 87800.5)	(30.0, 115724.5)	(31.0, 150688.0)	(32.0, 187268.0)	(33.0, 230422.5)	(34.0, 289599.0)	(35.0, 357076.5)	(36.0, 428047.0)	(37.0, 530724.0)	(38.0, 670876.0)	(39.0, 833464.5)	(40.0, 1029189.5)	(41.0, 1247811.5)	(42.0, 1424127.0)	(43.0, 1527134.5)	(44.0, 1571157.5)	(45.0, 1502100.5)	(46.0, 1370704.0)	(47.0, 1262650.5)	(48.0, 1139178.5)	(49.0, 995186.5)	(50.0, 867040.5)	(51.0, 738716.0)	(52.0, 607971.5)	(53.0, 496937.5)	(54.0, 404586.5)	(55.0, 336553.0)	(56.0, 280368.5)	(57.0, 231983.5)	(58.0, 194218.0)	(59.0, 162493.5)	(60.0, 133341.0)	(61.0, 109529.0)	(62.0, 90970.5)	(63.0, 77000.0)	(64.0, 64753.0)	(65.0, 52068.5)	(66.0, 39755.5)	(67.0, 30141.0)	(68.0, 23279.0)	(69.0, 17846.0)	(70.0, 13245.5)	(71.0, 9021.5)	(72.0, 5797.5)	(73.0, 3652.5)	(74.0, 2651.5)	(75.0, 2013.5)	(76.0, 1303.0)	(77.0, 1009.5)	(78.0, 1037.0)	(79.0, 1258.5)	(80.0, 1177.5)	(81.0, 832.0)	(82.0, 661.5)	(83.0, 584.5)	(84.0, 580.5)	(85.0, 622.5)	(86.0, 655.0)	(87.0, 693.5)	(88.0, 739.5)	(89.0, 782.0)	(90.0, 837.5)	(91.0, 901.0)	(92.0, 962.5)	(93.0, 999.0)	(94.0, 1084.5)	(95.0, 1241.0)	(96.0, 1454.0)	(97.0, 1824.5)	(98.0, 2623.0)	(99.0, 5069.5)	(100.0, 31256.0)
SFZ_P2_R1	(0.0, 35.0)	(1.0, 19.0)	(2.0, 3.5)	(3.0, 6.0)	(4.0, 8.5)	(5.0, 11.5)	(6.0, 15.5)	(7.0, 19.5)	(8.0, 30.0)	(9.0, 42.0)	(10.0, 54.5)	(11.0, 85.0)	(12.0, 156.0)	(13.0, 245.5)	(14.0, 375.5)	(15.0, 582.5)	(16.0, 877.5)	(17.0, 1345.5)	(18.0, 2030.0)	(19.0, 3037.5)	(20.0, 4545.0)	(21.0, 6904.5)	(22.0, 10264.0)	(23.0, 14336.0)	(24.0, 19728.0)	(25.0, 27341.5)	(26.0, 37335.0)	(27.0, 51368.5)	(28.0, 68712.5)	(29.0, 89318.0)	(30.0, 117206.5)	(31.0, 151085.0)	(32.0, 187536.0)	(33.0, 231760.0)	(34.0, 292286.5)	(35.0, 360351.0)	(36.0, 430785.5)	(37.0, 533943.0)	(38.0, 675965.5)	(39.0, 839667.5)	(40.0, 1037524.5)	(41.0, 1257981.5)	(42.0, 1437842.5)	(43.0, 1549593.0)	(44.0, 1601904.0)	(45.0, 1532402.0)	(46.0, 1395584.0)	(47.0, 1287736.0)	(48.0, 1168278.5)	(49.0, 1023191.5)	(50.0, 891453.0)	(51.0, 760077.5)	(52.0, 628203.0)	(53.0, 516106.5)	(54.0, 420284.0)	(55.0, 350374.0)	(56.0, 292776.0)	(57.0, 243162.5)	(58.0, 205099.5)	(59.0, 172832.5)	(60.0, 142024.0)	(61.0, 117461.0)	(62.0, 98536.5)	(63.0, 83062.0)	(64.0, 69773.5)	(65.0, 57218.5)	(66.0, 44300.5)	(67.0, 33893.5)	(68.0, 26637.5)	(69.0, 20675.5)	(70.0, 15755.5)	(71.0, 10859.0)	(72.0, 6999.0)	(73.0, 4666.5)	(74.0, 3460.0)	(75.0, 2699.0)	(76.0, 1737.0)	(77.0, 1247.0)	(78.0, 1283.5)	(79.0, 1602.0)	(80.0, 1419.5)	(81.0, 842.5)	(82.0, 516.5)	(83.0, 295.5)	(84.0, 247.5)	(85.0, 230.0)	(86.0, 206.5)	(87.0, 173.0)	(88.0, 153.5)	(89.0, 169.0)	(90.0, 162.0)	(91.0, 151.0)	(92.0, 175.5)	(93.0, 202.5)	(94.0, 247.0)	(95.0, 327.0)	(96.0, 488.5)	(97.0, 1082.0)	(98.0, 3668.5)	(99.0, 3823.5)	(100.0, 1066.5)
SFZ_P2_R2	(0.0, 267.0)	(1.0, 150.0)	(2.0, 28.0)	(3.0, 26.0)	(4.0, 27.5)	(5.0, 25.0)	(6.0, 27.5)	(7.0, 32.0)	(8.0, 40.5)	(9.0, 59.5)	(10.0, 73.5)	(11.0, 101.0)	(12.0, 173.0)	(13.0, 255.0)	(14.0, 359.5)	(15.0, 542.0)	(16.0, 784.5)	(17.0, 1179.0)	(18.0, 1886.0)	(19.0, 2811.5)	(20.0, 4270.5)	(21.0, 6695.5)	(22.0, 9899.0)	(23.0, 13728.5)	(24.0, 19261.5)	(25.0, 27027.0)	(26.0, 37171.0)	(27.0, 51100.0)	(28.0, 68483.0)	(29.0, 88621.0)	(30.0, 116180.5)	(31.0, 151071.5)	(32.0, 188292.0)	(33.0, 232495.0)	(34.0, 292548.0)	(35.0, 360946.0)	(36.0, 431262.5)	(37.0, 533241.5)	(38.0, 674170.5)	(39.0, 836499.5)	(40.0, 1033348.0)	(41.0, 1256819.0)	(42.0, 1439199.5)	(43.0, 1547051.0)	(44.0, 1596820.0)	(45.0, 1526353.5)	(46.0, 1389090.0)	(47.0, 1282238.0)	(48.0, 1161324.0)	(49.0, 1017939.0)	(50.0, 887855.0)	(51.0, 757590.0)	(52.0, 627833.5)	(53.0, 516174.0)	(54.0, 420572.0)	(55.0, 349824.5)	(56.0, 291929.5)	(57.0, 242354.5)	(58.0, 203440.0)	(59.0, 171122.0)	(60.0, 141103.0)	(61.0, 116102.5)	(62.0, 96607.5)	(63.0, 81681.0)	(64.0, 68683.5)	(65.0, 55826.0)	(66.0, 43290.5)	(67.0, 32789.5)	(68.0, 25431.0)	(69.0, 19766.0)	(70.0, 14846.5)	(71.0, 10209.0)	(72.0, 6545.0)	(73.0, 4274.5)	(74.0, 3345.0)	(75.0, 2683.5)	(76.0, 1800.0)	(77.0, 1385.0)	(78.0, 1325.5)	(79.0, 1623.5)	(80.0, 1537.5)	(81.0, 983.5)	(82.0, 694.0)	(83.0, 568.5)	(84.0, 566.0)	(85.0, 585.0)	(86.0, 592.0)	(87.0, 644.5)	(88.0, 695.0)	(89.0, 755.0)	(90.0, 835.5)	(91.0, 871.0)	(92.0, 913.0)	(93.0, 997.5)	(94.0, 1110.5)	(95.0, 1254.5)	(96.0, 1464.0)	(97.0, 1933.5)	(98.0, 2815.5)	(99.0, 5453.5)	(100.0, 35192.0)
SFZ_P3_R1	(0.0, 48.0)	(1.0, 26.0)	(2.0, 2.5)	(3.0, 4.0)	(4.0, 4.5)	(5.0, 4.0)	(6.0, 12.0)	(7.0, 13.5)	(8.0, 20.0)	(9.0, 35.5)	(10.0, 52.5)	(11.0, 79.0)	(12.0, 134.5)	(13.0, 221.0)	(14.0, 343.0)	(15.0, 544.0)	(16.0, 833.5)	(17.0, 1256.0)	(18.0, 1941.0)	(19.0, 2901.5)	(20.0, 4341.5)	(21.0, 6677.5)	(22.0, 9797.0)	(23.0, 13491.5)	(24.0, 18759.5)	(25.0, 26056.0)	(26.0, 35537.5)	(27.0, 48850.0)	(28.0, 65252.0)	(29.0, 84566.0)	(30.0, 111701.0)	(31.0, 145293.5)	(32.0, 180417.0)	(33.0, 222847.5)	(34.0, 281283.0)	(35.0, 346682.5)	(36.0, 415418.5)	(37.0, 515555.0)	(38.0, 652173.5)	(39.0, 811282.0)	(40.0, 1004300.5)	(41.0, 1220180.5)	(42.0, 1396951.5)	(43.0, 1505865.5)	(44.0, 1554786.0)	(45.0, 1490389.5)	(46.0, 1359538.0)	(47.0, 1249876.5)	(48.0, 1128797.0)	(49.0, 984576.5)	(50.0, 854350.0)	(51.0, 726680.5)	(52.0, 599576.0)	(53.0, 491357.5)	(54.0, 399858.5)	(55.0, 333664.0)	(56.0, 278905.0)	(57.0, 231101.5)	(58.0, 194850.0)	(59.0, 163533.0)	(60.0, 134169.0)	(61.0, 110703.5)	(62.0, 93046.5)	(63.0, 79011.5)	(64.0, 66031.5)	(65.0, 53695.0)	(66.0, 41743.0)	(67.0, 32513.5)	(68.0, 25451.5)	(69.0, 19410.5)	(70.0, 14841.0)	(71.0, 10506.5)	(72.0, 6860.0)	(73.0, 4368.0)	(74.0, 3315.0)	(75.0, 2593.5)	(76.0, 1793.0)	(77.0, 1677.5)	(78.0, 2053.5)	(79.0, 3076.5)	(80.0, 2643.0)	(81.0, 1194.0)	(82.0, 635.5)	(83.0, 323.0)	(84.0, 270.0)	(85.0, 244.5)	(86.0, 211.0)	(87.0, 193.5)	(88.0, 191.0)	(89.0, 178.5)	(90.0, 179.5)	(91.0, 192.0)	(92.0, 190.0)	(93.0, 199.5)	(94.0, 237.0)	(95.0, 321.0)	(96.0, 515.5)	(97.0, 1102.0)	(98.0, 3652.0)	(99.0, 3654.5)	(100.0, 883.0)
SFZ_P3_R2	(0.0, 403.0)	(1.0, 232.0)	(2.0, 45.5)	(3.0, 36.0)	(4.0, 39.0)	(5.0, 33.5)	(6.0, 34.0)	(7.0, 42.0)	(8.0, 54.0)	(9.0, 66.5)	(10.0, 75.5)	(11.0, 119.5)	(12.0, 188.5)	(13.0, 266.5)	(14.0, 389.5)	(15.0, 568.5)	(16.0, 812.0)	(17.0, 1268.0)	(18.0, 2011.5)	(19.0, 2903.5)	(20.0, 4324.0)	(21.0, 6677.5)	(22.0, 9792.0)	(23.0, 13353.0)	(24.0, 18642.5)	(25.0, 26195.5)	(26.0, 35977.5)	(27.0, 49182.5)	(28.0, 65691.0)	(29.0, 85578.5)	(30.0, 112495.0)	(31.0, 146529.5)	(32.0, 182611.0)	(33.0, 224363.5)	(34.0, 281871.5)	(35.0, 347514.0)	(36.0, 416626.0)	(37.0, 517305.5)	(38.0, 654308.5)	(39.0, 811512.0)	(40.0, 1003255.0)	(41.0, 1221334.0)	(42.0, 1396508.5)	(43.0, 1502216.0)	(44.0, 1552026.0)	(45.0, 1484942.0)	(46.0, 1352643.5)	(47.0, 1244908.5)	(48.0, 1122336.5)	(49.0, 977960.5)	(50.0, 849198.5)	(51.0, 723192.5)	(52.0, 596508.0)	(53.0, 488437.0)	(54.0, 397275.0)	(55.0, 329945.5)	(56.0, 276449.0)	(57.0, 229759.5)	(58.0, 192161.0)	(59.0, 161146.5)	(60.0, 132731.0)	(61.0, 108951.0)	(62.0, 91168.0)	(63.0, 77680.0)	(64.0, 64976.5)	(65.0, 52268.0)	(66.0, 40303.0)	(67.0, 31164.5)	(68.0, 24398.0)	(69.0, 18604.0)	(70.0, 14086.0)	(71.0, 9980.5)	(72.0, 6534.5)	(73.0, 4161.5)	(74.0, 3163.0)	(75.0, 2544.5)	(76.0, 1778.5)	(77.0, 1625.5)	(78.0, 1982.5)	(79.0, 2892.0)	(80.0, 2540.0)	(81.0, 1266.0)	(82.0, 829.5)	(83.0, 620.0)	(84.0, 601.5)	(85.0, 598.5)	(86.0, 618.0)	(87.0, 662.0)	(88.0, 735.5)	(89.0, 799.5)	(90.0, 837.0)	(91.0, 892.5)	(92.0, 965.5)	(93.0, 1029.5)	(94.0, 1164.5)	(95.0, 1335.0)	(96.0, 1505.0)	(97.0, 1853.5)	(98.0, 2556.5)	(99.0, 4772.5)	(100.0, 30910.0)
