Sample	0	1	2	3	4	5	6	7	8	9	10	11	12	13	14	15
GW_Mock1_R1	(1.0, 35.27268953058308)	(2.0, 11.5113918222466)	(3.0, 6.332290520969955)	(4.0, 3.9694418503453615)	(5.0, 2.7788183160318467)	(6.0, 2.0127251585237538)	(7.0, 1.621117671782472)	(8.0, 1.2643285804510511)	(9.0, 1.1025067349791016)	('>10', 11.186899046250401)	('>50', 2.994352334301454)	('>100', 6.130201635970444)	('>500', 2.5915481152010074)	('>1k', 6.126602839759943)	('>5k', 2.753858755795327)	('>10k+', 2.351227086808062)
GW_Mock1_R2	(1.0, 36.770407945899166)	(2.0, 11.36598114032948)	(3.0, 6.097061883475062)	(4.0, 3.7455404888862223)	(5.0, 2.5838015911337173)	(6.0, 2.0168025895870194)	(7.0, 1.6027173477683467)	(8.0, 1.2513645391307404)	(9.0, 0.9829162150750124)	('>10', 10.870022292986873)	('>50', 2.880614646816465)	('>100', 5.975649631402671)	('>500', 2.5453889529683775)	('>1k', 6.0590182810679005)	('>5k', 2.603898323894502)	('>10k+', 2.6488141295782586)
GW_Mock2_R1	(1.0, 33.791511131775394)	(2.0, 11.902231477612128)	(3.0, 6.535093049645067)	(4.0, 4.057238954036088)	(5.0, 2.809806877780135)	(6.0, 2.089097367899962)	(7.0, 1.6622931777164296)	(8.0, 1.3402322110746758)	(9.0, 1.091660895491824)	('>10', 11.420542231258061)	('>50', 3.03506006373987)	('>100', 6.099317859128447)	('>500', 2.567350319598312)	('>1k', 6.262082369052734)	('>5k', 2.670322831241909)	('>10k+', 2.6661591829488627)
GW_Mock2_R2	(1.0, 34.56519498259051)	(2.0, 11.888564027016573)	(3.0, 6.370781384051467)	(4.0, 3.972588841232396)	(5.0, 2.8305507994040786)	(6.0, 1.996455843507439)	(7.0, 1.661342742697144)	(8.0, 1.3013551650933293)	(9.0, 1.1260353710278692)	('>10', 11.264738398690934)	('>50', 2.926118229550473)	('>100', 5.9980445691254385)	('>500', 2.558821364265458)	('>1k', 6.200350083131699)	('>5k', 2.4496944769303792)	('>10k+', 2.8893637216847288)
GW_Mock3_R1	(1.0, 33.93019491892696)	(2.0, 12.038238674743033)	(3.0, 6.486642982402831)	(4.0, 3.982853930524853)	(5.0, 2.8603568543745523)	(6.0, 2.065705030880749)	(7.0, 1.6474546935040018)	(8.0, 1.2633063923095116)	(9.0, 1.1247150611623529)	('>10', 11.52305235896105)	('>50', 3.143950089922466)	('>100', 6.065943060671958)	('>500', 2.5610626588445413)	('>1k', 6.185250245482568)	('>5k', 2.6445325098843906)	('>10k+', 2.4767405374040985)
GW_Mock3_R2	(1.0, 33.97343502188355)	(2.0, 11.810025439863722)	(3.0, 6.524584321893939)	(4.0, 4.021774429367504)	(5.0, 2.7445663957644126)	(6.0, 2.100314364190223)	(7.0, 1.6154225513905864)	(8.0, 1.3141504650117073)	(9.0, 1.1046138948221973)	('>10', 11.559486803073366)	('>50', 3.1225336863609696)	('>100', 6.059429302857447)	('>500', 2.56540982388317)	('>1k', 6.164380499374548)	('>5k', 2.618872290369967)	('>10k+', 2.701000709892606)
GW_P1_R1	(1.0, 22.467650636261936)	(2.0, 12.429839231469963)	(3.0, 7.395619505526783)	(4.0, 4.68936782149421)	(5.0, 3.2270417265643543)	(6.0, 2.4911615079957445)	(7.0, 1.891652438341706)	(8.0, 1.5462644024000038)	(9.0, 1.3629044681427671)	('>10', 14.687675320336588)	('>50', 4.032961207207004)	('>100', 7.135006609009856)	('>500', 2.9166154716248327)	('>1k', 7.363887417817507)	('>5k', 3.208831548435741)	('>10k+', 3.153520687371023)
GW_P1_R2	(1.0, 22.18478655447317)	(2.0, 12.806843190791186)	(3.0, 7.414128473191414)	(4.0, 4.792432983468554)	(5.0, 3.255541184029561)	(6.0, 2.4689462741808885)	(7.0, 1.8850078774777128)	(8.0, 1.5470753199170793)	(9.0, 1.3638398546641641)	('>10', 14.48153622352288)	('>50', 3.9474596977786556)	('>100', 7.19095125498105)	('>500', 2.9073489053132446)	('>1k', 7.3694239176115355)	('>5k', 3.0537848640461)	('>10k+', 3.330893424552756)
GW_P2_R1	(1.0, 23.982601390963755)	(2.0, 12.695288457496206)	(3.0, 7.289477440124985)	(4.0, 4.575964984459701)	(5.0, 3.210000210179906)	(6.0, 2.4717927673448568)	(7.0, 1.9231376986196518)	(8.0, 1.6085234387373661)	(9.0, 1.2892615119699464)	('>10', 14.234947652377366)	('>50', 3.930913568205664)	('>100', 6.931763494300721)	('>500', 2.760994002315638)	('>1k', 7.127918163255109)	('>5k', 3.0066751873564974)	('>10k+', 2.9607400322926654)
GW_P2_R2	(1.0, 23.517422465675388)	(2.0, 12.973428810681748)	(3.0, 7.451496722173939)	(4.0, 4.764373706270541)	(5.0, 3.229287086442213)	(6.0, 2.393423330228277)	(7.0, 1.8700605197520377)	(8.0, 1.5489179594980063)	(9.0, 1.3337403954913833)	('>10', 14.22254660296352)	('>50', 3.823866054283901)	('>100', 6.964007021584667)	('>500', 2.840241330786793)	('>1k', 7.159126643681766)	('>5k', 2.887232997833015)	('>10k+', 3.020828352652871)
GW_P3_R1	(1.0, 32.90812240170971)	(2.0, 11.300728066890303)	(3.0, 6.207452126654884)	(4.0, 3.942117052625709)	(5.0, 2.7608746164508218)	(6.0, 2.123187016885011)	(7.0, 1.6802052302460988)	(8.0, 1.3277529845033154)	(9.0, 1.1724159881977423)	('>10', 13.029748668130983)	('>50', 3.484908495748172)	('>100', 6.033018519069951)	('>500', 2.456740893876436)	('>1k', 6.440160114046255)	('>5k', 3.0250446937948277)	('>10k+', 2.10752313116986)
GW_P3_R2	(1.0, 33.30515734381306)	(2.0, 11.469917377012964)	(3.0, 6.118436670196201)	(4.0, 3.92517317892151)	(5.0, 2.7334396230735143)	(6.0, 2.1188727654589163)	(7.0, 1.7319960962587655)	(8.0, 1.3382973963381106)	(9.0, 1.0950001115169745)	('>10', 12.61599179030676)	('>50', 3.3902710166664463)	('>100', 6.177193750724355)	('>500', 2.5216622300380904)	('>1k', 6.406156139512914)	('>5k', 2.776139284547137)	('>10k+', 2.2762952256143687)
SFZ_Mock1_R1	(1.0, 36.31013884277771)	(2.0, 12.265622469610651)	(3.0, 6.328283981704673)	(4.0, 3.9277281688358916)	(5.0, 2.692494927241462)	(6.0, 1.8882109897832438)	(7.0, 1.473757374139773)	(8.0, 1.2241481018934237)	(9.0, 1.0054463082003415)	('>10', 10.25351923884188)	('>50', 2.7484052350365573)	('>100', 5.622190471546169)	('>500', 2.4952228028469707)	('>1k', 6.649665322853742)	('>5k', 2.310896493638706)	('>10k+', 2.804269271048585)
SFZ_Mock1_R2	(1.0, 36.94066135120525)	(2.0, 12.308097326264713)	(3.0, 6.348206933620469)	(4.0, 3.791337272105787)	(5.0, 2.5589198583179753)	(6.0, 1.8154405605398705)	(7.0, 1.4526171180391796)	(8.0, 1.188663415243813)	(9.0, 1.0235877733019032)	('>10', 9.838117474210838)	('>50', 2.7632032468564467)	('>100', 5.643073887502552)	('>500', 2.4740876638846014)	('>1k', 6.6854302994662484)	('>5k', 2.3790945052014694)	('>10k+', 2.7894613142386886)
SFZ_Mock2_R1	(1.0, 35.4977733245785)	(2.0, 12.362373034874626)	(3.0, 6.5433418991352035)	(4.0, 3.9290385590052432)	(5.0, 2.5985772410283583)	(6.0, 1.923150314867109)	(7.0, 1.5175866334736923)	(8.0, 1.219487055771392)	(9.0, 1.0162483941622997)	('>10', 10.388317088479285)	('>50', 2.8004071001995854)	('>100', 5.680195726401354)	('>500', 2.5202929433516776)	('>1k', 6.7255277808947485)	('>5k', 2.299676684699868)	('>10k+', 2.978006219077211)
SFZ_Mock2_R2	(1.0, 36.85404357462399)	(2.0, 12.33847776293302)	(3.0, 6.388670949511637)	(4.0, 3.7802171983529074)	(5.0, 2.496493189797475)	(6.0, 1.8460953678403507)	(7.0, 1.4111798236385726)	(8.0, 1.1885796872059)	(9.0, 0.9298798749960165)	('>10', 9.912295168966324)	('>50', 2.7241912779538526)	('>100', 5.603153710740108)	('>500', 2.496539798419212)	('>1k', 6.6185630861767155)	('>5k', 2.3549931211020634)	('>10k+', 3.056626407741901)
SFZ_Mock3_R1	(1.0, 35.40629464057483)	(2.0, 12.455934955645821)	(3.0, 6.553069780431597)	(4.0, 3.8784042632870026)	(5.0, 2.6405646439039936)	(6.0, 1.8984666300466924)	(7.0, 1.4958953917346536)	(8.0, 1.198592421714471)	(9.0, 1.0040695722185424)	('>10', 10.397584814644384)	('>50', 2.8826986574358595)	('>100', 5.836392234721116)	('>500', 2.5041571888359786)	('>1k', 6.740097428328884)	('>5k', 2.3029584041362914)	('>10k+', 2.8048189723398145)
SFZ_Mock3_R2	(1.0, 35.78105780338718)	(2.0, 12.477022788240474)	(3.0, 6.367348674205223)	(4.0, 3.796111031629639)	(5.0, 2.668949191151677)	(6.0, 1.9252834960352967)	(7.0, 1.4611521330335753)	(8.0, 1.1747771440341206)	(9.0, 0.9861426998552004)	('>10', 10.247767825577014)	('>50', 2.86919801941877)	('>100', 5.939551759303276)	('>500', 2.4806668959358498)	('>1k', 6.617317074036136)	('>5k', 2.3000873231044756)	('>10k+', 2.907566141051984)
SFZ_P1_R1	(1.0, 37.41662497746045)	(2.0, 12.421745745368993)	(3.0, 6.678258604137934)	(4.0, 4.179425988916021)	(5.0, 2.8673301385372123)	(6.0, 2.0746155819343035)	(7.0, 1.6784884099487907)	(8.0, 1.3368135988496914)	(9.0, 1.111359692204598)	('>10', 11.499777084141446)	('>50', 2.9095678767411437)	('>100', 5.283646712068599)	('>500', 2.2865467777650488)	('>1k', 5.173383822858105)	('>5k', 1.6361606494581225)	('>10k+', 1.4462543396096361)
SFZ_P1_R2	(1.0, 37.540508054932666)	(2.0, 12.566224984357548)	(3.0, 6.509208793436063)	(4.0, 4.0961145568480815)	(5.0, 2.813541619416917)	(6.0, 2.084659621144343)	(7.0, 1.5923559899868593)	(8.0, 1.325383983738072)	(9.0, 1.1304901465826769)	('>10', 11.390620399854534)	('>50', 2.876929414612508)	('>100', 5.457468774209845)	('>500', 2.2513192391202947)	('>1k', 5.163824224031849)	('>5k', 1.5056665053841596)	('>10k+', 1.6956836923436254)
SFZ_P2_R1	(1.0, 36.64178923900367)	(2.0, 12.528632161329947)	(3.0, 6.684504489022289)	(4.0, 4.026173666019995)	(5.0, 2.800375585043562)	(6.0, 2.1130960020636342)	(7.0, 1.6800523677928454)	(8.0, 1.2472357259324187)	(9.0, 1.0997486166899828)	('>10', 11.567470516878265)	('>50', 2.975460674904819)	('>100', 5.638697273912852)	('>500', 2.287010277422342)	('>1k', 5.394492509675335)	('>5k', 1.5142317794592273)	('>10k+', 1.8010291148487192)
SFZ_P2_R2	(1.0, 37.41019679394869)	(2.0, 12.521565296890163)	(3.0, 6.535517128696005)	(4.0, 3.8962581114127794)	(5.0, 2.764146918814001)	(6.0, 2.024102346497743)	(7.0, 1.586339401715239)	(8.0, 1.2482638801881762)	(9.0, 1.0733833545488112)	('>10', 11.390971937965881)	('>50', 2.983040084755446)	('>100', 5.539489496579117)	('>500', 2.2625647932376283)	('>1k', 5.280553797814878)	('>5k', 1.6615345008498859)	('>10k+', 1.8220721560854949)
SFZ_P3_R1	(1.0, 29.343969232417372)	(2.0, 14.322583554626005)	(3.0, 7.932549419657311)	(4.0, 4.8492060369323955)	(5.0, 3.2291655533433903)	(6.0, 2.3819326228320303)	(7.0, 1.7989804997280157)	(8.0, 1.5454410471676931)	(9.0, 1.2239901186465523)	('>10', 12.630261780045101)	('>50', 3.219191583612705)	('>100', 6.047881205792931)	('>500', 2.4370297454013827)	('>1k', 5.704706595586901)	('>5k', 1.7034672255773895)	('>10k+', 1.6296437786328741)
SFZ_P3_R2	(1.0, 28.64372977641122)	(2.0, 14.468560868959932)	(3.0, 8.019629281149989)	(4.0, 4.876851526174842)	(5.0, 3.332824886494142)	(6.0, 2.4030050008041868)	(7.0, 1.8866197871342392)	(8.0, 1.4866431513177982)	(9.0, 1.2738016766272418)	('>10', 12.633937909234424)	('>50', 3.335019050069648)	('>100', 5.929971569499051)	('>500', 2.465522722447383)	('>1k', 5.6981691441377835)	('>5k', 1.665570894176753)	('>10k+', 1.8801427553614216)
