Sample	0	1	2	3	4	5	6	7	8	9	10	11	12	13	14	15	16	17	18	19	20	21	22	23	24	25	26	27	28	29	30	31	32	33	34	35	36	37	38	39	40	41	42	43	44	45	46	47	48	49	50	51	52	53	54	55	56	57	58	59	60	61	62	63	64	65	66	67	68	69	70	71	72	73	74	75	76	77	78	79	80	81	82	83	84	85	86	87	88	89	90	91	92	93	94	95	96	97	98	99	100	101	102	103	104	105	106	107	108	109	110	111	112	113	114	115	116	117	118	119	120	121	122	123	124	125	126	127	128	129	130	131	132	133	134	135	136	137	138	139	140	141	142	143	144	145	146	147	148	149
GW_Mock1	(1, 36.8863)	(2, 37.8285)	(3, 38.3626)	(4, 38.348)	(5, 38.3933)	(6, 38.4927)	(7, 38.646)	(8, 38.6502)	(9, 38.6348)	(10, 38.5826)	(11, 38.6904)	(12, 38.6551)	(13, 38.7495)	(14, 38.7211)	(15, 38.8061)	(16, 38.7814)	(17, 38.7551)	(18, 38.7986)	(19, 38.8246)	(20, 38.8092)	(21, 38.8309)	(22, 38.8279)	(23, 38.8449)	(24, 38.8498)	(25, 38.8577)	(26, 38.2842)	(27, 38.2777)	(28, 38.2791)	(29, 38.2991)	(30, 38.273)	(31, 38.2654)	(32, 38.2957)	(33, 38.2957)	(34, 38.2881)	(35, 38.2986)	(36, 38.2716)	(37, 38.2546)	(38, 38.2591)	(39, 38.2537)	(40, 38.2536)	(41, 38.2451)	(42, 38.2279)	(43, 38.2285)	(44, 38.2116)	(45, 38.2265)	(46, 38.2309)	(47, 38.2253)	(48, 38.2434)	(49, 38.2559)	(50, 38.2444)	(51, 38.2241)	(52, 38.1839)	(53, 38.1925)	(54, 38.1913)	(55, 38.2019)	(56, 38.2123)	(57, 38.2189)	(58, 38.2051)	(59, 38.2136)	(60, 38.2041)	(61, 38.2033)	(62, 38.188)	(63, 38.2012)	(64, 38.204)	(65, 38.1858)	(66, 38.1745)	(67, 38.1817)	(68, 38.1715)	(69, 38.1483)	(70, 38.1148)	(71, 38.1303)	(72, 38.1143)	(73, 38.0998)	(74, 38.0829)	(75, 38.0929)	(76, 38.0676)	(77, 38.1003)	(78, 38.0945)	(79, 38.0791)	(80, 38.0302)	(81, 38.022)	(82, 38.0539)	(83, 38.0612)	(84, 38.0377)	(85, 38.0074)	(86, 38.0166)	(87, 37.9938)	(88, 37.9656)	(89, 37.9253)	(90, 37.9614)	(91, 37.9257)	(92, 37.9128)	(93, 37.9155)	(94, 37.8648)	(95, 37.9034)	(96, 37.8977)	(97, 37.8724)	(98, 37.8459)	(99, 37.8624)	(100, 37.874)	(101, 37.8335)	(102, 37.8179)	(103, 37.7943)	(104, 37.8046)	(105, 37.7821)	(106, 37.7341)	(107, 37.7624)	(108, 37.7428)	(109, 37.7153)	(110, 37.6919)	(111, 37.6479)	(112, 37.6121)	(113, 37.6353)	(114, 37.6175)	(115, 37.5916)	(116, 37.5678)	(117, 37.5433)	(118, 37.5309)	(119, 37.4948)	(120, 37.4931)	(121, 37.4867)	(122, 37.4536)	(123, 37.4454)	(124, 37.4179)	(125, 37.3997)	(126, 37.3661)	(127, 37.3681)	(128, 37.3631)	(129, 37.3431)	(130, 37.3387)	(131, 37.3498)	(132, 37.3481)	(133, 37.3091)	(134, 37.2825)	(135, 37.2551)	(136, 37.269)	(137, 37.234)	(138, 37.2138)	(139, 37.2154)	(140, 37.1908)	(141, 37.1647)	(142, 37.1564)	(143, 37.1182)	(144, 37.1076)	(145, 37.104)	(146, 37.0928)	(147, 37.0685)	(148, 37.0245)	(149, 37.0161)	(150, 37.0062)
GW_Mock2	(1, 37.3056)	(2, 38.0017)	(3, 38.5454)	(4, 38.5718)	(5, 38.6097)	(6, 38.63)	(7, 38.7906)	(8, 38.7673)	(9, 38.7087)	(10, 38.6557)	(11, 38.7768)	(12, 38.7584)	(13, 38.8286)	(14, 38.8152)	(15, 38.8845)	(16, 38.853)	(17, 38.8293)	(18, 38.869)	(19, 38.902)	(20, 38.8842)	(21, 38.9)	(22, 38.9123)	(23, 38.9304)	(24, 38.9335)	(25, 38.9478)	(26, 38.4619)	(27, 38.4539)	(28, 38.4512)	(29, 38.47)	(30, 38.4429)	(31, 38.4354)	(32, 38.4579)	(33, 38.4471)	(34, 38.4402)	(35, 38.4426)	(36, 38.4257)	(37, 38.4277)	(38, 38.4375)	(39, 38.4393)	(40, 38.429)	(41, 38.4147)	(42, 38.3953)	(43, 38.3942)	(44, 38.3692)	(45, 38.3836)	(46, 38.3821)	(47, 38.3814)	(48, 38.4015)	(49, 38.4199)	(50, 38.4049)	(51, 38.3845)	(52, 38.3459)	(53, 38.3504)	(54, 38.3458)	(55, 38.3583)	(56, 38.3677)	(57, 38.3767)	(58, 38.3703)	(59, 38.378)	(60, 38.3698)	(61, 38.3697)	(62, 38.3577)	(63, 38.3714)	(64, 38.3739)	(65, 38.3562)	(66, 38.3484)	(67, 38.3561)	(68, 38.3459)	(69, 38.3229)	(70, 38.2923)	(71, 38.3044)	(72, 38.2909)	(73, 38.2794)	(74, 38.2602)	(75, 38.2745)	(76, 38.2406)	(77, 38.2799)	(78, 38.2705)	(79, 38.2583)	(80, 38.2121)	(81, 38.2059)	(82, 38.2361)	(83, 38.244)	(84, 38.2228)	(85, 38.1974)	(86, 38.2044)	(87, 38.1851)	(88, 38.1581)	(89, 38.1174)	(90, 38.1532)	(91, 38.1218)	(92, 38.1111)	(93, 38.1126)	(94, 38.0647)	(95, 38.0942)	(96, 38.0902)	(97, 38.0679)	(98, 38.0461)	(99, 38.0558)	(100, 38.0668)	(101, 38.0313)	(102, 38.0192)	(103, 37.9941)	(104, 38.0053)	(105, 37.9842)	(106, 37.933)	(107, 37.9655)	(108, 37.9487)	(109, 37.9231)	(110, 37.9054)	(111, 37.862)	(112, 37.8316)	(113, 37.8539)	(114, 37.8345)	(115, 37.8158)	(116, 37.7938)	(117, 37.7713)	(118, 37.7575)	(119, 37.7205)	(120, 37.724)	(121, 37.7146)	(122, 37.6862)	(123, 37.6785)	(124, 37.6557)	(125, 37.6361)	(126, 37.6055)	(127, 37.6045)	(128, 37.5993)	(129, 37.5836)	(130, 37.5763)	(131, 37.5858)	(132, 37.5817)	(133, 37.5475)	(134, 37.5229)	(135, 37.4937)	(136, 37.5105)	(137, 37.4773)	(138, 37.4548)	(139, 37.4548)	(140, 37.4342)	(141, 37.4085)	(142, 37.4002)	(143, 37.363)	(144, 37.3585)	(145, 37.3565)	(146, 37.3431)	(147, 37.3196)	(148, 37.2833)	(149, 37.2771)	(150, 37.2674)
GW_Mock3	(1, 37.5776)	(2, 38.1275)	(3, 38.4123)	(4, 38.5509)	(5, 38.6107)	(6, 38.6599)	(7, 38.8034)	(8, 38.8026)	(9, 38.7511)	(10, 38.7147)	(11, 38.8155)	(12, 38.793)	(13, 38.8759)	(14, 38.8528)	(15, 38.9351)	(16, 38.9072)	(17, 38.8781)	(18, 38.9168)	(19, 38.9409)	(20, 38.9259)	(21, 38.9423)	(22, 38.947)	(23, 38.9622)	(24, 38.9656)	(25, 38.9777)	(26, 38.5098)	(27, 38.5053)	(28, 38.5056)	(29, 38.5213)	(30, 38.4923)	(31, 38.4834)	(32, 38.5103)	(33, 38.5002)	(34, 38.4883)	(35, 38.4982)	(36, 38.4777)	(37, 38.4725)	(38, 38.4896)	(39, 38.4869)	(40, 38.4801)	(41, 38.4778)	(42, 38.4735)	(43, 38.4735)	(44, 38.4628)	(45, 38.4764)	(46, 38.4822)	(47, 38.476)	(48, 38.4893)	(49, 38.4961)	(50, 38.4787)	(51, 38.4607)	(52, 38.4229)	(53, 38.4312)	(54, 38.4275)	(55, 38.4348)	(56, 38.4417)	(57, 38.4469)	(58, 38.4324)	(59, 38.4402)	(60, 38.4324)	(61, 38.4302)	(62, 38.4151)	(63, 38.4283)	(64, 38.429)	(65, 38.4124)	(66, 38.4021)	(67, 38.4069)	(68, 38.3964)	(69, 38.3711)	(70, 38.3401)	(71, 38.3543)	(72, 38.3423)	(73, 38.3261)	(74, 38.3102)	(75, 38.3254)	(76, 38.2954)	(77, 38.3295)	(78, 38.3238)	(79, 38.3078)	(80, 38.2608)	(81, 38.2576)	(82, 38.2857)	(83, 38.2892)	(84, 38.2684)	(85, 38.2434)	(86, 38.251)	(87, 38.2306)	(88, 38.1996)	(89, 38.1576)	(90, 38.1986)	(91, 38.1662)	(92, 38.1552)	(93, 38.1578)	(94, 38.1041)	(95, 38.1426)	(96, 38.1393)	(97, 38.1164)	(98, 38.0896)	(99, 38.1058)	(100, 38.1186)	(101, 38.0803)	(102, 38.0681)	(103, 38.0427)	(104, 38.0542)	(105, 38.034)	(106, 37.9856)	(107, 38.0125)	(108, 37.9995)	(109, 37.9705)	(110, 37.9529)	(111, 37.9114)	(112, 37.8778)	(113, 37.9001)	(114, 37.8788)	(115, 37.8591)	(116, 37.8393)	(117, 37.8169)	(118, 37.8003)	(119, 37.769)	(120, 37.7669)	(121, 37.7584)	(122, 37.7267)	(123, 37.7216)	(124, 37.693)	(125, 37.6757)	(126, 37.6424)	(127, 37.6434)	(128, 37.6393)	(129, 37.6209)	(130, 37.6159)	(131, 37.6254)	(132, 37.6227)	(133, 37.5824)	(134, 37.5572)	(135, 37.5271)	(136, 37.5432)	(137, 37.5051)	(138, 37.4865)	(139, 37.4831)	(140, 37.4635)	(141, 37.4319)	(142, 37.4221)	(143, 37.3835)	(144, 37.3764)	(145, 37.3719)	(146, 37.3568)	(147, 37.3311)	(148, 37.2872)	(149, 37.2818)	(150, 37.2672)
GW_P1	(1, 37.649)	(2, 38.3477)	(3, 38.6466)	(4, 38.6628)	(5, 38.6537)	(6, 38.711)	(7, 38.8977)	(8, 38.8579)	(9, 38.8598)	(10, 38.7786)	(11, 38.8683)	(12, 38.855)	(13, 38.9263)	(14, 38.8983)	(15, 38.9598)	(16, 38.9455)	(17, 38.925)	(18, 38.9575)	(19, 38.9748)	(20, 38.9574)	(21, 38.9693)	(22, 38.9646)	(23, 38.9854)	(24, 38.9796)	(25, 38.9952)	(26, 38.5396)	(27, 38.535)	(28, 38.5268)	(29, 38.5416)	(30, 38.5146)	(31, 38.507)	(32, 38.5357)	(33, 38.5279)	(34, 38.4999)	(35, 38.4968)	(36, 38.4702)	(37, 38.4557)	(38, 38.4688)	(39, 38.4545)	(40, 38.4395)	(41, 38.4371)	(42, 38.4406)	(43, 38.4456)	(44, 38.4332)	(45, 38.4521)	(46, 38.4569)	(47, 38.452)	(48, 38.4695)	(49, 38.4763)	(50, 38.4632)	(51, 38.4446)	(52, 38.4084)	(53, 38.4151)	(54, 38.4133)	(55, 38.4194)	(56, 38.4271)	(57, 38.4311)	(58, 38.4165)	(59, 38.4234)	(60, 38.4113)	(61, 38.4102)	(62, 38.3973)	(63, 38.4097)	(64, 38.405)	(65, 38.3865)	(66, 38.3769)	(67, 38.3818)	(68, 38.3732)	(69, 38.353)	(70, 38.3176)	(71, 38.3371)	(72, 38.3202)	(73, 38.3075)	(74, 38.29)	(75, 38.2992)	(76, 38.2811)	(77, 38.3105)	(78, 38.3014)	(79, 38.2826)	(80, 38.245)	(81, 38.2298)	(82, 38.2601)	(83, 38.2669)	(84, 38.2459)	(85, 38.2182)	(86, 38.2289)	(87, 38.2105)	(88, 38.1867)	(89, 38.1422)	(90, 38.1816)	(91, 38.1504)	(92, 38.1415)	(93, 38.1432)	(94, 38.0952)	(95, 38.1274)	(96, 38.1261)	(97, 38.1057)	(98, 38.0807)	(99, 38.0909)	(100, 38.1076)	(101, 38.0727)	(102, 38.0536)	(103, 38.0351)	(104, 38.0409)	(105, 38.0183)	(106, 37.9839)	(107, 38.008)	(108, 37.9917)	(109, 37.9711)	(110, 37.952)	(111, 37.9133)	(112, 37.8846)	(113, 37.9043)	(114, 37.8856)	(115, 37.8634)	(116, 37.8494)	(117, 37.8276)	(118, 37.8153)	(119, 37.7877)	(120, 37.7872)	(121, 37.7779)	(122, 37.7521)	(123, 37.7461)	(124, 37.7256)	(125, 37.7053)	(126, 37.6751)	(127, 37.6792)	(128, 37.6718)	(129, 37.6612)	(130, 37.656)	(131, 37.6684)	(132, 37.6685)	(133, 37.635)	(134, 37.6095)	(135, 37.578)	(136, 37.588)	(137, 37.5641)	(138, 37.5435)	(139, 37.5428)	(140, 37.5228)	(141, 37.4944)	(142, 37.4856)	(143, 37.4507)	(144, 37.4459)	(145, 37.4449)	(146, 37.4307)	(147, 37.4086)	(148, 37.3692)	(149, 37.3641)	(150, 37.3533)
GW_P2	(1, 37.7628)	(2, 38.3315)	(3, 38.6676)	(4, 38.5937)	(5, 38.665)	(6, 38.7493)	(7, 38.8819)	(8, 38.8638)	(9, 38.8193)	(10, 38.7222)	(11, 38.8377)	(12, 38.8166)	(13, 38.8999)	(14, 38.8881)	(15, 38.9489)	(16, 38.932)	(17, 38.9094)	(18, 38.9428)	(19, 38.9665)	(20, 38.9514)	(21, 38.9651)	(22, 38.968)	(23, 38.9907)	(24, 38.9836)	(25, 39.0041)	(26, 38.5749)	(27, 38.569)	(28, 38.5596)	(29, 38.5722)	(30, 38.547)	(31, 38.5385)	(32, 38.5637)	(33, 38.5565)	(34, 38.5287)	(35, 38.5155)	(36, 38.4947)	(37, 38.4748)	(38, 38.4753)	(39, 38.4728)	(40, 38.4697)	(41, 38.4748)	(42, 38.4744)	(43, 38.4783)	(44, 38.4555)	(45, 38.4677)	(46, 38.4668)	(47, 38.4651)	(48, 38.4836)	(49, 38.496)	(50, 38.4809)	(51, 38.456)	(52, 38.4085)	(53, 38.4075)	(54, 38.405)	(55, 38.4167)	(56, 38.4246)	(57, 38.4294)	(58, 38.422)	(59, 38.4299)	(60, 38.4175)	(61, 38.42)	(62, 38.4042)	(63, 38.4175)	(64, 38.4183)	(65, 38.3989)	(66, 38.3924)	(67, 38.3969)	(68, 38.3847)	(69, 38.3662)	(70, 38.3325)	(71, 38.3467)	(72, 38.3315)	(73, 38.3214)	(74, 38.3024)	(75, 38.311)	(76, 38.2926)	(77, 38.3209)	(78, 38.3148)	(79, 38.2994)	(80, 38.2638)	(81, 38.2516)	(82, 38.2806)	(83, 38.2885)	(84, 38.2668)	(85, 38.2439)	(86, 38.2531)	(87, 38.2366)	(88, 38.2104)	(89, 38.1619)	(90, 38.2045)	(91, 38.1754)	(92, 38.1653)	(93, 38.1681)	(94, 38.1201)	(95, 38.1473)	(96, 38.1456)	(97, 38.1279)	(98, 38.1004)	(99, 38.1114)	(100, 38.1233)	(101, 38.0909)	(102, 38.0756)	(103, 38.055)	(104, 38.0608)	(105, 38.0363)	(106, 38.0023)	(107, 38.0278)	(108, 38.009)	(109, 37.9848)	(110, 37.9697)	(111, 37.9285)	(112, 37.9028)	(113, 37.9197)	(114, 37.9018)	(115, 37.8807)	(116, 37.865)	(117, 37.8393)	(118, 37.8279)	(119, 37.8005)	(120, 37.7959)	(121, 37.7895)	(122, 37.7609)	(123, 37.7551)	(124, 37.7346)	(125, 37.7132)	(126, 37.6853)	(127, 37.6848)	(128, 37.6758)	(129, 37.6631)	(130, 37.6594)	(131, 37.6676)	(132, 37.6651)	(133, 37.6332)	(134, 37.6099)	(135, 37.5795)	(136, 37.5907)	(137, 37.5601)	(138, 37.5399)	(139, 37.5374)	(140, 37.5188)	(141, 37.4909)	(142, 37.4801)	(143, 37.4499)	(144, 37.4432)	(145, 37.4404)	(146, 37.4242)	(147, 37.4016)	(148, 37.3652)	(149, 37.357)	(150, 37.3441)
GW_P3	(1, 37.5535)	(2, 38.2008)	(3, 38.6164)	(4, 38.5309)	(5, 38.5927)	(6, 38.7086)	(7, 38.8393)	(8, 38.8178)	(9, 38.7802)	(10, 38.7396)	(11, 38.8292)	(12, 38.7829)	(13, 38.8731)	(14, 38.8448)	(15, 38.914)	(16, 38.8955)	(17, 38.8702)	(18, 38.9109)	(19, 38.9351)	(20, 38.9164)	(21, 38.9324)	(22, 38.9312)	(23, 38.9536)	(24, 38.9518)	(25, 38.9611)	(26, 38.4841)	(27, 38.4759)	(28, 38.4681)	(29, 38.4841)	(30, 38.4563)	(31, 38.448)	(32, 38.4794)	(33, 38.4835)	(34, 38.4635)	(35, 38.4731)	(36, 38.4547)	(37, 38.4521)	(38, 38.4652)	(39, 38.4595)	(40, 38.4501)	(41, 38.4382)	(42, 38.4248)	(43, 38.4182)	(44, 38.4025)	(45, 38.4154)	(46, 38.416)	(47, 38.4076)	(48, 38.4176)	(49, 38.4253)	(50, 38.4062)	(51, 38.3789)	(52, 38.3307)	(53, 38.33)	(54, 38.3258)	(55, 38.3384)	(56, 38.349)	(57, 38.3584)	(58, 38.3479)	(59, 38.3595)	(60, 38.3434)	(61, 38.3478)	(62, 38.3337)	(63, 38.345)	(64, 38.3463)	(65, 38.3234)	(66, 38.3181)	(67, 38.3253)	(68, 38.3119)	(69, 38.2894)	(70, 38.25)	(71, 38.2719)	(72, 38.2541)	(73, 38.2444)	(74, 38.2319)	(75, 38.2442)	(76, 38.2218)	(77, 38.2557)	(78, 38.2467)	(79, 38.2347)	(80, 38.1896)	(81, 38.1918)	(82, 38.219)	(83, 38.2244)	(84, 38.2035)	(85, 38.1765)	(86, 38.186)	(87, 38.1716)	(88, 38.1421)	(89, 38.097)	(90, 38.139)	(91, 38.1031)	(92, 38.0964)	(93, 38.1023)	(94, 38.0473)	(95, 38.0841)	(96, 38.0843)	(97, 38.0641)	(98, 38.0349)	(99, 38.0521)	(100, 38.0653)	(101, 38.0273)	(102, 38.0153)	(103, 37.9959)	(104, 37.9999)	(105, 37.9801)	(106, 37.9372)	(107, 37.9641)	(108, 37.9472)	(109, 37.9217)	(110, 37.9025)	(111, 37.8601)	(112, 37.826)	(113, 37.8499)	(114, 37.8283)	(115, 37.807)	(116, 37.7893)	(117, 37.7625)	(118, 37.7491)	(119, 37.7186)	(120, 37.717)	(121, 37.7072)	(122, 37.6822)	(123, 37.6719)	(124, 37.6458)	(125, 37.629)	(126, 37.5952)	(127, 37.5963)	(128, 37.5941)	(129, 37.5757)	(130, 37.572)	(131, 37.5842)	(132, 37.5818)	(133, 37.5402)	(134, 37.5186)	(135, 37.4868)	(136, 37.5008)	(137, 37.4626)	(138, 37.4443)	(139, 37.4448)	(140, 37.4208)	(141, 37.3926)	(142, 37.3858)	(143, 37.3475)	(144, 37.34)	(145, 37.3347)	(146, 37.322)	(147, 37.2949)	(148, 37.2503)	(149, 37.2452)	(150, 37.2307)
SFZ_Mock1	(1, 37.4108)	(2, 38.1896)	(3, 38.4942)	(4, 38.5284)	(5, 38.5755)	(6, 38.7021)	(7, 38.84)	(8, 38.8413)	(9, 38.8045)	(10, 38.774)	(11, 38.8596)	(12, 38.8306)	(13, 38.9237)	(14, 38.896)	(15, 38.9747)	(16, 38.9514)	(17, 38.9254)	(18, 38.9649)	(19, 38.9848)	(20, 38.9751)	(21, 38.9922)	(22, 38.9919)	(23, 39.0044)	(24, 39.0056)	(25, 39.0182)	(26, 38.5596)	(27, 38.5536)	(28, 38.5569)	(29, 38.5741)	(30, 38.5469)	(31, 38.5369)	(32, 38.5665)	(33, 38.5647)	(34, 38.5545)	(35, 38.5643)	(36, 38.5509)	(37, 38.5461)	(38, 38.5561)	(39, 38.5487)	(40, 38.5406)	(41, 38.5362)	(42, 38.5279)	(43, 38.528)	(44, 38.5166)	(45, 38.5257)	(46, 38.5264)	(47, 38.5197)	(48, 38.5329)	(49, 38.5418)	(50, 38.5254)	(51, 38.5059)	(52, 38.4634)	(53, 38.4742)	(54, 38.4702)	(55, 38.4776)	(56, 38.4846)	(57, 38.485)	(58, 38.4715)	(59, 38.4765)	(60, 38.4679)	(61, 38.4658)	(62, 38.4482)	(63, 38.4618)	(64, 38.4642)	(65, 38.4433)	(66, 38.4304)	(67, 38.4381)	(68, 38.43)	(69, 38.4029)	(70, 38.3675)	(71, 38.3863)	(72, 38.3715)	(73, 38.3612)	(74, 38.3423)	(75, 38.3576)	(76, 38.3265)	(77, 38.3634)	(78, 38.3532)	(79, 38.3378)	(80, 38.2912)	(81, 38.2847)	(82, 38.3109)	(83, 38.3173)	(84, 38.2996)	(85, 38.2673)	(86, 38.275)	(87, 38.257)	(88, 38.2287)	(89, 38.1912)	(90, 38.2298)	(91, 38.1917)	(92, 38.1789)	(93, 38.1853)	(94, 38.1372)	(95, 38.1712)	(96, 38.1677)	(97, 38.1463)	(98, 38.117)	(99, 38.1389)	(100, 38.1475)	(101, 38.1108)	(102, 38.096)	(103, 38.0737)	(104, 38.0819)	(105, 38.0657)	(106, 38.0169)	(107, 38.0422)	(108, 38.0278)	(109, 38.0011)	(110, 37.9835)	(111, 37.944)	(112, 37.9091)	(113, 37.9329)	(114, 37.9129)	(115, 37.8923)	(116, 37.8736)	(117, 37.8505)	(118, 37.8335)	(119, 37.7991)	(120, 37.8014)	(121, 37.792)	(122, 37.7668)	(123, 37.758)	(124, 37.7327)	(125, 37.7131)	(126, 37.6824)	(127, 37.6825)	(128, 37.6765)	(129, 37.6625)	(130, 37.6567)	(131, 37.6672)	(132, 37.6669)	(133, 37.6253)	(134, 37.6007)	(135, 37.5725)	(136, 37.591)	(137, 37.5535)	(138, 37.5326)	(139, 37.5334)	(140, 37.5114)	(141, 37.4805)	(142, 37.4732)	(143, 37.4339)	(144, 37.4244)	(145, 37.4207)	(146, 37.4095)	(147, 37.3839)	(148, 37.3451)	(149, 37.3361)	(150, 37.3268)
SFZ_Mock2	(1, 37.4348)	(2, 38.1292)	(3, 38.5774)	(4, 38.5207)	(5, 38.5612)	(6, 38.6439)	(7, 38.7688)	(8, 38.733)	(9, 38.6842)	(10, 38.5748)	(11, 38.687)	(12, 38.6185)	(13, 38.6995)	(14, 38.714)	(15, 38.7403)	(16, 38.7316)	(17, 38.7156)	(18, 38.7708)	(19, 38.8106)	(20, 38.7915)	(21, 38.819)	(22, 38.8463)	(23, 38.8775)	(24, 38.884)	(25, 38.8909)	(26, 38.3593)	(27, 38.3397)	(28, 38.3181)	(29, 38.322)	(30, 38.3076)	(31, 38.3225)	(32, 38.3545)	(33, 38.3231)	(34, 38.2891)	(35, 38.2407)	(36, 38.1368)	(37, 38.0441)	(38, 38.0354)	(39, 38.0401)	(40, 38.0239)	(41, 38.0012)	(42, 38.0079)	(43, 38.0611)	(44, 38.0615)	(45, 38.1089)	(46, 38.1197)	(47, 38.141)	(48, 38.1907)	(49, 38.2312)	(50, 38.223)	(51, 38.1975)	(52, 38.146)	(53, 38.1267)	(54, 38.1346)	(55, 38.166)	(56, 38.1788)	(57, 38.2057)	(58, 38.2145)	(59, 38.2273)	(60, 38.2205)	(61, 38.2281)	(62, 38.2168)	(63, 38.2281)	(64, 38.2375)	(65, 38.2197)	(66, 38.2131)	(67, 38.2199)	(68, 38.2043)	(69, 38.1809)	(70, 38.1497)	(71, 38.1594)	(72, 38.1465)	(73, 38.1384)	(74, 38.1188)	(75, 38.1379)	(76, 38.1042)	(77, 38.145)	(78, 38.1419)	(79, 38.1301)	(80, 38.0879)	(81, 38.087)	(82, 38.1173)	(83, 38.1294)	(84, 38.1114)	(85, 38.0891)	(86, 38.1002)	(87, 38.0835)	(88, 38.0629)	(89, 38.0281)	(90, 38.0606)	(91, 38.0299)	(92, 38.0212)	(93, 38.0237)	(94, 37.9814)	(95, 38.008)	(96, 38.0052)	(97, 37.9808)	(98, 37.9571)	(99, 37.9707)	(100, 37.9763)	(101, 37.9445)	(102, 37.9282)	(103, 37.9038)	(104, 37.9106)	(105, 37.8923)	(106, 37.8426)	(107, 37.8719)	(108, 37.857)	(109, 37.832)	(110, 37.8112)	(111, 37.7718)	(112, 37.735)	(113, 37.7582)	(114, 37.7384)	(115, 37.7189)	(116, 37.7004)	(117, 37.6726)	(118, 37.6586)	(119, 37.6186)	(120, 37.6217)	(121, 37.6086)	(122, 37.5838)	(123, 37.5742)	(124, 37.5491)	(125, 37.5306)	(126, 37.5014)	(127, 37.4986)	(128, 37.4932)	(129, 37.4848)	(130, 37.4756)	(131, 37.4853)	(132, 37.481)	(133, 37.4466)	(134, 37.4269)	(135, 37.398)	(136, 37.4196)	(137, 37.3869)	(138, 37.3678)	(139, 37.366)	(140, 37.3507)	(141, 37.3247)	(142, 37.3187)	(143, 37.2851)	(144, 37.2796)	(145, 37.274)	(146, 37.2662)	(147, 37.2436)	(148, 37.2119)	(149, 37.2062)	(150, 37.1979)
SFZ_Mock3	(1, 37.8096)	(2, 38.4027)	(3, 38.6688)	(4, 38.6612)	(5, 38.7213)	(6, 38.8406)	(7, 38.9576)	(8, 38.9541)	(9, 38.9345)	(10, 38.879)	(11, 38.9563)	(12, 38.9411)	(13, 39.0043)	(14, 38.9899)	(15, 39.0499)	(16, 39.026)	(17, 39.0084)	(18, 39.0422)	(19, 39.0592)	(20, 39.0445)	(21, 39.0591)	(22, 39.0627)	(23, 39.0765)	(24, 39.0774)	(25, 39.0864)	(26, 38.6749)	(27, 38.668)	(28, 38.6664)	(29, 38.6764)	(30, 38.6549)	(31, 38.6493)	(32, 38.6713)	(33, 38.6615)	(34, 38.6392)	(35, 38.6297)	(36, 38.6019)	(37, 38.5836)	(38, 38.5796)	(39, 38.5717)	(40, 38.5681)	(41, 38.561)	(42, 38.546)	(43, 38.551)	(44, 38.5454)	(45, 38.5607)	(46, 38.5716)	(47, 38.5678)	(48, 38.5783)	(49, 38.588)	(50, 38.5772)	(51, 38.5641)	(52, 38.5388)	(53, 38.5492)	(54, 38.5461)	(55, 38.5515)	(56, 38.5564)	(57, 38.5538)	(58, 38.5409)	(59, 38.548)	(60, 38.5398)	(61, 38.535)	(62, 38.5226)	(63, 38.5351)	(64, 38.5349)	(65, 38.5167)	(66, 38.5059)	(67, 38.5144)	(68, 38.5046)	(69, 38.4851)	(70, 38.4596)	(71, 38.4677)	(72, 38.4573)	(73, 38.4479)	(74, 38.4272)	(75, 38.4441)	(76, 38.4044)	(77, 38.4459)	(78, 38.4348)	(79, 38.4212)	(80, 38.3769)	(81, 38.3707)	(82, 38.3926)	(83, 38.3976)	(84, 38.3793)	(85, 38.3538)	(86, 38.3618)	(87, 38.3456)	(88, 38.3231)	(89, 38.2852)	(90, 38.3181)	(91, 38.2883)	(92, 38.2806)	(93, 38.2825)	(94, 38.2425)	(95, 38.267)	(96, 38.2639)	(97, 38.2443)	(98, 38.2222)	(99, 38.2347)	(100, 38.2394)	(101, 38.2102)	(102, 38.1955)	(103, 38.1769)	(104, 38.1773)	(105, 38.1667)	(106, 38.1165)	(107, 38.1454)	(108, 38.1349)	(109, 38.1128)	(110, 38.0976)	(111, 38.0609)	(112, 38.029)	(113, 38.0555)	(114, 38.0368)	(115, 38.0252)	(116, 38.0042)	(117, 37.9858)	(118, 37.9725)	(119, 37.9327)	(120, 37.9482)	(121, 37.9391)	(122, 37.9161)	(123, 37.9071)	(124, 37.8853)	(125, 37.868)	(126, 37.8414)	(127, 37.8379)	(128, 37.8349)	(129, 37.8248)	(130, 37.8152)	(131, 37.8257)	(132, 37.8213)	(133, 37.7891)	(134, 37.7705)	(135, 37.7377)	(136, 37.7604)	(137, 37.728)	(138, 37.7074)	(139, 37.7071)	(140, 37.6921)	(141, 37.6667)	(142, 37.6597)	(143, 37.6268)	(144, 37.615)	(145, 37.6136)	(146, 37.601)	(147, 37.5785)	(148, 37.5503)	(149, 37.5393)	(150, 37.5306)
SFZ_P1	(1, 37.6499)	(2, 38.3118)	(3, 38.723)	(4, 38.6109)	(5, 38.7031)	(6, 38.8212)	(7, 38.8983)	(8, 38.9083)	(9, 38.8758)	(10, 38.8674)	(11, 38.935)	(12, 38.895)	(13, 38.9783)	(14, 38.9573)	(15, 39.0237)	(16, 39.0049)	(17, 38.9862)	(18, 39.0251)	(19, 39.0412)	(20, 39.0335)	(21, 39.0463)	(22, 39.0495)	(23, 39.0627)	(24, 39.0618)	(25, 39.0719)	(26, 38.6347)	(27, 38.6314)	(28, 38.6279)	(29, 38.6411)	(30, 38.6176)	(31, 38.612)	(32, 38.6389)	(33, 38.6371)	(34, 38.627)	(35, 38.6299)	(36, 38.6115)	(37, 38.6055)	(38, 38.607)	(39, 38.5981)	(40, 38.5958)	(41, 38.5986)	(42, 38.5883)	(43, 38.5911)	(44, 38.5845)	(45, 38.5936)	(46, 38.6011)	(47, 38.5882)	(48, 38.596)	(49, 38.6014)	(50, 38.585)	(51, 38.5662)	(52, 38.5297)	(53, 38.5263)	(54, 38.5185)	(55, 38.5266)	(56, 38.5288)	(57, 38.5329)	(58, 38.5224)	(59, 38.5283)	(60, 38.5172)	(61, 38.5154)	(62, 38.5026)	(63, 38.5111)	(64, 38.5115)	(65, 38.4916)	(66, 38.4827)	(67, 38.4891)	(68, 38.4744)	(69, 38.4549)	(70, 38.4236)	(71, 38.4348)	(72, 38.4207)	(73, 38.414)	(74, 38.3936)	(75, 38.4079)	(76, 38.3728)	(77, 38.4112)	(78, 38.4048)	(79, 38.3925)	(80, 38.3514)	(81, 38.3466)	(82, 38.37)	(83, 38.3763)	(84, 38.3565)	(85, 38.3318)	(86, 38.3391)	(87, 38.3253)	(88, 38.3014)	(89, 38.2599)	(90, 38.2912)	(91, 38.2605)	(92, 38.2525)	(93, 38.2544)	(94, 38.2102)	(95, 38.2388)	(96, 38.2345)	(97, 38.2111)	(98, 38.1881)	(99, 38.2057)	(100, 38.2069)	(101, 38.1807)	(102, 38.1658)	(103, 38.15)	(104, 38.1479)	(105, 38.135)	(106, 38.084)	(107, 38.1142)	(108, 38.0958)	(109, 38.0735)	(110, 38.0539)	(111, 38.0173)	(112, 37.9823)	(113, 38.0062)	(114, 37.9882)	(115, 37.9694)	(116, 37.9487)	(117, 37.927)	(118, 37.9136)	(119, 37.8699)	(120, 37.8825)	(121, 37.8689)	(122, 37.8455)	(123, 37.8399)	(124, 37.817)	(125, 37.7992)	(126, 37.7699)	(127, 37.7707)	(128, 37.7646)	(129, 37.7514)	(130, 37.7447)	(131, 37.7516)	(132, 37.7524)	(133, 37.7159)	(134, 37.6944)	(135, 37.6626)	(136, 37.68)	(137, 37.6491)	(138, 37.6315)	(139, 37.6295)	(140, 37.6109)	(141, 37.5831)	(142, 37.5736)	(143, 37.5424)	(144, 37.5309)	(145, 37.5267)	(146, 37.5187)	(147, 37.4943)	(148, 37.4641)	(149, 37.4572)	(150, 37.4451)
SFZ_P2	(1, 37.3611)	(2, 38.2696)	(3, 38.6601)	(4, 38.5484)	(5, 38.624)	(6, 38.729)	(7, 38.8741)	(8, 38.862)	(9, 38.8513)	(10, 38.7982)	(11, 38.8827)	(12, 38.8494)	(13, 38.924)	(14, 38.9045)	(15, 38.9679)	(16, 38.952)	(17, 38.9295)	(18, 38.9711)	(19, 38.9916)	(20, 38.9761)	(21, 38.9934)	(22, 38.9942)	(23, 39.0108)	(24, 39.0092)	(25, 39.0163)	(26, 38.5493)	(27, 38.5429)	(28, 38.54)	(29, 38.5517)	(30, 38.5293)	(31, 38.5261)	(32, 38.5547)	(33, 38.5548)	(34, 38.5476)	(35, 38.5533)	(36, 38.5341)	(37, 38.5279)	(38, 38.5369)	(39, 38.5335)	(40, 38.5201)	(41, 38.5177)	(42, 38.5082)	(43, 38.512)	(44, 38.5004)	(45, 38.5123)	(46, 38.5117)	(47, 38.5015)	(48, 38.5103)	(49, 38.5178)	(50, 38.5)	(51, 38.4781)	(52, 38.4357)	(53, 38.4272)	(54, 38.4198)	(55, 38.4338)	(56, 38.4377)	(57, 38.4453)	(58, 38.4388)	(59, 38.4432)	(60, 38.4306)	(61, 38.4301)	(62, 38.4173)	(63, 38.4254)	(64, 38.4293)	(65, 38.4096)	(66, 38.4016)	(67, 38.4094)	(68, 38.3946)	(69, 38.3742)	(70, 38.3453)	(71, 38.3554)	(72, 38.3436)	(73, 38.338)	(74, 38.318)	(75, 38.3304)	(76, 38.2984)	(77, 38.3395)	(78, 38.3336)	(79, 38.3207)	(80, 38.2761)	(81, 38.2759)	(82, 38.3007)	(83, 38.3058)	(84, 38.2881)	(85, 38.2616)	(86, 38.2695)	(87, 38.2536)	(88, 38.2302)	(89, 38.192)	(90, 38.2208)	(91, 38.1895)	(92, 38.1812)	(93, 38.1845)	(94, 38.1411)	(95, 38.1692)	(96, 38.1608)	(97, 38.1417)	(98, 38.1175)	(99, 38.1324)	(100, 38.1366)	(101, 38.1054)	(102, 38.0917)	(103, 38.0753)	(104, 38.0721)	(105, 38.0582)	(106, 38.0096)	(107, 38.0366)	(108, 38.0208)	(109, 37.9975)	(110, 37.9758)	(111, 37.9398)	(112, 37.9048)	(113, 37.9255)	(114, 37.9078)	(115, 37.8876)	(116, 37.8658)	(117, 37.8446)	(118, 37.831)	(119, 37.7872)	(120, 37.7968)	(121, 37.7858)	(122, 37.7643)	(123, 37.755)	(124, 37.7308)	(125, 37.7112)	(126, 37.6809)	(127, 37.6812)	(128, 37.6771)	(129, 37.6606)	(130, 37.6548)	(131, 37.6638)	(132, 37.6584)	(133, 37.6246)	(134, 37.603)	(135, 37.5694)	(136, 37.5848)	(137, 37.5521)	(138, 37.5336)	(139, 37.5291)	(140, 37.5138)	(141, 37.4861)	(142, 37.4748)	(143, 37.4412)	(144, 37.4307)	(145, 37.4245)	(146, 37.4163)	(147, 37.39)	(148, 37.3586)	(149, 37.3508)	(150, 37.3384)
SFZ_P3	(1, 37.6875)	(2, 38.2921)	(3, 38.5838)	(4, 38.5608)	(5, 38.7029)	(6, 38.7367)	(7, 38.8826)	(8, 38.867)	(9, 38.8226)	(10, 38.809)	(11, 38.9165)	(12, 38.9033)	(13, 38.9674)	(14, 38.9556)	(15, 39.0226)	(16, 39.0005)	(17, 38.9765)	(18, 39.0074)	(19, 39.0301)	(20, 39.0187)	(21, 39.0303)	(22, 39.0292)	(23, 39.0448)	(24, 39.0381)	(25, 39.0612)	(26, 38.632)	(27, 38.6333)	(28, 38.6307)	(29, 38.6457)	(30, 38.6212)	(31, 38.6114)	(32, 38.6336)	(33, 38.6305)	(34, 38.6192)	(35, 38.626)	(36, 38.6084)	(37, 38.5987)	(38, 38.6055)	(39, 38.6007)	(40, 38.5924)	(41, 38.5835)	(42, 38.5813)	(43, 38.583)	(44, 38.5681)	(45, 38.58)	(46, 38.5898)	(47, 38.5818)	(48, 38.5922)	(49, 38.5983)	(50, 38.588)	(51, 38.5739)	(52, 38.5473)	(53, 38.5514)	(54, 38.5495)	(55, 38.5525)	(56, 38.5581)	(57, 38.5558)	(58, 38.5413)	(59, 38.5469)	(60, 38.5369)	(61, 38.5314)	(62, 38.5168)	(63, 38.531)	(64, 38.5282)	(65, 38.509)	(66, 38.499)	(67, 38.5045)	(68, 38.4946)	(69, 38.4726)	(70, 38.4437)	(71, 38.4537)	(72, 38.4402)	(73, 38.4295)	(74, 38.4059)	(75, 38.4156)	(76, 38.3913)	(77, 38.4223)	(78, 38.4119)	(79, 38.3906)	(80, 38.353)	(81, 38.3337)	(82, 38.3658)	(83, 38.3676)	(84, 38.3492)	(85, 38.3256)	(86, 38.3295)	(87, 38.3136)	(88, 38.2929)	(89, 38.2513)	(90, 38.2794)	(91, 38.2521)	(92, 38.2394)	(93, 38.239)	(94, 38.1982)	(95, 38.2214)	(96, 38.2166)	(97, 38.1944)	(98, 38.1716)	(99, 38.1825)	(100, 38.1866)	(101, 38.1577)	(102, 38.1412)	(103, 38.1181)	(104, 38.1215)	(105, 38.1088)	(106, 38.068)	(107, 38.0874)	(108, 38.0712)	(109, 38.0527)	(110, 38.0341)	(111, 37.9974)	(112, 37.9693)	(113, 37.9837)	(114, 37.9688)	(115, 37.9491)	(116, 37.9299)	(117, 37.9083)	(118, 37.8907)	(119, 37.8601)	(120, 37.8667)	(121, 37.8482)	(122, 37.8248)	(123, 37.8189)	(124, 37.7959)	(125, 37.7738)	(126, 37.7461)	(127, 37.7455)	(128, 37.7331)	(129, 37.7287)	(130, 37.7189)	(131, 37.7216)	(132, 37.7162)	(133, 37.6858)	(134, 37.6608)	(135, 37.6331)	(136, 37.6459)	(137, 37.6182)	(138, 37.5946)	(139, 37.5893)	(140, 37.5739)	(141, 37.5404)	(142, 37.522)	(143, 37.4945)	(144, 37.4866)	(145, 37.4765)	(146, 37.4648)	(147, 37.4434)	(148, 37.4094)	(149, 37.4034)	(150, 37.3845)
