Sample	0	1	2	3	4	5	6	7	8	9	10	11	12	13	14	15	16	17	18	19	20	21	22	23	24	25	26	27	28	29	30	31	32	33	34	35	36	37	38	39	40	41	42	43	44	45	46	47	48	49	50	51	52	53	54	55	56	57	58	59	60	61	62	63	64	65	66	67	68	69	70	71	72	73	74	75	76	77	78	79	80	81	82	83	84	85	86	87	88	89	90	91	92	93	94	95	96	97	98	99	100	101	102	103	104	105	106	107	108	109	110	111	112	113	114	115	116	117	118	119	120	121	122	123	124	125	126	127	128	129	130	131	132	133	134	135	136	137	138	139	140	141	142	143	144	145	146	147	148	149
GW_Mock1	(1, 37.0695)	(2, 38.0244)	(3, 38.549)	(4, 38.5375)	(5, 38.5804)	(6, 38.6857)	(7, 38.8452)	(8, 38.8534)	(9, 38.838)	(10, 38.7931)	(11, 38.9029)	(12, 38.8816)	(13, 38.9765)	(14, 38.9443)	(15, 39.0387)	(16, 39.0111)	(17, 38.9833)	(18, 39.0224)	(19, 39.0468)	(20, 39.034)	(21, 39.0543)	(22, 39.0498)	(23, 39.0643)	(24, 39.0712)	(25, 39.0817)	(26, 38.6363)	(27, 38.6339)	(28, 38.6433)	(29, 38.668)	(30, 38.6407)	(31, 38.631)	(32, 38.6596)	(33, 38.6603)	(34, 38.6516)	(35, 38.667)	(36, 38.65)	(37, 38.651)	(38, 38.6667)	(39, 38.6645)	(40, 38.6639)	(41, 38.6614)	(42, 38.6543)	(43, 38.6546)	(44, 38.6411)	(45, 38.6559)	(46, 38.6651)	(47, 38.6597)	(48, 38.6705)	(49, 38.6789)	(50, 38.6689)	(51, 38.6546)	(52, 38.6226)	(53, 38.6396)	(54, 38.6384)	(55, 38.6424)	(56, 38.6528)	(57, 38.6531)	(58, 38.6337)	(59, 38.6431)	(60, 38.6356)	(61, 38.6334)	(62, 38.6204)	(63, 38.6353)	(64, 38.6368)	(65, 38.6207)	(66, 38.6083)	(67, 38.6157)	(68, 38.6098)	(69, 38.5879)	(70, 38.5559)	(71, 38.5736)	(72, 38.5585)	(73, 38.5431)	(74, 38.5258)	(75, 38.5381)	(76, 38.5128)	(77, 38.5473)	(78, 38.5418)	(79, 38.5271)	(80, 38.4783)	(81, 38.4699)	(82, 38.5032)	(83, 38.5112)	(84, 38.4876)	(85, 38.4585)	(86, 38.4687)	(87, 38.4485)	(88, 38.4222)	(89, 38.3827)	(90, 38.4223)	(91, 38.3881)	(92, 38.3771)	(93, 38.3818)	(94, 38.3327)	(95, 38.3743)	(96, 38.3702)	(97, 38.3479)	(98, 38.3246)	(99, 38.3429)	(100, 38.3592)	(101, 38.321)	(102, 38.3074)	(103, 38.2858)	(104, 38.2992)	(105, 38.2787)	(106, 38.2332)	(107, 38.2638)	(108, 38.2482)	(109, 38.2236)	(110, 38.2037)	(111, 38.1623)	(112, 38.1301)	(113, 38.1575)	(114, 38.144)	(115, 38.12)	(116, 38.0996)	(117, 38.0777)	(118, 38.069)	(119, 38.0369)	(120, 38.0395)	(121, 38.0342)	(122, 38.006)	(123, 38.0016)	(124, 37.9766)	(125, 37.9605)	(126, 37.929)	(127, 37.9335)	(128, 37.9319)	(129, 37.9151)	(130, 37.9127)	(131, 37.9262)	(132, 37.9279)	(133, 37.8911)	(134, 37.8668)	(135, 37.8413)	(136, 37.8591)	(137, 37.8257)	(138, 37.8062)	(139, 37.8114)	(140, 37.788)	(141, 37.7633)	(142, 37.7572)	(143, 37.7209)	(144, 37.7129)	(145, 37.7109)	(146, 37.7026)	(147, 37.6793)	(148, 37.6365)	(149, 37.629)	(150, 37.6223)
GW_Mock2	(1, 37.4751)	(2, 38.1921)	(3, 38.7128)	(4, 38.7407)	(5, 38.7794)	(6, 38.8058)	(7, 38.9701)	(8, 38.962)	(9, 38.9147)	(10, 38.8697)	(11, 38.9874)	(12, 38.986)	(13, 39.0555)	(14, 39.0344)	(15, 39.1154)	(16, 39.078)	(17, 39.0548)	(18, 39.0884)	(19, 39.1166)	(20, 39.1028)	(21, 39.1164)	(22, 39.1219)	(23, 39.1366)	(24, 39.1399)	(25, 39.1569)	(26, 38.7915)	(27, 38.7889)	(28, 38.7947)	(29, 38.8194)	(30, 38.7907)	(31, 38.7795)	(32, 38.8019)	(33, 38.8004)	(34, 38.7932)	(35, 38.8047)	(36, 38.7886)	(37, 38.7916)	(38, 38.8044)	(39, 38.8032)	(40, 38.7999)	(41, 38.7966)	(42, 38.7919)	(43, 38.7934)	(44, 38.7796)	(45, 38.7959)	(46, 38.803)	(47, 38.8007)	(48, 38.8116)	(49, 38.8205)	(50, 38.8081)	(51, 38.7941)	(52, 38.769)	(53, 38.7879)	(54, 38.7809)	(55, 38.7864)	(56, 38.7951)	(57, 38.7958)	(58, 38.7805)	(59, 38.7885)	(60, 38.7819)	(61, 38.7786)	(62, 38.7673)	(63, 38.7808)	(64, 38.7811)	(65, 38.7655)	(66, 38.7562)	(67, 38.764)	(68, 38.759)	(69, 38.7368)	(70, 38.7088)	(71, 38.7233)	(72, 38.7101)	(73, 38.6973)	(74, 38.6791)	(75, 38.6943)	(76, 38.6611)	(77, 38.7024)	(78, 38.6933)	(79, 38.6811)	(80, 38.634)	(81, 38.6275)	(82, 38.6574)	(83, 38.6662)	(84, 38.6465)	(85, 38.6215)	(86, 38.6299)	(87, 38.6126)	(88, 38.588)	(89, 38.5484)	(90, 38.5871)	(91, 38.5564)	(92, 38.5478)	(93, 38.5522)	(94, 38.5061)	(95, 38.5394)	(96, 38.5371)	(97, 38.5171)	(98, 38.4988)	(99, 38.5117)	(100, 38.5261)	(101, 38.492)	(102, 38.4811)	(103, 38.4589)	(104, 38.4736)	(105, 38.456)	(106, 38.4072)	(107, 38.4427)	(108, 38.4294)	(109, 38.4057)	(110, 38.3919)	(111, 38.3512)	(112, 38.3237)	(113, 38.3506)	(114, 38.335)	(115, 38.3193)	(116, 38.3007)	(117, 38.2812)	(118, 38.2724)	(119, 38.2388)	(120, 38.2463)	(121, 38.2389)	(122, 38.2155)	(123, 38.2115)	(124, 38.192)	(125, 38.1763)	(126, 38.1484)	(127, 38.1501)	(128, 38.1486)	(129, 38.1365)	(130, 38.1323)	(131, 38.1455)	(132, 38.1444)	(133, 38.1122)	(134, 38.091)	(135, 38.0634)	(136, 38.0843)	(137, 38.052)	(138, 38.0329)	(139, 38.0361)	(140, 38.0172)	(141, 37.9933)	(142, 37.9875)	(143, 37.9508)	(144, 37.9488)	(145, 37.9497)	(146, 37.9391)	(147, 37.9151)	(148, 37.8815)	(149, 37.8762)	(150, 37.8681)
GW_Mock3	(1, 37.7237)	(2, 38.3087)	(3, 38.5853)	(4, 38.7152)	(5, 38.7739)	(6, 38.829)	(7, 38.9737)	(8, 38.9808)	(9, 38.9338)	(10, 38.9063)	(11, 39.0059)	(12, 38.9934)	(13, 39.0765)	(14, 39.0488)	(15, 39.1392)	(16, 39.1077)	(17, 39.0796)	(18, 39.1151)	(19, 39.1373)	(20, 39.1252)	(21, 39.1402)	(22, 39.1427)	(23, 39.1565)	(24, 39.1599)	(25, 39.1749)	(26, 38.8173)	(27, 38.8184)	(28, 38.8245)	(29, 38.846)	(30, 38.8161)	(31, 38.8044)	(32, 38.8312)	(33, 38.8283)	(34, 38.8156)	(35, 38.8302)	(36, 38.8178)	(37, 38.8162)	(38, 38.8314)	(39, 38.83)	(40, 38.8252)	(41, 38.8263)	(42, 38.8204)	(43, 38.8171)	(44, 38.8063)	(45, 38.8193)	(46, 38.8271)	(47, 38.8225)	(48, 38.8365)	(49, 38.8443)	(50, 38.8294)	(51, 38.8172)	(52, 38.7856)	(53, 38.8044)	(54, 38.8024)	(55, 38.8059)	(56, 38.8141)	(57, 38.8166)	(58, 38.7976)	(59, 38.8064)	(60, 38.8016)	(61, 38.7982)	(62, 38.7849)	(63, 38.8003)	(64, 38.7996)	(65, 38.7856)	(66, 38.7747)	(67, 38.7803)	(68, 38.774)	(69, 38.7499)	(70, 38.7216)	(71, 38.7386)	(72, 38.7275)	(73, 38.711)	(74, 38.6952)	(75, 38.7115)	(76, 38.6817)	(77, 38.7176)	(78, 38.7118)	(79, 38.6972)	(80, 38.6501)	(81, 38.6472)	(82, 38.6763)	(83, 38.6814)	(84, 38.6607)	(85, 38.637)	(86, 38.646)	(87, 38.6284)	(88, 38.5997)	(89, 38.5589)	(90, 38.6035)	(91, 38.5722)	(92, 38.5634)	(93, 38.5686)	(94, 38.5171)	(95, 38.5594)	(96, 38.557)	(97, 38.5364)	(98, 38.5129)	(99, 38.5322)	(100, 38.5489)	(101, 38.5123)	(102, 38.5022)	(103, 38.4796)	(104, 38.4949)	(105, 38.4775)	(106, 38.432)	(107, 38.4612)	(108, 38.4521)	(109, 38.4258)	(110, 38.4117)	(111, 38.374)	(112, 38.344)	(113, 38.371)	(114, 38.3548)	(115, 38.3376)	(116, 38.3212)	(117, 38.3023)	(118, 38.2898)	(119, 38.2629)	(120, 38.2658)	(121, 38.2598)	(122, 38.2337)	(123, 38.2329)	(124, 38.2078)	(125, 38.1947)	(126, 38.1655)	(127, 38.1696)	(128, 38.1698)	(129, 38.1558)	(130, 38.1539)	(131, 38.1683)	(132, 38.1698)	(133, 38.133)	(134, 38.111)	(135, 38.0848)	(136, 38.1058)	(137, 38.071)	(138, 38.0558)	(139, 38.0563)	(140, 38.0399)	(141, 38.012)	(142, 38.006)	(143, 37.9701)	(144, 37.968)	(145, 37.9686)	(146, 37.9562)	(147, 37.9336)	(148, 37.8927)	(149, 37.8894)	(150, 37.8799)
GW_P1	(1, 37.8031)	(2, 38.5098)	(3, 38.804)	(4, 38.8246)	(5, 38.8154)	(6, 38.8772)	(7, 39.0697)	(8, 39.0372)	(9, 39.043)	(10, 38.9711)	(11, 39.064)	(12, 39.0639)	(13, 39.1362)	(14, 39.1067)	(15, 39.1792)	(16, 39.1614)	(17, 39.1406)	(18, 39.1701)	(19, 39.1865)	(20, 39.1723)	(21, 39.1833)	(22, 39.1772)	(23, 39.1968)	(24, 39.1921)	(25, 39.212)	(26, 38.8793)	(27, 38.8803)	(28, 38.882)	(29, 38.9024)	(30, 38.8739)	(31, 38.8639)	(32, 38.8902)	(33, 38.8917)	(34, 38.8785)	(35, 38.8888)	(36, 38.878)	(37, 38.8756)	(38, 38.8896)	(39, 38.8823)	(40, 38.8745)	(41, 38.8705)	(42, 38.8703)	(43, 38.8663)	(44, 38.8515)	(45, 38.8643)	(46, 38.8703)	(47, 38.8649)	(48, 38.8771)	(49, 38.8815)	(50, 38.8693)	(51, 38.8558)	(52, 38.826)	(53, 38.8411)	(54, 38.8397)	(55, 38.8411)	(56, 38.8497)	(57, 38.8499)	(58, 38.8311)	(59, 38.8388)	(60, 38.8288)	(61, 38.8273)	(62, 38.816)	(63, 38.8293)	(64, 38.8241)	(65, 38.8074)	(66, 38.7978)	(67, 38.8034)	(68, 38.7988)	(69, 38.7795)	(70, 38.7459)	(71, 38.7669)	(72, 38.7506)	(73, 38.7377)	(74, 38.7206)	(75, 38.7308)	(76, 38.7134)	(77, 38.7445)	(78, 38.7354)	(79, 38.7157)	(80, 38.678)	(81, 38.6623)	(82, 38.6922)	(83, 38.6998)	(84, 38.6787)	(85, 38.6514)	(86, 38.6627)	(87, 38.6454)	(88, 38.6234)	(89, 38.5789)	(90, 38.621)	(91, 38.5905)	(92, 38.5823)	(93, 38.5863)	(94, 38.5391)	(95, 38.5734)	(96, 38.5731)	(97, 38.5542)	(98, 38.531)	(99, 38.543)	(100, 38.5622)	(101, 38.5282)	(102, 38.5109)	(103, 38.4937)	(104, 38.5018)	(105, 38.4813)	(106, 38.4487)	(107, 38.4747)	(108, 38.4611)	(109, 38.4429)	(110, 38.4266)	(111, 38.3898)	(112, 38.3634)	(113, 38.3869)	(114, 38.3713)	(115, 38.351)	(116, 38.3392)	(117, 38.3191)	(118, 38.3098)	(119, 38.2853)	(120, 38.2869)	(121, 38.2801)	(122, 38.2558)	(123, 38.252)	(124, 38.2343)	(125, 38.2147)	(126, 38.1865)	(127, 38.192)	(128, 38.1861)	(129, 38.1779)	(130, 38.1741)	(131, 38.1888)	(132, 38.1906)	(133, 38.1588)	(134, 38.1344)	(135, 38.1044)	(136, 38.1173)	(137, 38.0929)	(138, 38.0738)	(139, 38.0755)	(140, 38.0564)	(141, 38.0293)	(142, 38.0222)	(143, 37.9895)	(144, 37.9866)	(145, 37.9872)	(146, 37.9751)	(147, 37.9537)	(148, 37.9156)	(149, 37.9109)	(150, 37.9018)
GW_P2	(1, 37.9071)	(2, 38.4911)	(3, 38.8246)	(4, 38.7758)	(5, 38.831)	(6, 38.914)	(7, 39.0547)	(8, 39.0488)	(9, 39.0145)	(10, 38.9324)	(11, 39.05)	(12, 39.0485)	(13, 39.1262)	(14, 39.1067)	(15, 39.181)	(16, 39.1569)	(17, 39.1339)	(18, 39.1606)	(19, 39.1803)	(20, 39.1699)	(21, 39.1808)	(22, 39.1796)	(23, 39.1972)	(24, 39.1908)	(25, 39.2161)	(26, 38.9029)	(27, 38.9039)	(28, 38.9061)	(29, 38.9269)	(30, 38.8974)	(31, 38.884)	(32, 38.9073)	(33, 38.9108)	(34, 38.8945)	(35, 38.9044)	(36, 38.895)	(37, 38.8963)	(38, 38.9074)	(39, 38.8979)	(40, 38.8931)	(41, 38.8877)	(42, 38.8884)	(43, 38.8847)	(44, 38.8667)	(45, 38.8777)	(46, 38.8868)	(47, 38.8849)	(48, 38.8949)	(49, 38.899)	(50, 38.8871)	(51, 38.8725)	(52, 38.8422)	(53, 38.8589)	(54, 38.8563)	(55, 38.8594)	(56, 38.8675)	(57, 38.8643)	(58, 38.8469)	(59, 38.8562)	(60, 38.8464)	(61, 38.8453)	(62, 38.8304)	(63, 38.8443)	(64, 38.8421)	(65, 38.8238)	(66, 38.8144)	(67, 38.8192)	(68, 38.8129)	(69, 38.7949)	(70, 38.7639)	(71, 38.7808)	(72, 38.7659)	(73, 38.7544)	(74, 38.7351)	(75, 38.7453)	(76, 38.7273)	(77, 38.7566)	(78, 38.7485)	(79, 38.73)	(80, 38.6918)	(81, 38.6776)	(82, 38.7062)	(83, 38.7134)	(84, 38.6905)	(85, 38.667)	(86, 38.6776)	(87, 38.662)	(88, 38.6368)	(89, 38.5887)	(90, 38.6341)	(91, 38.6056)	(92, 38.5964)	(93, 38.6008)	(94, 38.5542)	(95, 38.5845)	(96, 38.584)	(97, 38.5677)	(98, 38.5416)	(99, 38.5545)	(100, 38.5694)	(101, 38.5378)	(102, 38.5237)	(103, 38.5053)	(104, 38.5144)	(105, 38.4917)	(106, 38.4596)	(107, 38.4879)	(108, 38.4723)	(109, 38.4492)	(110, 38.4373)	(111, 38.3974)	(112, 38.3751)	(113, 38.3961)	(114, 38.3819)	(115, 38.363)	(116, 38.3503)	(117, 38.3281)	(118, 38.321)	(119, 38.2959)	(120, 38.2962)	(121, 38.2915)	(122, 38.2657)	(123, 38.2638)	(124, 38.2457)	(125, 38.2261)	(126, 38.2004)	(127, 38.2028)	(128, 38.1963)	(129, 38.1867)	(130, 38.1843)	(131, 38.1951)	(132, 38.195)	(133, 38.1649)	(134, 38.1437)	(135, 38.115)	(136, 38.1295)	(137, 38.0996)	(138, 38.0819)	(139, 38.0815)	(140, 38.0639)	(141, 38.0371)	(142, 38.0289)	(143, 37.9998)	(144, 37.9953)	(145, 37.9945)	(146, 37.9809)	(147, 37.9587)	(148, 37.9245)	(149, 37.9176)	(150, 37.9063)
GW_P3	(1, 37.7134)	(2, 38.3756)	(3, 38.7725)	(4, 38.6999)	(5, 38.7572)	(6, 38.8759)	(7, 39.0128)	(8, 39.0015)	(9, 38.9694)	(10, 38.9414)	(11, 39.0321)	(12, 39.005)	(13, 39.0938)	(14, 39.0601)	(15, 39.1445)	(16, 39.1197)	(17, 39.0934)	(18, 39.128)	(19, 39.1495)	(20, 39.1356)	(21, 39.1494)	(22, 39.145)	(23, 39.1643)	(24, 39.1637)	(25, 39.178)	(26, 38.8216)	(27, 38.82)	(28, 38.8238)	(29, 38.8465)	(30, 38.8163)	(31, 38.8036)	(32, 38.8328)	(33, 38.8351)	(34, 38.8195)	(35, 38.8327)	(36, 38.8184)	(37, 38.8183)	(38, 38.8333)	(39, 38.8268)	(40, 38.8238)	(41, 38.8227)	(42, 38.817)	(43, 38.8107)	(44, 38.7982)	(45, 38.8102)	(46, 38.8188)	(47, 38.8143)	(48, 38.8221)	(49, 38.8287)	(50, 38.8153)	(51, 38.8006)	(52, 38.7689)	(53, 38.7884)	(54, 38.7853)	(55, 38.7871)	(56, 38.7978)	(57, 38.7967)	(58, 38.7755)	(59, 38.7875)	(60, 38.7766)	(61, 38.777)	(62, 38.7653)	(63, 38.779)	(64, 38.7775)	(65, 38.7562)	(66, 38.7486)	(67, 38.7565)	(68, 38.7503)	(69, 38.7282)	(70, 38.6908)	(71, 38.7148)	(72, 38.6965)	(73, 38.6855)	(74, 38.6707)	(75, 38.6836)	(76, 38.6607)	(77, 38.6954)	(78, 38.6844)	(79, 38.6697)	(80, 38.6222)	(81, 38.623)	(82, 38.6492)	(83, 38.654)	(84, 38.6325)	(85, 38.606)	(86, 38.6157)	(87, 38.6019)	(88, 38.5746)	(89, 38.5296)	(90, 38.5745)	(91, 38.5399)	(92, 38.535)	(93, 38.5429)	(94, 38.4891)	(95, 38.5288)	(96, 38.5303)	(97, 38.5116)	(98, 38.4847)	(99, 38.5044)	(100, 38.5215)	(101, 38.4851)	(102, 38.4745)	(103, 38.4574)	(104, 38.4641)	(105, 38.4474)	(106, 38.4063)	(107, 38.436)	(108, 38.4226)	(109, 38.3995)	(110, 38.384)	(111, 38.3445)	(112, 38.3143)	(113, 38.3431)	(114, 38.3262)	(115, 38.3076)	(116, 38.2937)	(117, 38.2705)	(118, 38.2606)	(119, 38.2342)	(120, 38.237)	(121, 38.2304)	(122, 38.2093)	(123, 38.203)	(124, 38.1806)	(125, 38.1672)	(126, 38.136)	(127, 38.1404)	(128, 38.1409)	(129, 38.1262)	(130, 38.1261)	(131, 38.1412)	(132, 38.1423)	(133, 38.1042)	(134, 38.0856)	(135, 38.0563)	(136, 38.0751)	(137, 38.0389)	(138, 38.0246)	(139, 38.03)	(140, 38.0083)	(141, 37.9827)	(142, 37.9797)	(143, 37.945)	(144, 37.9412)	(145, 37.9408)	(146, 37.9334)	(147, 37.9092)	(148, 37.8672)	(149, 37.8646)	(150, 37.8553)
SFZ_Mock1	(1, 37.5443)	(2, 38.3418)	(3, 38.6403)	(4, 38.6827)	(5, 38.7254)	(6, 38.8533)	(7, 38.9926)	(8, 38.9977)	(9, 38.9635)	(10, 38.939)	(11, 39.0246)	(12, 39.0029)	(13, 39.0957)	(14, 39.0666)	(15, 39.1501)	(16, 39.1256)	(17, 39.0996)	(18, 39.1372)	(19, 39.1572)	(20, 39.1493)	(21, 39.1659)	(22, 39.1659)	(23, 39.1779)	(24, 39.1802)	(25, 39.1945)	(26, 38.8373)	(27, 38.8347)	(28, 38.8426)	(29, 38.863)	(30, 38.8358)	(31, 38.8255)	(32, 38.8543)	(33, 38.854)	(34, 38.8447)	(35, 38.8566)	(36, 38.845)	(37, 38.8442)	(38, 38.8591)	(39, 38.8575)	(40, 38.8513)	(41, 38.8525)	(42, 38.8436)	(43, 38.8432)	(44, 38.8346)	(45, 38.8452)	(46, 38.8504)	(47, 38.8457)	(48, 38.8584)	(49, 38.8658)	(50, 38.8526)	(51, 38.8371)	(52, 38.8021)	(53, 38.8206)	(54, 38.8179)	(55, 38.8233)	(56, 38.8318)	(57, 38.8309)	(58, 38.8138)	(59, 38.8203)	(60, 38.8144)	(61, 38.8116)	(62, 38.7955)	(63, 38.8103)	(64, 38.8118)	(65, 38.7935)	(66, 38.7806)	(67, 38.789)	(68, 38.7846)	(69, 38.7587)	(70, 38.7253)	(71, 38.7461)	(72, 38.7318)	(73, 38.7212)	(74, 38.7031)	(75, 38.7197)	(76, 38.6893)	(77, 38.7284)	(78, 38.719)	(79, 38.7046)	(80, 38.6583)	(81, 38.6528)	(82, 38.68)	(83, 38.6874)	(84, 38.6707)	(85, 38.6395)	(86, 38.6484)	(87, 38.6329)	(88, 38.6065)	(89, 38.5702)	(90, 38.6116)	(91, 38.5759)	(92, 38.5651)	(93, 38.5735)	(94, 38.5276)	(95, 38.5639)	(96, 38.5624)	(97, 38.5426)	(98, 38.5171)	(99, 38.542)	(100, 38.5545)	(101, 38.5198)	(102, 38.5072)	(103, 38.4872)	(104, 38.4984)	(105, 38.4858)	(106, 38.4396)	(107, 38.4669)	(108, 38.4573)	(109, 38.4335)	(110, 38.4197)	(111, 38.3831)	(112, 38.3517)	(113, 38.3802)	(114, 38.3651)	(115, 38.3465)	(116, 38.3314)	(117, 38.3118)	(118, 38.2987)	(119, 38.2689)	(120, 38.2752)	(121, 38.2689)	(122, 38.2487)	(123, 38.2436)	(124, 38.222)	(125, 38.2065)	(126, 38.1786)	(127, 38.1822)	(128, 38.18)	(129, 38.1695)	(130, 38.1673)	(131, 38.182)	(132, 38.1858)	(133, 38.148)	(134, 38.1266)	(135, 38.1011)	(136, 38.1245)	(137, 38.0894)	(138, 38.0719)	(139, 38.0771)	(140, 38.0587)	(141, 38.0301)	(142, 38.0266)	(143, 37.991)	(144, 37.9854)	(145, 37.9856)	(146, 37.9778)	(147, 37.9558)	(148, 37.9199)	(149, 37.9134)	(150, 37.9076)
SFZ_Mock2	(1, 37.6101)	(2, 38.3245)	(3, 38.7501)	(4, 38.741)	(5, 38.7661)	(6, 38.8501)	(7, 38.9881)	(8, 38.9852)	(9, 38.9576)	(10, 38.8841)	(11, 38.9987)	(12, 38.9954)	(13, 39.0605)	(14, 39.0449)	(15, 39.1167)	(16, 39.0803)	(17, 39.0595)	(18, 39.0891)	(19, 39.1132)	(20, 39.1045)	(21, 39.1214)	(22, 39.1259)	(23, 39.1384)	(24, 39.1439)	(25, 39.1604)	(26, 38.7837)	(27, 38.7802)	(28, 38.7902)	(29, 38.8097)	(30, 38.7837)	(31, 38.7752)	(32, 38.7988)	(33, 38.8001)	(34, 38.7903)	(35, 38.8022)	(36, 38.789)	(37, 38.7932)	(38, 38.8066)	(39, 38.8045)	(40, 38.8015)	(41, 38.8041)	(42, 38.7957)	(43, 38.7997)	(44, 38.7878)	(45, 38.8001)	(46, 38.8071)	(47, 38.8048)	(48, 38.8161)	(49, 38.8258)	(50, 38.8142)	(51, 38.8018)	(52, 38.7751)	(53, 38.791)	(54, 38.789)	(55, 38.7923)	(56, 38.7984)	(57, 38.799)	(58, 38.7821)	(59, 38.7892)	(60, 38.7834)	(61, 38.7817)	(62, 38.7688)	(63, 38.7831)	(64, 38.7854)	(65, 38.7684)	(66, 38.7578)	(67, 38.7644)	(68, 38.7585)	(69, 38.738)	(70, 38.7093)	(71, 38.7244)	(72, 38.7128)	(73, 38.7011)	(74, 38.6805)	(75, 38.6988)	(76, 38.6627)	(77, 38.7048)	(78, 38.6979)	(79, 38.6826)	(80, 38.6361)	(81, 38.6317)	(82, 38.6591)	(83, 38.669)	(84, 38.6472)	(85, 38.622)	(86, 38.631)	(87, 38.6127)	(88, 38.5916)	(89, 38.5552)	(90, 38.5894)	(91, 38.5585)	(92, 38.5511)	(93, 38.5549)	(94, 38.5139)	(95, 38.5438)	(96, 38.5434)	(97, 38.521)	(98, 38.5008)	(99, 38.5175)	(100, 38.5272)	(101, 38.4977)	(102, 38.4834)	(103, 38.4616)	(104, 38.4725)	(105, 38.4586)	(106, 38.4109)	(107, 38.4431)	(108, 38.4327)	(109, 38.4104)	(110, 38.3946)	(111, 38.3581)	(112, 38.3252)	(113, 38.3533)	(114, 38.3396)	(115, 38.323)	(116, 38.3088)	(117, 38.2866)	(118, 38.2773)	(119, 38.2421)	(120, 38.2518)	(121, 38.2406)	(122, 38.2214)	(123, 38.2159)	(124, 38.1936)	(125, 38.1778)	(126, 38.1507)	(127, 38.1501)	(128, 38.148)	(129, 38.1425)	(130, 38.1351)	(131, 38.1476)	(132, 38.1447)	(133, 38.1123)	(134, 38.0927)	(135, 38.0641)	(136, 38.088)	(137, 38.0548)	(138, 38.0357)	(139, 38.0344)	(140, 38.0199)	(141, 37.9941)	(142, 37.9886)	(143, 37.9552)	(144, 37.9493)	(145, 37.9438)	(146, 37.9368)	(147, 37.9133)	(148, 37.8804)	(149, 37.8737)	(150, 37.8657)
SFZ_Mock3	(1, 37.9492)	(2, 38.5643)	(3, 38.819)	(4, 38.8167)	(5, 38.8751)	(6, 38.9954)	(7, 39.1157)	(8, 39.1187)	(9, 39.1037)	(10, 39.0557)	(11, 39.134)	(12, 39.1294)	(13, 39.1927)	(14, 39.1742)	(15, 39.242)	(16, 39.2151)	(17, 39.197)	(18, 39.2275)	(19, 39.2431)	(20, 39.2319)	(21, 39.2442)	(22, 39.2465)	(23, 39.2583)	(24, 39.2608)	(25, 39.2728)	(26, 38.969)	(27, 38.968)	(28, 38.9756)	(29, 38.9913)	(30, 38.9694)	(31, 38.9605)	(32, 38.9815)	(33, 38.9794)	(34, 38.9663)	(35, 38.9766)	(36, 38.9693)	(37, 38.9693)	(38, 38.981)	(39, 38.9767)	(40, 38.9731)	(41, 38.9712)	(42, 38.9602)	(43, 38.9636)	(44, 38.9545)	(45, 38.9649)	(46, 38.9705)	(47, 38.9664)	(48, 38.9725)	(49, 38.982)	(50, 38.9702)	(51, 38.959)	(52, 38.9337)	(53, 38.9467)	(54, 38.9433)	(55, 38.9463)	(56, 38.9518)	(57, 38.9486)	(58, 38.9336)	(59, 38.9423)	(60, 38.9358)	(61, 38.9309)	(62, 38.9201)	(63, 38.9328)	(64, 38.9318)	(65, 38.9156)	(66, 38.9048)	(67, 38.9137)	(68, 38.907)	(69, 38.8872)	(70, 38.8634)	(71, 38.8738)	(72, 38.8644)	(73, 38.8538)	(74, 38.8326)	(75, 38.8503)	(76, 38.8125)	(77, 38.8577)	(78, 38.8485)	(79, 38.8371)	(80, 38.7928)	(81, 38.7884)	(82, 38.8115)	(83, 38.8172)	(84, 38.7995)	(85, 38.7751)	(86, 38.7846)	(87, 38.7705)	(88, 38.75)	(89, 38.7132)	(90, 38.7477)	(91, 38.719)	(92, 38.7124)	(93, 38.7165)	(94, 38.6774)	(95, 38.7048)	(96, 38.7022)	(97, 38.6843)	(98, 38.6653)	(99, 38.6795)	(100, 38.688)	(101, 38.6603)	(102, 38.6474)	(103, 38.6306)	(104, 38.6338)	(105, 38.6256)	(106, 38.5769)	(107, 38.6084)	(108, 38.6002)	(109, 38.5799)	(110, 38.5671)	(111, 38.5329)	(112, 38.5033)	(113, 38.5336)	(114, 38.5183)	(115, 38.508)	(116, 38.4893)	(117, 38.4732)	(118, 38.4624)	(119, 38.4251)	(120, 38.4431)	(121, 38.4361)	(122, 38.4158)	(123, 38.4098)	(124, 38.3904)	(125, 38.3753)	(126, 38.35)	(127, 38.349)	(128, 38.3485)	(129, 38.3402)	(130, 38.3317)	(131, 38.3445)	(132, 38.3429)	(133, 38.3119)	(134, 38.2952)	(135, 38.264)	(136, 38.2891)	(137, 38.2582)	(138, 38.2382)	(139, 38.2402)	(140, 38.2261)	(141, 38.2025)	(142, 38.1966)	(143, 38.166)	(144, 38.1558)	(145, 38.1566)	(146, 38.1466)	(147, 38.1253)	(148, 38.099)	(149, 38.0884)	(150, 38.0824)
SFZ_P1	(1, 37.8049)	(2, 38.4887)	(3, 38.8747)	(4, 38.7915)	(5, 38.8704)	(6, 38.9861)	(7, 39.0673)	(8, 39.0829)	(9, 39.0536)	(10, 39.0551)	(11, 39.1232)	(12, 39.0976)	(13, 39.1783)	(14, 39.1515)	(15, 39.2296)	(16, 39.2058)	(17, 39.1854)	(18, 39.2195)	(19, 39.2341)	(20, 39.2296)	(21, 39.2411)	(22, 39.2429)	(23, 39.2541)	(24, 39.2541)	(25, 39.2668)	(26, 38.9425)	(27, 38.9442)	(28, 38.9485)	(29, 38.9672)	(30, 38.9419)	(31, 38.9337)	(32, 38.9579)	(33, 38.9567)	(34, 38.9479)	(35, 38.9579)	(36, 38.9488)	(37, 38.9485)	(38, 38.9603)	(39, 38.9585)	(40, 38.9544)	(41, 38.9535)	(42, 38.9427)	(43, 38.9426)	(44, 38.9362)	(45, 38.9444)	(46, 38.9531)	(47, 38.9435)	(48, 38.9515)	(49, 38.9585)	(50, 38.9456)	(51, 38.9365)	(52, 38.9104)	(53, 38.921)	(54, 38.9171)	(55, 38.9197)	(56, 38.9226)	(57, 38.9214)	(58, 38.9046)	(59, 38.9117)	(60, 38.9037)	(61, 38.9015)	(62, 38.8918)	(63, 38.9028)	(64, 38.9024)	(65, 38.8841)	(66, 38.8745)	(67, 38.8813)	(68, 38.8726)	(69, 38.8538)	(70, 38.8251)	(71, 38.8389)	(72, 38.8253)	(73, 38.8163)	(74, 38.7955)	(75, 38.81)	(76, 38.7755)	(77, 38.8155)	(78, 38.8086)	(79, 38.7953)	(80, 38.7521)	(81, 38.7475)	(82, 38.7703)	(83, 38.777)	(84, 38.7573)	(85, 38.733)	(86, 38.7418)	(87, 38.7301)	(88, 38.7079)	(89, 38.6677)	(90, 38.7021)	(91, 38.6719)	(92, 38.6661)	(93, 38.6698)	(94, 38.6277)	(95, 38.66)	(96, 38.657)	(97, 38.6357)	(98, 38.6158)	(99, 38.6356)	(100, 38.6403)	(101, 38.615)	(102, 38.6019)	(103, 38.5888)	(104, 38.59)	(105, 38.5792)	(106, 38.5311)	(107, 38.5649)	(108, 38.55)	(109, 38.5309)	(110, 38.516)	(111, 38.4824)	(112, 38.4503)	(113, 38.478)	(114, 38.4651)	(115, 38.4486)	(116, 38.4314)	(117, 38.4128)	(118, 38.4042)	(119, 38.3638)	(120, 38.3809)	(121, 38.3707)	(122, 38.3503)	(123, 38.3483)	(124, 38.3282)	(125, 38.313)	(126, 38.2862)	(127, 38.2897)	(128, 38.2867)	(129, 38.2771)	(130, 38.2726)	(131, 38.2831)	(132, 38.2872)	(133, 38.2537)	(134, 38.2342)	(135, 38.2044)	(136, 38.225)	(137, 38.1959)	(138, 38.1795)	(139, 38.1804)	(140, 38.1652)	(141, 38.1393)	(142, 38.1326)	(143, 38.1036)	(144, 38.0946)	(145, 38.0925)	(146, 38.0877)	(147, 38.0641)	(148, 38.0364)	(149, 38.0312)	(150, 38.0221)
SFZ_P2	(1, 37.5299)	(2, 38.4291)	(3, 38.8107)	(4, 38.7233)	(5, 38.7893)	(6, 38.8949)	(7, 39.0459)	(8, 39.0398)	(9, 39.0315)	(10, 38.99)	(11, 39.0771)	(12, 39.0631)	(13, 39.1346)	(14, 39.1095)	(15, 39.1871)	(16, 39.1649)	(17, 39.1404)	(18, 39.1755)	(19, 39.1929)	(20, 39.182)	(21, 39.1966)	(22, 39.1946)	(23, 39.2084)	(24, 39.2084)	(25, 39.2198)	(26, 38.8687)	(27, 38.868)	(28, 38.875)	(29, 38.893)	(30, 38.8671)	(31, 38.8599)	(32, 38.8851)	(33, 38.8848)	(34, 38.8764)	(35, 38.8888)	(36, 38.8728)	(37, 38.8747)	(38, 38.8867)	(39, 38.8851)	(40, 38.8802)	(41, 38.8799)	(42, 38.8692)	(43, 38.8684)	(44, 38.8601)	(45, 38.8726)	(46, 38.8799)	(47, 38.8731)	(48, 38.8794)	(49, 38.8861)	(50, 38.8734)	(51, 38.8645)	(52, 38.8388)	(53, 38.8499)	(54, 38.8462)	(55, 38.8503)	(56, 38.8556)	(57, 38.854)	(58, 38.8378)	(59, 38.8434)	(60, 38.8372)	(61, 38.8355)	(62, 38.8255)	(63, 38.8379)	(64, 38.8383)	(65, 38.8205)	(66, 38.8098)	(67, 38.8176)	(68, 38.81)	(69, 38.7902)	(70, 38.7634)	(71, 38.7758)	(72, 38.7638)	(73, 38.7551)	(74, 38.7343)	(75, 38.7474)	(76, 38.7152)	(77, 38.7582)	(78, 38.751)	(79, 38.7363)	(80, 38.6896)	(81, 38.6884)	(82, 38.7134)	(83, 38.7176)	(84, 38.7006)	(85, 38.6742)	(86, 38.6834)	(87, 38.6701)	(88, 38.6491)	(89, 38.6121)	(90, 38.6438)	(91, 38.6143)	(92, 38.6082)	(93, 38.6137)	(94, 38.5727)	(95, 38.6038)	(96, 38.5976)	(97, 38.5808)	(98, 38.5604)	(99, 38.578)	(100, 38.5857)	(101, 38.5575)	(102, 38.5459)	(103, 38.5318)	(104, 38.5317)	(105, 38.5221)	(106, 38.4754)	(107, 38.5056)	(108, 38.4938)	(109, 38.474)	(110, 38.457)	(111, 38.4244)	(112, 38.3938)	(113, 38.4192)	(114, 38.4063)	(115, 38.3897)	(116, 38.3714)	(117, 38.3539)	(118, 38.3444)	(119, 38.3043)	(120, 38.3192)	(121, 38.3109)	(122, 38.2943)	(123, 38.289)	(124, 38.2682)	(125, 38.2524)	(126, 38.2239)	(127, 38.2283)	(128, 38.2283)	(129, 38.2144)	(130, 38.2118)	(131, 38.2254)	(132, 38.2235)	(133, 38.1925)	(134, 38.1739)	(135, 38.1426)	(136, 38.1619)	(137, 38.1317)	(138, 38.1159)	(139, 38.1159)	(140, 38.1028)	(141, 38.078)	(142, 38.0694)	(143, 38.0387)	(144, 38.0312)	(145, 38.0285)	(146, 38.0234)	(147, 37.9992)	(148, 37.9709)	(149, 37.9646)	(150, 37.9564)
SFZ_P3	(1, 37.8301)	(2, 38.4522)	(3, 38.7338)	(4, 38.719)	(5, 38.8533)	(6, 38.8893)	(7, 39.0356)	(8, 39.0273)	(9, 38.9893)	(10, 38.9776)	(11, 39.0835)	(12, 39.0761)	(13, 39.1418)	(14, 39.1275)	(15, 39.199)	(16, 39.1764)	(17, 39.1545)	(18, 39.1849)	(19, 39.2074)	(20, 39.1982)	(21, 39.2101)	(22, 39.2091)	(23, 39.2236)	(24, 39.2177)	(25, 39.2431)	(26, 38.9157)	(27, 38.9212)	(28, 38.9222)	(29, 38.942)	(30, 38.9181)	(31, 38.9081)	(32, 38.9317)	(33, 38.9326)	(34, 38.9252)	(35, 38.9359)	(36, 38.9239)	(37, 38.9222)	(38, 38.9321)	(39, 38.9271)	(40, 38.9207)	(41, 38.9148)	(42, 38.9164)	(43, 38.9175)	(44, 38.9028)	(45, 38.9137)	(46, 38.9245)	(47, 38.9165)	(48, 38.9263)	(49, 38.9317)	(50, 38.9232)	(51, 38.9117)	(52, 38.8877)	(53, 38.8972)	(54, 38.8957)	(55, 38.8967)	(56, 38.9031)	(57, 38.8998)	(58, 38.8853)	(59, 38.8912)	(60, 38.8824)	(61, 38.8777)	(62, 38.865)	(63, 38.8797)	(64, 38.8771)	(65, 38.8598)	(66, 38.8503)	(67, 38.8559)	(68, 38.8495)	(69, 38.8277)	(70, 38.8012)	(71, 38.8128)	(72, 38.8016)	(73, 38.791)	(74, 38.7682)	(75, 38.7791)	(76, 38.7565)	(77, 38.7893)	(78, 38.7801)	(79, 38.7603)	(80, 38.7238)	(81, 38.7057)	(82, 38.7393)	(83, 38.742)	(84, 38.7248)	(85, 38.7034)	(86, 38.7082)	(87, 38.6945)	(88, 38.6758)	(89, 38.6362)	(90, 38.667)	(91, 38.6412)	(92, 38.6294)	(93, 38.6316)	(94, 38.5926)	(95, 38.6193)	(96, 38.6152)	(97, 38.5953)	(98, 38.5752)	(99, 38.5883)	(100, 38.5944)	(101, 38.5674)	(102, 38.553)	(103, 38.5319)	(104, 38.5382)	(105, 38.5283)	(106, 38.4897)	(107, 38.5107)	(108, 38.4973)	(109, 38.4812)	(110, 38.4659)	(111, 38.4311)	(112, 38.4065)	(113, 38.4239)	(114, 38.4121)	(115, 38.3945)	(116, 38.3778)	(117, 38.3582)	(118, 38.3439)	(119, 38.3163)	(120, 38.3268)	(121, 38.3104)	(122, 38.2897)	(123, 38.2876)	(124, 38.2667)	(125, 38.2472)	(126, 38.2225)	(127, 38.2244)	(128, 38.2145)	(129, 38.2135)	(130, 38.2065)	(131, 38.2121)	(132, 38.2098)	(133, 38.1819)	(134, 38.1593)	(135, 38.1331)	(136, 38.1498)	(137, 38.1239)	(138, 38.1023)	(139, 38.0999)	(140, 38.0869)	(141, 38.0561)	(142, 38.0395)	(143, 38.0141)	(144, 38.0079)	(145, 38.0011)	(146, 37.9921)	(147, 37.9726)	(148, 37.9405)	(149, 37.9352)	(150, 37.9195)
