Sample	0	1	2	3	4	5	6	7	8	9	10	11	12	13	14	15	16	17	18	19	20	21	22	23	24	25	26	27	28	29	30	31	32	33	34	35	36	37	38	39	40	41	42	43	44	45	46	47	48	49	50	51	52	53	54	55	56	57	58	59	60	61	62	63	64	65	66	67	68	69	70	71	72	73	74	75	76	77	78	79	80	81	82	83	84	85	86	87	88	89	90	91	92	93	94	95	96	97	98	99	100	101	102	103	104	105	106	107	108	109	110	111	112	113	114	115	116	117	118	119	120	121	122	123	124	125	126	127	128	129	130	131	132	133	134	135	136	137	138	139	140	141	142	143	144	145	146	147	148	149
GW_Mock1	(1, 0.20488199999999998)	(2, 0.140222)	(3, 0.0)	(4, 0.0014747599999999999)	(5, 0.1285)	(6, 0.0340823)	(7, 0.0341541)	(8, 0.0)	(9, 0.0812794)	(10, 0.0356145)	(11, 0.036447600000000004)	(12, 0.05868400000000001)	(13, 0.0172566)	(14, 0.00576018)	(15, 0.0)	(16, 0.0)	(17, 0.0324399)	(18, 0.0)	(19, 0.0)	(20, 0.00223608)	(21, 0.0)	(22, 0.0)	(23, 0.0)	(24, 0.030682700000000004)	(25, 4.7881800000000005e-06)	(26, 0.0214367)	(27, 0.0)	(28, 0.030223)	(29, 0.0)	(30, 0.0)	(31, 0.0507263)	(32, 0.0)	(33, 8.14052e-05)	(34, 0.0351541)	(35, 0.0)	(36, 0.0)	(37, 0.000316086)	(38, 0.000407093)	(39, 0.0)	(40, 1.4369100000000001e-05)	(41, 0.0056089799999999995)	(42, 0.0450845)	(43, 0.044484800000000005)	(44, 9.581879999999999e-06)	(45, 0.032984)	(46, 0.0)	(47, 0.0330717)	(48, 0.0)	(49, 0.0)	(50, 0.0)	(51, 0.0)	(52, 0.032455)	(53, 0.0)	(54, 0.0)	(55, 0.0)	(56, 0.0)	(57, 0.0)	(58, 0.0)	(59, 0.0)	(60, 0.0)	(61, 0.00138308)	(62, 0.0)	(63, 0.0)	(64, 0.0)	(65, 0.030220900000000002)	(66, 0.00035571400000000003)	(67, 4.80783e-05)	(68, 0.0)	(69, 0.0343307)	(70, 0.08899)	(71, 0.0)	(72, 0.0)	(73, 0.0)	(74, 0.0462456)	(75, 0.0)	(76, 0.088469)	(77, 0.0)	(78, 0.0)	(79, 0.0)	(80, 0.061646599999999996)	(81, 0.0461055)	(82, 0.0175793)	(83, 0.000646408)	(84, 0.0)	(85, 0.0495118)	(86, 0.0)	(87, 0.00047801399999999997)	(88, 0.027701899999999998)	(89, 0.105667)	(90, 0.0)	(91, 0.0458135)	(92, 0.0239322)	(93, 0.0)	(94, 0.0935168)	(95, 0.0165872)	(96, 0.0326215)	(97, 8.227560000000001e-05)	(98, 0.0368831)	(99, 5.32636e-05)	(100, 3.3903100000000004e-05)	(101, 0.0)	(102, 0.0)	(103, 8.72464e-05)	(104, 0.0)	(105, 0.0)	(106, 0.032822500000000004)	(107, 0.0)	(108, 0.0)	(109, 0.0)	(110, 0.0)	(111, 9.715449999999999e-05)	(112, 0.0465106)	(113, 0.0)	(114, 0.0018232300000000001)	(115, 0.0177663)	(116, 0.00309907)	(117, 4.86664e-05)	(118, 0.0)	(119, 0.09126880000000001)	(120, 0.0368663)	(121, 0.0)	(122, 0.0)	(123, 0.0)	(124, 0.00551194)	(125, 3.90371e-05)	(126, 0.0368454)	(127, 0.033183000000000004)	(128, 9.77055e-06)	(129, 0.0)	(130, 0.00134934)	(131, 1.4672300000000002e-05)	(132, 0.0)	(133, 0.00045029499999999997)	(134, 0.0)	(135, 0.045345500000000004)	(136, 4.90062e-06)	(137, 0.0)	(138, 9.80986e-06)	(139, 0.0)	(140, 0.0)	(141, 0.0)	(142, 0.0)	(143, 0.0464658)	(144, 0.0)	(145, 0.0)	(146, 7.89344e-05)	(147, 0.00021719100000000001)	(148, 0.050979)	(149, 0.0)	(150, 0.0)
GW_Mock2	(1, 0.220523)	(2, 0.129679)	(3, 0.0)	(4, 0.00158709)	(5, 0.11429800000000001)	(6, 0.0304062)	(7, 0.030474799999999996)	(8, 0.0)	(9, 0.07542099999999999)	(10, 0.0280187)	(11, 0.0337771)	(12, 0.0535402)	(13, 0.0161224)	(14, 0.00650843)	(15, 0.0)	(16, 0.0)	(17, 0.028567600000000002)	(18, 0.0)	(19, 4.57374e-06)	(20, 0.0022685699999999997)	(21, 0.0)	(22, 0.0)	(23, 0.0)	(24, 0.029432)	(25, 0.0)	(26, 0.0186563)	(27, 0.0)	(28, 0.0273418)	(29, 0.0)	(30, 0.0)	(31, 0.048134300000000005)	(32, 0.0)	(33, 0.000123499)	(34, 0.0335243)	(35, 0.0)	(36, 0.0)	(37, 0.000420863)	(38, 0.00036598)	(39, 0.0)	(40, 1.83004e-05)	(41, 0.00598908)	(42, 0.049850399999999996)	(43, 0.0406023)	(44, 4.57637e-06)	(45, 0.0291498)	(46, 0.0)	(47, 0.0300484)	(48, 0.0)	(49, 0.0)	(50, 0.0)	(51, 0.0)	(52, 0.029403699999999998)	(53, 4.58144e-06)	(54, 0.0)	(55, 0.0)	(56, 0.0)	(57, 0.0)	(58, 0.0)	(59, 0.0)	(60, 0.0)	(61, 0.00168371)	(62, 0.0)	(63, 0.0)	(64, 0.0)	(65, 0.0273426)	(66, 0.00037198099999999996)	(67, 4.59326e-05)	(68, 0.0)	(69, 0.0312604)	(70, 0.0820167)	(71, 0.0)	(72, 0.0)	(73, 0.0)	(74, 0.048978900000000006)	(75, 0.0)	(76, 0.0956264)	(77, 0.0)	(78, 0.0)	(79, 0.0)	(80, 0.0632664)	(81, 0.049597499999999996)	(82, 0.0153228)	(83, 0.000783601)	(84, 0.0)	(85, 0.0454342)	(86, 0.0)	(87, 0.000475231)	(88, 0.0252667)	(89, 0.09507940000000001)	(90, 0.0)	(91, 0.041655199999999996)	(92, 0.021581)	(93, 0.0)	(94, 0.0866446)	(95, 0.0148205)	(96, 0.0301665)	(97, 0.000143377)	(98, 0.033785800000000005)	(99, 6.01571e-05)	(100, 8.33136e-05)	(101, 0.0)	(102, 4.63089e-06)	(103, 0.000157494)	(104, 0.0)	(105, 0.0)	(106, 0.0295183)	(107, 0.0)	(108, 0.0)	(109, 0.0)	(110, 0.0)	(111, 0.000125351)	(112, 0.049202499999999996)	(113, 0.0)	(114, 0.0019609199999999997)	(115, 0.015455300000000002)	(116, 0.0033245799999999997)	(117, 2.7907799999999997e-05)	(118, 4.65282e-06)	(119, 0.09838290000000001)	(120, 0.0312503)	(121, 0.0)	(122, 0.0)	(123, 0.0)	(124, 0.00582782)	(125, 2.7984100000000002e-05)	(126, 0.031989)	(127, 0.0303121)	(128, 2.33477e-05)	(129, 0.0)	(130, 0.00142062)	(131, 1.86995e-05)	(132, 0.0)	(133, 0.000481894)	(134, 0.0)	(135, 0.0498461)	(136, 0.0)	(137, 0.0)	(138, 9.37768e-06)	(139, 0.0)	(140, 0.0)	(141, 0.0)	(142, 0.0)	(143, 0.0443604)	(144, 0.0)	(145, 0.0)	(146, 5.1879700000000004e-05)	(147, 0.000165167)	(148, 0.0459429)	(149, 0.0)	(150, 0.0)
GW_Mock3	(1, 0.19817400000000002)	(2, 0.13703100000000001)	(3, 0.0)	(4, 0.00146829)	(5, 0.126549)	(6, 0.034349)	(7, 0.033299)	(8, 0.0)	(9, 0.0853164)	(10, 0.0259264)	(11, 0.0368496)	(12, 0.0590875)	(13, 0.0170855)	(14, 0.00580641)	(15, 0.0)	(16, 0.0)	(17, 0.0329341)	(18, 0.0)	(19, 4.44936e-06)	(20, 0.00197107)	(21, 0.0)	(22, 0.0)	(23, 0.0)	(24, 0.032378000000000004)	(25, 0.0)	(26, 0.0212857)	(27, 0.0)	(28, 0.030366900000000002)	(29, 0.0)	(30, 0.0)	(31, 0.0502424)	(32, 0.0)	(33, 0.000137939)	(34, 0.0362612)	(35, 0.0)	(36, 0.0)	(37, 0.000338211)	(38, 0.000449478)	(39, 0.0)	(40, 8.90118e-06)	(41, 0.00537653)	(42, 0.046379199999999995)	(43, 0.0445535)	(44, 4.45175e-06)	(45, 0.0334802)	(46, 4.45256e-06)	(47, 0.0337137)	(48, 0.0)	(49, 0.0)	(50, 0.0)	(51, 0.0)	(52, 0.032693)	(53, 0.0)	(54, 0.0)	(55, 0.0)	(56, 0.0)	(57, 0.0)	(58, 0.0)	(59, 0.0)	(60, 0.0)	(61, 0.0014147)	(62, 0.0)	(63, 0.0)	(64, 0.0)	(65, 0.0303867)	(66, 0.00037527000000000003)	(67, 4.91524e-05)	(68, 0.0)	(69, 0.0377426)	(70, 0.0927662)	(71, 0.0)	(72, 0.0)	(73, 0.0)	(74, 0.044901)	(75, 0.0)	(76, 0.08767449999999999)	(77, 0.0)	(78, 0.0)	(79, 0.0)	(80, 0.0616494)	(81, 0.0453411)	(82, 0.0177636)	(83, 0.0006818519999999999)	(84, 0.0)	(85, 0.050149400000000004)	(86, 0.0)	(87, 0.000462572)	(88, 0.0290646)	(89, 0.104983)	(90, 0.0)	(91, 0.047035799999999996)	(92, 0.025661)	(93, 0.0)	(94, 0.09897449999999999)	(95, 0.0169977)	(96, 0.0329617)	(97, 8.55836e-05)	(98, 0.036957)	(99, 4.50729e-05)	(100, 4.95955e-05)	(101, 0.0)	(102, 9.023160000000001e-06)	(103, 9.02641e-05)	(104, 0.0)	(105, 0.0)	(106, 0.033106)	(107, 0.0)	(108, 0.0)	(109, 0.0)	(110, 0.0)	(111, 9.959150000000001e-05)	(112, 0.0452274)	(113, 4.5305e-06)	(114, 0.00185829)	(115, 0.0180111)	(116, 0.00284446)	(117, 5.4465399999999995e-05)	(118, 0.0)	(119, 0.08977349999999999)	(120, 0.0315911)	(121, 0.0)	(122, 0.0)	(123, 0.0)	(124, 0.00526091)	(125, 1.8230299999999997e-05)	(126, 0.036993200000000004)	(127, 0.033233200000000004)	(128, 1.36978e-05)	(129, 0.0)	(130, 0.00113828)	(131, 2.28708e-05)	(132, 0.0)	(133, 0.000453413)	(134, 0.0)	(135, 0.0452966)	(136, 9.17874e-06)	(137, 0.0)	(138, 1.37884e-05)	(139, 0.0)	(140, 0.0)	(141, 0.0)	(142, 4.6110500000000005e-06)	(143, 0.0494422)	(144, 0.0)	(145, 0.0)	(146, 6.48965e-05)	(147, 0.0001856)	(148, 0.0531015)	(149, 0.0)	(150, 0.0)
GW_P1	(1, 0.184247)	(2, 0.13562)	(3, 0.0)	(4, 0.00498422)	(5, 0.116342)	(6, 0.031803899999999996)	(7, 0.031445799999999996)	(8, 0.0)	(9, 0.0784803)	(10, 0.026447500000000002)	(11, 0.0340981)	(12, 0.054854700000000006)	(13, 0.0163801)	(14, 0.0052715900000000005)	(15, 0.0)	(16, 0.0)	(17, 0.0293965)	(18, 0.0)	(19, 0.0)	(20, 0.0017713299999999998)	(21, 0.0)	(22, 0.0134687)	(23, 0.00505018)	(24, 0.055076099999999996)	(25, 4.71099e-06)	(26, 0.0234513)	(27, 0.0)	(28, 0.0315306)	(29, 0.0)	(30, 0.0)	(31, 0.047152400000000004)	(32, 0.0)	(33, 0.000108359)	(34, 0.0344216)	(35, 0.0)	(36, 0.0)	(37, 0.000263862)	(38, 0.000381668)	(39, 0.0)	(40, 0.0042834)	(41, 0.0178268)	(42, 0.0397546)	(43, 0.043357900000000005)	(44, 0.00432194)	(45, 0.037392)	(46, 0.0)	(47, 0.0360917)	(48, 0.0)	(49, 0.0)	(50, 0.0)	(51, 0.0)	(52, 0.030461600000000002)	(53, 0.0)	(54, 0.0)	(55, 0.0)	(56, 4.71788e-06)	(57, 0.0)	(58, 0.0)	(59, 0.0)	(60, 0.0)	(61, 0.00138785)	(62, 0.0)	(63, 0.0)	(64, 2.83338e-05)	(65, 0.028096000000000003)	(66, 0.00025033600000000004)	(67, 4.25147e-05)	(68, 0.0)	(69, 0.036174200000000004)	(70, 0.0875548)	(71, 4.25353e-05)	(72, 5.6721599999999996e-05)	(73, 0.0)	(74, 0.0487847)	(75, 0.011576)	(76, 0.0753905)	(77, 0.0)	(78, 0.0)	(79, 0.0130626)	(80, 0.054411)	(81, 0.0593498)	(82, 0.0162583)	(83, 0.000724271)	(84, 0.0)	(85, 0.0482613)	(86, 0.0)	(87, 0.00041209300000000004)	(88, 0.0268089)	(89, 0.09971730000000001)	(90, 0.0)	(91, 0.045821799999999996)	(92, 0.025151999999999997)	(93, 0.0)	(94, 0.090665)	(95, 0.015707699999999998)	(96, 0.0316103)	(97, 6.64194e-05)	(98, 0.0343302)	(99, 6.16959e-05)	(100, 5.22126e-05)	(101, 1.42421e-05)	(102, 0.000109209)	(103, 7.12357e-05)	(104, 4.2749599999999995e-05)	(105, 0.000128275)	(106, 0.032146799999999996)	(107, 0.0)	(108, 0.0038696299999999998)	(109, 0.0)	(110, 7.60928e-05)	(111, 7.1352e-05)	(112, 0.0389763)	(113, 0.0)	(114, 0.00178979)	(115, 0.0161741)	(116, 0.00259082)	(117, 1.90551e-05)	(118, 9.52996e-06)	(119, 0.0776893)	(120, 0.0307264)	(121, 7.63002e-05)	(122, 0.0)	(123, 0.0)	(124, 0.00455335)	(125, 2.86467e-05)	(126, 0.0340106)	(127, 0.032059)	(128, 0.00868908)	(129, 0.0)	(130, 0.0012004700000000001)	(131, 0.00449259)	(132, 0.0)	(133, 0.000478794)	(134, 0.0)	(135, 0.0385494)	(136, 4.793740000000001e-06)	(137, 0.0)	(138, 1.43939e-05)	(139, 0.000854439)	(140, 0.0)	(141, 0.0)	(142, 0.00787965)	(143, 0.047639299999999996)	(144, 0.0)	(145, 7.22657e-05)	(146, 8.685850000000001e-05)	(147, 0.000130366)	(148, 0.0486172)	(149, 0.0)	(150, 0.0)
GW_P2	(1, 0.184528)	(2, 0.131964)	(3, 0.0)	(4, 0.00554464)	(5, 0.11335200000000001)	(6, 0.0319064)	(7, 0.030808799999999997)	(8, 0.0)	(9, 0.07749779999999999)	(10, 0.0285523)	(11, 0.0336494)	(12, 0.0533266)	(13, 0.016111)	(14, 0.00497463)	(15, 0.0)	(16, 0.0)	(17, 0.0299138)	(18, 0.0)	(19, 0.0)	(20, 0.00175714)	(21, 0.0)	(22, 0.014353900000000001)	(23, 0.0053703399999999995)	(24, 0.0563839)	(25, 0.0)	(26, 0.0237096)	(27, 0.0)	(28, 0.031180999999999997)	(29, 0.0)	(30, 0.0)	(31, 0.0465526)	(32, 0.0)	(33, 7.06669e-05)	(34, 0.032992999999999995)	(35, 0.0)	(36, 0.0)	(37, 0.000310973)	(38, 0.00038637)	(39, 0.0)	(40, 0.0050514)	(41, 0.0192544)	(42, 0.0387457)	(43, 0.0411989)	(44, 0.00470365)	(45, 0.0389893)	(46, 0.0)	(47, 0.0352804)	(48, 0.0)	(49, 4.71487e-06)	(50, 0.0)	(51, 0.0)	(52, 0.0304614)	(53, 0.0)	(54, 0.0)	(55, 0.0)	(56, 1.88713e-05)	(57, 0.0)	(58, 0.0)	(59, 0.0)	(60, 0.0)	(61, 0.00125569)	(62, 0.0)	(63, 0.0)	(64, 2.83346e-05)	(65, 0.027393300000000002)	(66, 0.000307025)	(67, 5.66882e-05)	(68, 0.0)	(69, 0.033383300000000005)	(70, 0.0842655)	(71, 7.08969e-05)	(72, 6.14525e-05)	(73, 0.0)	(74, 0.0487034)	(75, 0.0133503)	(76, 0.0756478)	(77, 0.0)	(78, 0.0)	(79, 0.014842999999999999)	(80, 0.0551123)	(81, 0.06254159999999999)	(82, 0.0164496)	(83, 0.000662817)	(84, 0.0)	(85, 0.0470229)	(86, 0.0)	(87, 0.00032214600000000004)	(88, 0.025936600000000004)	(89, 0.0977721)	(90, 0.0)	(91, 0.0449435)	(92, 0.0226912)	(93, 9.484e-06)	(94, 0.0882167)	(95, 0.015279399999999999)	(96, 0.031607800000000005)	(97, 8.54159e-05)	(98, 0.0340631)	(99, 4.74701e-05)	(100, 3.32349e-05)	(101, 9.49735e-06)	(102, 0.000170984)	(103, 9.02596e-05)	(104, 2.85091e-05)	(105, 0.000128319)	(106, 0.0302758)	(107, 0.0)	(108, 0.00423733)	(109, 0.0)	(110, 6.185170000000001e-05)	(111, 7.13838e-05)	(112, 0.03898)	(113, 0.0)	(114, 0.00157638)	(115, 0.0164493)	(116, 0.0025159699999999998)	(117, 1.4299199999999999e-05)	(118, 4.76777e-06)	(119, 0.07823240000000001)	(120, 0.0323104)	(121, 9.54369e-05)	(122, 0.0)	(123, 0.0)	(124, 0.00437035)	(125, 3.82244e-05)	(126, 0.0337168)	(127, 0.0309852)	(128, 0.00957173)	(129, 0.0)	(130, 0.0010723199999999999)	(131, 0.00482248)	(132, 0.0)	(133, 0.0005128239999999999)	(134, 0.0)	(135, 0.0391236)	(136, 4.79909e-06)	(137, 0.0)	(138, 3.36257e-05)	(139, 0.00119191)	(140, 9.61721e-06)	(141, 0.0)	(142, 0.00880514)	(143, 0.0455874)	(144, 0.0)	(145, 5.30774e-05)	(146, 7.73335e-05)	(147, 0.000145098)	(148, 0.0483941)	(149, 0.0)	(150, 0.0)
GW_P3	(1, 0.196622)	(2, 0.142951)	(3, 0.0)	(4, 0.0016308100000000001)	(5, 0.127401)	(6, 0.0368024)	(7, 0.035426)	(8, 0.0)	(9, 0.086724)	(10, 0.033114899999999996)	(11, 0.0379294)	(12, 0.0610776)	(13, 0.0183544)	(14, 0.00591559)	(15, 0.0)	(16, 0.0)	(17, 0.0339251)	(18, 0.0)	(19, 0.0)	(20, 0.0022021199999999997)	(21, 0.0)	(22, 0.0)	(23, 0.0)	(24, 0.032985)	(25, 0.0)	(26, 0.0215641)	(27, 0.0)	(28, 0.0328084)	(29, 0.0)	(30, 0.0)	(31, 0.0547416)	(32, 0.0)	(33, 5.7134200000000006e-05)	(34, 0.0390394)	(35, 0.0)	(36, 0.0)	(37, 0.000316872)	(38, 0.000457139)	(39, 0.0)	(40, 3.11706e-05)	(41, 0.00554336)	(42, 0.0450136)	(43, 0.0486901)	(44, 1.03923e-05)	(45, 0.0344582)	(46, 0.0)	(47, 0.0345672)	(48, 0.0)	(49, 0.0)	(50, 0.0)	(51, 0.0)	(52, 0.0341312)	(53, 0.0)	(54, 0.0)	(55, 0.0)	(56, 0.0)	(57, 0.0)	(58, 0.0)	(59, 0.0)	(60, 0.0)	(61, 0.0016190199999999999)	(62, 5.20675e-06)	(63, 0.0)	(64, 0.0)	(65, 0.0327926)	(66, 0.000369916)	(67, 4.16872e-05)	(68, 0.0)	(69, 0.0399032)	(70, 0.100311)	(71, 0.0)	(72, 0.0)	(73, 0.0)	(74, 0.043424700000000004)	(75, 0.0)	(76, 0.0857681)	(77, 0.0)	(78, 0.0)	(79, 0.0)	(80, 0.0604049)	(81, 0.043795900000000006)	(82, 0.0183149)	(83, 0.0007162560000000001)	(84, 0.0)	(85, 0.05452630000000001)	(86, 0.0)	(87, 0.000465785)	(88, 0.031613)	(89, 0.110308)	(90, 0.0)	(91, 0.0515491)	(92, 0.027610299999999997)	(93, 0.0)	(94, 0.102768)	(95, 0.0181313)	(96, 0.0339814)	(97, 0.00011020899999999999)	(98, 0.038632)	(99, 8.9271e-05)	(100, 5.77809e-05)	(101, 0.0)	(102, 0.0)	(103, 0.000110418)	(104, 0.0)	(105, 0.0)	(106, 0.0357113)	(107, 0.0)	(108, 0.0)	(109, 0.0)	(110, 0.0)	(111, 7.91154e-05)	(112, 0.0439957)	(113, 5.27883e-06)	(114, 0.00170058)	(115, 0.0188531)	(116, 0.0031402200000000004)	(117, 2.64463e-05)	(118, 0.0)	(119, 0.0881105)	(120, 0.0362309)	(121, 0.0)	(122, 0.0)	(123, 0.0)	(124, 0.00523546)	(125, 3.18802e-05)	(126, 0.038613)	(127, 0.036294400000000004)	(128, 1.59743e-05)	(129, 0.0)	(130, 0.00124239)	(131, 5.33591e-06)	(132, 0.0)	(133, 0.00045955999999999997)	(134, 0.0)	(135, 0.044374699999999996)	(136, 1.07136e-05)	(137, 0.0)	(138, 1.6098600000000002e-05)	(139, 0.0)	(140, 0.0)	(141, 0.0)	(142, 0.0)	(143, 0.0507932)	(144, 0.0)	(145, 0.0)	(146, 3.2509400000000004e-05)	(147, 0.00020613800000000002)	(148, 0.0552621)	(149, 0.0)	(150, 0.0)
SFZ_Mock1	(1, 0.207682)	(2, 0.139053)	(3, 0.0)	(4, 0.00146344)	(5, 0.122049)	(6, 0.033829599999999994)	(7, 0.033430100000000004)	(8, 0.0)	(9, 0.0826616)	(10, 0.0312574)	(11, 0.0359933)	(12, 0.0585823)	(13, 0.017660000000000002)	(14, 0.00575498)	(15, 0.0)	(16, 0.0)	(17, 0.0321866)	(18, 0.0)	(19, 4.48906e-06)	(20, 0.0022086199999999997)	(21, 0.0)	(22, 0.0)	(23, 0.0)	(24, 0.0334256)	(25, 4.48906e-06)	(26, 0.0210896)	(27, 0.0)	(28, 0.0307905)	(29, 0.0)	(30, 0.0)	(31, 0.0525629)	(32, 0.0)	(33, 0.000125704)	(34, 0.0369313)	(35, 0.0)	(36, 0.0)	(37, 0.00035022)	(38, 0.000390643)	(39, 0.0)	(40, 3.1433399999999996e-05)	(41, 0.00590523)	(42, 0.0458116)	(43, 0.0458287)	(44, 2.2458099999999998e-05)	(45, 0.0327691)	(46, 0.0)	(47, 0.034051200000000004)	(48, 0.0)	(49, 0.0)	(50, 0.0)	(51, 0.0)	(52, 0.0323954)	(53, 0.0)	(54, 0.0)	(55, 0.0)	(56, 0.0)	(57, 0.0)	(58, 0.0)	(59, 0.0)	(60, 0.0)	(61, 0.0017649200000000001)	(62, 4.50329e-06)	(63, 0.0)	(64, 0.0)	(65, 0.0307993)	(66, 0.000319993)	(67, 5.40939e-05)	(68, 0.0)	(69, 0.0374708)	(70, 0.09319480000000001)	(71, 0.0)	(72, 0.0)	(73, 0.0)	(74, 0.0449614)	(75, 4.516220000000001e-06)	(76, 0.0887695)	(77, 0.0)	(78, 0.0)	(79, 0.0)	(80, 0.0618223)	(81, 0.0461759)	(82, 0.017810199999999998)	(83, 0.000823553)	(84, 0.0)	(85, 0.051496799999999995)	(86, 0.0)	(87, 0.000462074)	(88, 0.0297071)	(89, 0.10508500000000001)	(90, 0.0)	(91, 0.0478836)	(92, 0.0260149)	(93, 0.0)	(94, 0.09786790000000001)	(95, 0.017021699999999997)	(96, 0.0328958)	(97, 8.631889999999999e-05)	(98, 0.0379328)	(99, 6.36417e-05)	(100, 7.73027e-05)	(101, 0.0)	(102, 0.0)	(103, 9.558490000000001e-05)	(104, 0.0)	(105, 0.0)	(106, 0.0345487)	(107, 0.0)	(108, 0.0)	(109, 0.0)	(110, 0.0)	(111, 7.76041e-05)	(112, 0.0463014)	(113, 0.0)	(114, 0.00194242)	(115, 0.0176085)	(116, 0.00303748)	(117, 4.57657e-05)	(118, 9.15734e-06)	(119, 0.0912314)	(120, 0.0344509)	(121, 0.0)	(122, 0.0)	(123, 0.0)	(124, 0.00527189)	(125, 9.18967e-06)	(126, 0.036821599999999996)	(127, 0.0344567)	(128, 4.60309e-05)	(129, 0.0)	(130, 0.00122584)	(131, 4.61115e-06)	(132, 0.0)	(133, 0.00053093)	(134, 0.0)	(135, 0.0461359)	(136, 4.6261e-06)	(137, 0.0)	(138, 4.6327600000000005e-06)	(139, 0.0)	(140, 0.0)	(141, 0.0)	(142, 0.0)	(143, 0.0501235)	(144, 0.0)	(145, 0.0)	(146, 7.00619e-05)	(147, 0.000135584)	(148, 0.052502099999999996)	(149, 0.0)	(150, 0.0)
SFZ_Mock2	(1, 0.22632899999999997)	(2, 0.128797)	(3, 0.0)	(4, 0.0016180699999999999)	(5, 0.110565)	(6, 0.02938)	(7, 0.029228099999999996)	(8, 0.0)	(9, 0.0718342)	(10, 0.0280167)	(11, 0.0320843)	(12, 0.0506518)	(13, 0.0155683)	(14, 0.006458869999999999)	(15, 0.0)	(16, 0.0)	(17, 0.027717300000000004)	(18, 0.0)	(19, 0.0)	(20, 0.00240922)	(21, 0.0)	(22, 0.0)	(23, 0.0)	(24, 0.0282313)	(25, 0.0)	(26, 0.0185989)	(27, 0.0)	(28, 0.0262243)	(29, 0.0)	(30, 0.0)	(31, 0.0471434)	(32, 0.0)	(33, 0.00011622499999999999)	(34, 0.0332773)	(35, 0.0)	(36, 0.0)	(37, 0.00041131399999999997)	(38, 0.00041132800000000003)	(39, 0.0)	(40, 5.36559e-05)	(41, 0.006318279999999999)	(42, 0.049730300000000005)	(43, 0.0388537)	(44, 2.6835e-05)	(45, 0.0283535)	(46, 0.0)	(47, 0.0291415)	(48, 0.0)	(49, 0.0)	(50, 0.0)	(51, 0.0)	(52, 0.028218200000000002)	(53, 0.0)	(54, 0.0)	(55, 0.0)	(56, 0.0)	(57, 0.0)	(58, 0.0)	(59, 0.0)	(60, 0.0)	(61, 0.00161809)	(62, 0.0)	(63, 0.0)	(64, 0.0)	(65, 0.0262)	(66, 0.00039927699999999997)	(67, 7.17923e-05)	(68, 0.0)	(69, 0.0304461)	(70, 0.0801184)	(71, 0.0)	(72, 0.0)	(73, 0.0)	(74, 0.0502914)	(75, 0.0)	(76, 0.09959770000000001)	(77, 0.0)	(78, 0.0)	(79, 0.0)	(80, 0.064923)	(81, 0.051848200000000004)	(82, 0.015169700000000001)	(83, 0.000756166)	(84, 0.0)	(85, 0.044065599999999996)	(86, 0.0)	(87, 0.000545093)	(88, 0.0242141)	(89, 0.0915035)	(90, 0.0)	(91, 0.041393)	(92, 0.0198419)	(93, 0.0)	(94, 0.0826062)	(95, 0.0150133)	(96, 0.0284356)	(97, 7.67479e-05)	(98, 0.0325754)	(99, 9.936440000000001e-05)	(100, 8.131559999999999e-05)	(101, 0.0)	(102, 4.5195600000000005e-06)	(103, 9.04138e-05)	(104, 0.0)	(105, 0.0)	(106, 0.0301762)	(107, 0.0)	(108, 0.0)	(109, 0.0)	(110, 0.0)	(111, 8.60662e-05)	(112, 0.0498855)	(113, 0.0)	(114, 0.00196297)	(115, 0.014978300000000002)	(116, 0.00350187)	(117, 2.72248e-05)	(118, 4.53882e-06)	(119, 0.0994518)	(120, 0.030478200000000004)	(121, 0.0)	(122, 0.0)	(123, 0.0)	(124, 0.0060387)	(125, 2.2744e-05)	(126, 0.0318073)	(127, 0.029520300000000003)	(128, 3.64297e-05)	(129, 0.0)	(130, 0.0015493800000000002)	(131, 9.117259999999999e-06)	(132, 4.56028e-06)	(133, 0.00053375)	(134, 0.0)	(135, 0.0501253)	(136, 2.7404700000000002e-05)	(137, 0.0)	(138, 9.14262e-06)	(139, 0.0)	(140, 0.0)	(141, 0.0)	(142, 0.0)	(143, 0.0430945)	(144, 0.0)	(145, 0.0)	(146, 7.81329e-05)	(147, 0.00023452599999999998)	(148, 0.0451272)	(149, 0.0)	(150, 0.0)
SFZ_Mock3	(1, 0.239925)	(2, 0.116282)	(3, 0.0)	(4, 0.0020012399999999996)	(5, 0.0959848)	(6, 0.026498800000000003)	(7, 0.0261521)	(8, 0.0)	(9, 0.0624509)	(10, 0.0216055)	(11, 0.0292286)	(12, 0.0457476)	(13, 0.0139823)	(14, 0.0069297199999999995)	(15, 0.0)	(16, 0.0)	(17, 0.0236725)	(18, 0.0)	(19, 4.3886799999999995e-06)	(20, 0.00249716)	(21, 0.0)	(22, 0.0)	(23, 0.0)	(24, 0.0233346)	(25, 0.0)	(26, 0.0161108)	(27, 0.0)	(28, 0.0235233)	(29, 0.0)	(30, 0.0)	(31, 0.042763499999999996)	(32, 0.0)	(33, 0.000118503)	(34, 0.0311718)	(35, 0.0)	(36, 0.0)	(37, 0.000329219)	(38, 0.000307281)	(39, 0.0)	(40, 4.39003e-06)	(41, 0.00656773)	(42, 0.0537909)	(43, 0.0355737)	(44, 8.78218e-06)	(45, 0.0243858)	(46, 4.39183e-06)	(47, 0.0243242)	(48, 0.0)	(49, 0.0)	(50, 0.0)	(51, 0.0)	(52, 0.025229)	(53, 0.0)	(54, 0.0)	(55, 0.0)	(56, 0.0)	(57, 0.0)	(58, 0.0)	(59, 0.0)	(60, 0.0)	(61, 0.00178195)	(62, 0.0)	(63, 0.0)	(64, 0.0)	(65, 0.023528)	(66, 0.000334653)	(67, 5.28481e-05)	(68, 0.0)	(69, 0.027471899999999997)	(70, 0.0708152)	(71, 0.0)	(72, 0.0)	(73, 0.0)	(74, 0.0544118)	(75, 4.41018e-06)	(76, 0.10505099999999999)	(77, 4.41168e-06)	(78, 0.0)	(79, 0.0)	(80, 0.0655264)	(81, 0.053411)	(82, 0.0132869)	(83, 0.0008656429999999999)	(84, 0.0)	(85, 0.039848800000000004)	(86, 0.0)	(87, 0.0006585909999999999)	(88, 0.0212115)	(89, 0.0815197)	(90, 0.0)	(91, 0.0362858)	(92, 0.018427600000000002)	(93, 0.0)	(94, 0.0736487)	(95, 0.012569)	(96, 0.024882099999999997)	(97, 0.00012401599999999999)	(98, 0.0283083)	(99, 5.7603700000000006e-05)	(100, 6.2048e-05)	(101, 0.0)	(102, 0.0)	(103, 0.00013748599999999998)	(104, 0.0)	(105, 0.0)	(106, 0.0265507)	(107, 0.0)	(108, 0.0)	(109, 0.0)	(110, 0.0)	(111, 0.000115543)	(112, 0.0546217)	(113, 4.44634e-06)	(114, 0.00235723)	(115, 0.0132446)	(116, 0.0036715399999999996)	(117, 3.11621e-05)	(118, 4.4531100000000005e-06)	(119, 0.107897)	(120, 0.025042400000000003)	(121, 0.0)	(122, 0.0)	(123, 0.0)	(124, 0.0061307)	(125, 3.57089e-05)	(126, 0.027774300000000002)	(127, 0.0266377)	(128, 3.1282600000000004e-05)	(129, 0.0)	(130, 0.00163245)	(131, 8.948469999999999e-06)	(132, 0.0)	(133, 0.000541831)	(134, 0.0)	(135, 0.055061200000000005)	(136, 1.34522e-05)	(137, 0.0)	(138, 8.97688e-06)	(139, 0.0)	(140, 0.0)	(141, 0.0)	(142, 0.0)	(143, 0.036277500000000004)	(144, 0.0)	(145, 0.0)	(146, 5.41846e-05)	(147, 0.000171696)	(148, 0.0395787)	(149, 0.0)	(150, 0.0)
SFZ_P1	(1, 0.23298)	(2, 0.12255300000000001)	(3, 0.0)	(4, 0.0017498000000000001)	(5, 0.106012)	(6, 0.0274466)	(7, 0.0277081)	(8, 0.0)	(9, 0.0680797)	(10, 0.029710499999999997)	(11, 0.030901)	(12, 0.048611)	(13, 0.0144268)	(14, 0.006823299999999999)	(15, 0.0)	(16, 0.0)	(17, 0.0266709)	(18, 0.0)	(19, 4.50979e-06)	(20, 0.0026292)	(21, 0.0)	(22, 0.0)	(23, 0.0)	(24, 0.0272211)	(25, 0.0)	(26, 0.0175746)	(27, 0.0)	(28, 0.025182600000000003)	(29, 0.0)	(30, 0.0)	(31, 0.0454905)	(32, 0.0)	(33, 0.000135306)	(34, 0.0327409)	(35, 0.0)	(36, 0.0)	(37, 0.000369892)	(38, 0.000293217)	(39, 0.0)	(40, 2.25569e-05)	(41, 0.00662748)	(42, 0.050491100000000004)	(43, 0.0368774)	(44, 9.02483e-06)	(45, 0.0272931)	(46, 0.0)	(47, 0.0279158)	(48, 0.0)	(49, 0.0)	(50, 0.0)	(51, 0.0)	(52, 0.0273613)	(53, 0.0)	(54, 0.0)	(55, 0.0)	(56, 0.0)	(57, 0.0)	(58, 0.0)	(59, 0.0)	(60, 0.0)	(61, 0.0017949799999999998)	(62, 0.0)	(63, 0.0)	(64, 0.0)	(65, 0.0252094)	(66, 0.00038009599999999996)	(67, 3.16794e-05)	(68, 0.0)	(69, 0.0287104)	(70, 0.0754102)	(71, 0.0)	(72, 0.0)	(73, 0.0)	(74, 0.051650800000000004)	(75, 4.53199e-06)	(76, 0.10065099999999999)	(77, 0.0)	(78, 0.0)	(79, 0.0)	(80, 0.0660798)	(81, 0.0531665)	(82, 0.0154144)	(83, 0.000857783)	(84, 0.0)	(85, 0.0415176)	(86, 0.0)	(87, 0.000545076)	(88, 0.0228204)	(89, 0.0878735)	(90, 0.0)	(91, 0.0391039)	(92, 0.0203927)	(93, 0.0)	(94, 0.0794822)	(95, 0.014072800000000002)	(96, 0.028097099999999996)	(97, 0.000113797)	(98, 0.030526799999999996)	(99, 5.46458e-05)	(100, 4.5548e-05)	(101, 0.0)	(102, 0.0)	(103, 0.000123065)	(104, 0.0)	(105, 0.0)	(106, 0.028518400000000003)	(107, 0.0)	(108, 0.0)	(109, 0.0)	(110, 0.0)	(111, 5.02405e-05)	(112, 0.0525744)	(113, 0.0)	(114, 0.00208444)	(115, 0.0151623)	(116, 0.00356762)	(117, 3.2026799999999996e-05)	(118, 9.15332e-06)	(119, 0.10411000000000001)	(120, 0.030577399999999998)	(121, 0.0)	(122, 0.0)	(123, 0.0)	(124, 0.00595643)	(125, 1.83481e-05)	(126, 0.030276499999999998)	(127, 0.0277541)	(128, 1.83688e-05)	(129, 0.0)	(130, 0.00151197)	(131, 1.83896e-05)	(132, 0.0)	(133, 0.000556714)	(134, 0.0)	(135, 0.052683600000000004)	(136, 1.3820500000000001e-05)	(137, 0.0)	(138, 4.610980000000001e-06)	(139, 0.0)	(140, 0.0)	(141, 0.0)	(142, 0.0)	(143, 0.0414434)	(144, 0.0)	(145, 0.0)	(146, 6.49369e-05)	(147, 0.000227412)	(148, 0.0438278)	(149, 0.0)	(150, 0.0)
SFZ_P2	(1, 0.228898)	(2, 0.124576)	(3, 0.0)	(4, 0.00165309)	(5, 0.105222)	(6, 0.029560600000000003)	(7, 0.028164599999999998)	(8, 0.0)	(9, 0.0725321)	(10, 0.0273137)	(11, 0.0319361)	(12, 0.050049199999999995)	(13, 0.0147892)	(14, 0.00674088)	(15, 0.0)	(16, 0.0)	(17, 0.0282621)	(18, 0.0)	(19, 4.431879999999999e-06)	(20, 0.00249515)	(21, 0.0)	(22, 0.0)	(23, 0.0)	(24, 0.0278632)	(25, 4.431879999999999e-06)	(26, 0.018569600000000002)	(27, 0.0)	(28, 0.0255631)	(29, 0.0)	(30, 0.0)	(31, 0.0453473)	(32, 0.0)	(33, 0.00015069900000000002)	(34, 0.0328805)	(35, 0.0)	(36, 0.0)	(37, 0.000359078)	(38, 0.000385691)	(39, 0.0)	(40, 4.87697e-05)	(41, 0.00655761)	(42, 0.0501978)	(43, 0.037820900000000005)	(44, 1.77389e-05)	(45, 0.028898999999999998)	(46, 0.0)	(47, 0.0289039)	(48, 0.0)	(49, 0.0)	(50, 0.0)	(51, 0.0)	(52, 0.0268048)	(53, 0.0)	(54, 0.0)	(55, 0.0)	(56, 0.0)	(57, 0.0)	(58, 0.0)	(59, 0.0)	(60, 0.0)	(61, 0.00176482)	(62, 0.0)	(63, 0.0)	(64, 0.0)	(65, 0.0255336)	(66, 0.000382695)	(67, 4.8958899999999996e-05)	(68, 0.0)	(69, 0.0304378)	(70, 0.0787386)	(71, 0.0)	(72, 0.0)	(73, 0.0)	(74, 0.0511152)	(75, 0.0)	(76, 0.09974980000000001)	(77, 0.0)	(78, 0.0)	(79, 0.0)	(80, 0.06512799999999999)	(81, 0.0504669)	(82, 0.0147751)	(83, 0.0008577960000000001)	(84, 0.0)	(85, 0.0426542)	(86, 0.0)	(87, 0.000505409)	(88, 0.0237738)	(89, 0.09000949999999999)	(90, 0.0)	(91, 0.0399962)	(92, 0.0204672)	(93, 0.0)	(94, 0.0815824)	(95, 0.0144342)	(96, 0.0278012)	(97, 0.000188388)	(98, 0.0311246)	(99, 8.527280000000001e-05)	(100, 8.52966e-05)	(101, 0.0)	(102, 0.0)	(103, 0.00018872799999999999)	(104, 0.0)	(105, 0.0)	(106, 0.029500000000000002)	(107, 0.0)	(108, 0.0)	(109, 0.0)	(110, 0.0)	(111, 0.00010814900000000001)	(112, 0.0526783)	(113, 0.0)	(114, 0.00210228)	(115, 0.014943199999999998)	(116, 0.0034585500000000003)	(117, 4.0653e-05)	(118, 4.51896e-06)	(119, 0.10277800000000001)	(120, 0.0299234)	(121, 0.0)	(122, 0.0)	(123, 0.0)	(124, 0.006003720000000001)	(125, 3.17341e-05)	(126, 0.0311657)	(127, 0.028214499999999997)	(128, 3.63255e-05)	(129, 0.0)	(130, 0.0014409199999999998)	(131, 1.81917e-05)	(132, 0.0)	(133, 0.0005417989999999999)	(134, 0.0)	(135, 0.0517088)	(136, 1.36831e-05)	(137, 0.0)	(138, 1.82672e-05)	(139, 0.0)	(140, 0.0)	(141, 0.0)	(142, 9.15917e-06)	(143, 0.0430606)	(144, 0.0)	(145, 0.0)	(146, 6.90199e-05)	(147, 0.000147362)	(148, 0.0442079)	(149, 0.0)	(150, 0.0)
SFZ_P3	(1, 0.19891599999999998)	(2, 0.12010199999999999)	(3, 0.0)	(4, 0.007003560000000001)	(5, 0.0947843)	(6, 0.026326399999999996)	(7, 0.0250468)	(8, 0.0)	(9, 0.062078100000000004)	(10, 0.023267200000000002)	(11, 0.0273767)	(12, 0.0435028)	(13, 0.013534699999999998)	(14, 0.0053295)	(15, 0.0)	(16, 0.0)	(17, 0.024528499999999998)	(18, 0.0)	(19, 0.0)	(20, 0.00195384)	(21, 0.0)	(22, 0.0210061)	(23, 0.007026500000000001)	(24, 0.061335100000000004)	(25, 0.0)	(26, 0.021873)	(27, 0.0)	(28, 0.029037000000000004)	(29, 0.0)	(30, 0.0)	(31, 0.0401961)	(32, 0.0)	(33, 9.632440000000001e-05)	(34, 0.0290176)	(35, 0.0)	(36, 0.0)	(37, 0.00031195)	(38, 0.00034407400000000004)	(39, 0.0)	(40, 0.00671681)	(41, 0.025982799999999997)	(42, 0.0414283)	(43, 0.0345528)	(44, 0.0067183)	(45, 0.0368982)	(46, 0.0)	(47, 0.032075099999999995)	(48, 0.0)	(49, 0.0)	(50, 0.0)	(51, 0.0)	(52, 0.0249866)	(53, 0.0)	(54, 0.0)	(55, 0.0)	(56, 0.0)	(57, 0.0)	(58, 0.0)	(59, 0.0)	(60, 0.0)	(61, 0.00136549)	(62, 0.0)	(63, 0.0)	(64, 3.21981e-05)	(65, 0.0230571)	(66, 0.00030366299999999997)	(67, 5.98207e-05)	(68, 0.0)	(69, 0.0277787)	(70, 0.070597)	(71, 5.9857699999999994e-05)	(72, 0.000105921)	(73, 0.0)	(74, 0.053665500000000005)	(75, 0.0184446)	(76, 0.0794637)	(77, 0.0)	(78, 0.0)	(79, 0.020535900000000003)	(80, 0.0531145)	(81, 0.07187260000000001)	(82, 0.012644500000000001)	(83, 0.000632113)	(84, 0.0)	(85, 0.0378951)	(86, 0.0)	(87, 0.000457134)	(88, 0.0214707)	(89, 0.0789744)	(90, 0.0)	(91, 0.0365146)	(92, 0.018723)	(93, 4.62275e-06)	(94, 0.0721296)	(95, 0.012837999999999999)	(96, 0.0242613)	(97, 0.000106411)	(98, 0.0279128)	(99, 6.94262e-05)	(100, 5.555209999999999e-05)	(101, 0.0)	(102, 0.00020840599999999998)	(103, 0.000111175)	(104, 3.7067e-05)	(105, 0.000203919)	(106, 0.025208799999999996)	(107, 0.0)	(108, 0.00546814)	(109, 0.0)	(110, 6.960299999999999e-05)	(111, 3.24893e-05)	(112, 0.0409562)	(113, 0.0)	(114, 0.00165826)	(115, 0.0133581)	(116, 0.00297447)	(117, 2.7893799999999997e-05)	(118, 9.300629999999999e-06)	(119, 0.0813709)	(120, 0.026066199999999998)	(121, 9.308790000000001e-05)	(122, 0.0)	(123, 0.0)	(124, 0.00490095)	(125, 3.72821e-05)	(126, 0.028433100000000003)	(127, 0.025710499999999997)	(128, 0.013547900000000002)	(129, 0.0)	(130, 0.00121384)	(131, 0.007010110000000001)	(132, 4.67201e-06)	(133, 0.000514116)	(134, 0.0)	(135, 0.0413118)	(136, 4.67943e-06)	(137, 0.0)	(138, 3.2784e-05)	(139, 0.0014572)	(140, 4.6876700000000005e-06)	(141, 0.0)	(142, 0.0118862)	(143, 0.0364951)	(144, 0.0)	(145, 0.000122252)	(146, 0.000150722)	(147, 0.000136667)	(148, 0.038901000000000005)	(149, 0.0)	(150, 0.0)
