Sample	0	1	2	3	4	5	6	7	8	9	10	11	12	13	14	15	16	17	18	19	20	21	22	23	24	25	26	27	28	29	30	31	32	33	34	35	36	37	38	39	40	41	42	43	44	45	46	47	48	49	50	51	52	53	54	55	56	57	58	59	60	61	62	63	64	65	66	67	68	69	70	71	72	73
GW_Mock1_R1 - polya	(1, 0.0026670179277711215)	(2, 0.006478411591156781)	(3, 0.00844635480177425)	(4, 0.010572308051200423)	(5, 0.013148350502081687)	(6, 0.015575959280142654)	(7, 0.017907804398319557)	(8, 0.02291145562726179)	(9, 0.028934989833969277)	(10, 0.03664157036313915)	(12, 0.04297154828147563)	(14, 0.04986892588462519)	(16, 0.05699613627149649)	(18, 0.065684294314478)	(20, 0.07366380127431744)	(22, 0.08144220454840037)	(24, 0.0879948329759673)	(26, 0.09581872398849514)	(28, 0.10348699905371139)	(30, 0.11133961916420446)	(32, 0.11780606029787574)	(34, 0.12414322049070353)	(36, 0.1315074459357879)	(38, 0.1385221340222954)	(40, 0.14642024187123343)	(42, 0.1541268224004033)	(44, 0.1602437261754977)	(46, 0.16806043491353428)	(48, 0.1742922550804896)	(50, 0.17991837009867823)	(52, 0.18548223873794223)	(54, 0.1910461073772062)	(56, 0.1961143990765702)	(58, 0.20159208042193852)	(60, 0.20662206665734886)	(62, 0.21170951108868963)	(64, 0.2166150045662507)	(66, 0.22136727618799729)	(68, 0.22610997144375544)	(70, 0.23112798722168026)	(72, 0.23604066297373266)	(74, 0.24018962353820963)	(76, 0.24436491910915473)	(78, 0.24839417509877662)	(80, 0.25274184525751303)	(82, 0.25679264807060886)	(84, 0.2611690473273105)	(86, 0.26535631335574106)	(88, 0.2697231362464543)	(90, 0.2737930917915269)	(92, 0.2777002491147966)	(94, 0.28177020465986924)	(96, 0.2855289283103187)	(98, 0.28923019376483766)	(100, 0.29293864149384796)	(102, 0.29654653737998005)	(104, 0.3003483546773773)	(106, 0.3038221814396716)	(108, 0.30765751601802827)	(110, 0.31132526419158785)	(112, 0.31477754413040826)	(114, 0.31816278950730986)	(116, 0.3209997879313752)	(118, 0.3242868755568956)	(120, 0.3275524163589421)	(122, 0.3308083807950002)	(124, 0.3340451924990815)	(126, 0.3374471965164628)	(128, 0.3407223136844977)	(130, 0.34399982494402975)	(132, 0.3471049616157704)	(134, 0.350253191934459)	(136, 0.35301357943061706)	(138, 0.3560133760764853)
GW_Mock1_R2 - polya	(1, 0.003232023521087086)	(2, 0.00749829456892204)	(3, 0.009696070563261258)	(4, 0.01183638836167004)	(5, 0.014297514420690428)	(6, 0.01681131049264705)	(7, 0.019157520159806565)	(8, 0.02437185144049373)	(9, 0.0306778884438592)	(10, 0.038669365861184156)	(12, 0.04453967821207715)	(14, 0.05072601064058754)	(16, 0.05793701422985739)	(18, 0.0663043640122273)	(20, 0.07340523939263048)	(22, 0.08076946483771483)	(24, 0.08694382680873972)	(26, 0.09457140231850525)	(28, 0.10185422865268814)	(30, 0.1093812523195754)	(32, 0.11544309199023652)	(34, 0.12141874436700197)	(36, 0.12883324573352545)	(38, 0.1356947119642185)	(40, 0.14339171612739995)	(42, 0.15068890701056548)	(44, 0.15651373162301352)	(46, 0.16414370122427613)	(48, 0.17050240824057786)	(50, 0.17591305502402735)	(52, 0.18147931775478843)	(54, 0.18706473321752634)	(56, 0.1921138721849135)	(58, 0.1973665089295543)	(60, 0.20264787477216029)	(62, 0.2073043827340228)	(64, 0.2121021420942143)	(66, 0.21710818741465363)	(68, 0.22188918813436542)	(70, 0.2267874993374352)	(72, 0.23175045101092667)	(74, 0.2358108301900109)	(76, 0.24007470714634876)	(78, 0.24426676135777356)	(80, 0.24844445102021576)	(82, 0.25289985529632175)	(84, 0.257314560016977)	(86, 0.26155689014984096)	(88, 0.26573697390378026)	(90, 0.26946936254776155)	(92, 0.2734579189819327)	(94, 0.2772860712857981)	(96, 0.28081496215252577)	(98, 0.2844874985090795)	(100, 0.28801878346730425)	(102, 0.2915668270660088)	(104, 0.29493291971093355)	(106, 0.29816973141501485)	(108, 0.30205055373181644)	(110, 0.30590743513364704)	(112, 0.30935732098097035)	(114, 0.3128742413902126)	(116, 0.31583094438913295)	(118, 0.31891932242039395)	(120, 0.3223117500717868)	(122, 0.3257664241021043)	(124, 0.3291037876490639)	(126, 0.3323142643466771)	(128, 0.3357641501940004)	(130, 0.33919248921784984)	(132, 0.34231438453007024)	(134, 0.34530699890144717)	(136, 0.34813681505102123)	(138, 0.35086368526621986)
GW_Mock1_R2 - polyg	(1, 0.4785836784535931)	(2, 0.4942218841126604)	(3, 0.4972480157649967)	(4, 0.49886163343404316)	(5, 0.5008822466575968)	(6, 0.503712062807171)	(7, 0.506565819871716)	(8, 0.509419576936261)	(9, 0.5131256305737741)	(10, 0.5170782756354888)	(12, 0.5215360740030919)	(14, 0.5248207675371153)	(16, 0.5274159627199733)	(18, 0.5298196305830633)	(20, 0.5318258792576344)	(22, 0.5337363642723214)	(24, 0.5356636079274881)	(26, 0.5373466542499505)	(28, 0.5388669023506101)	(30, 0.5402985690658767)	(32, 0.5417948762515652)	(34, 0.5432480897903058)	(36, 0.5446103278521566)	(38, 0.5458983490775973)	(40, 0.5471265180156104)	(42, 0.5482397705617625)	(44, 0.5493673876568974)	(46, 0.5503872706346626)	(48, 0.5513832126974569)	(50, 0.5523791547602511)	(52, 0.5532769390716642)	(54, 0.554167541108586)	(56, 0.5549288622046643)	(58, 0.5556255428303208)	(60, 0.5563485584624455)	(62, 0.5570236922646281)	(64, 0.5576150328644123)	(66, 0.55807948661485)	(68, 0.5586157631102007)	(70, 0.5590969755011181)	(72, 0.5595374883365847)	(74, 0.5599636366230688)	(76, 0.5603179621646399)	(78, 0.5606124354187834)	(80, 0.5609188791304123)	(82, 0.5612588401230008)	(84, 0.5616107715730747)	(86, 0.5619650971146457)	(88, 0.5622260530878298)	(90, 0.5624582799630486)	(92, 0.5627120536617414)	(94, 0.5629969505498964)	(96, 0.5632890297125428)	(98, 0.563600261607166)	(100, 0.5638444589398705)	(102, 0.5640407744426328)	(104, 0.5642969422328226)	(106, 0.5645363513825328)	(108, 0.5647422432512834)	(110, 0.5649026473815894)	(112, 0.565130086073814)	(114, 0.5653766774980155)	(116, 0.5655729930007778)	(118, 0.5657621262290489)	(120, 0.5660015353787589)	(122, 0.566193062698527)	(124, 0.5663702254693126)	(126, 0.5665832996125546)	(128, 0.5667772210238198)	(130, 0.5669376251541256)	(132, 0.5671387288398821)	(134, 0.5673470148001301)	(136, 0.567581635766846)	(138, 0.5677923158185909)
GW_Mock2_R1 - polya	(1, 0.0026985061115903626)	(2, 0.006695954148081849)	(3, 0.008731268079705088)	(4, 0.011077596275037049)	(5, 0.013579431602223368)	(6, 0.016035529537687818)	(7, 0.018450463820602583)	(8, 0.023659952737723637)	(9, 0.030035745143752395)	(10, 0.038000911912116145)	(12, 0.04412514866367462)	(14, 0.05039574506874307)	(16, 0.057674850961278765)	(18, 0.06666682217379852)	(20, 0.0744467525056887)	(22, 0.08185163622545955)	(24, 0.08840809132878968)	(26, 0.0962131772261269)	(28, 0.10385589538285148)	(30, 0.11122418918924482)	(32, 0.11768688263954513)	(34, 0.12409469121977919)	(36, 0.13177857302905344)	(38, 0.13929322648895678)	(40, 0.14702284568995289)	(42, 0.15459467088950857)	(44, 0.16081495616368296)	(46, 0.16897450684686466)	(48, 0.17541661847089013)	(50, 0.18093712165171993)	(52, 0.18643018239751658)	(54, 0.19176316227228668)	(56, 0.19685373397093087)	(58, 0.20188942079950883)	(60, 0.2068473540621596)	(62, 0.2115811741053732)	(64, 0.21659856597726238)	(66, 0.22137354967302567)	(68, 0.22609822223789489)	(70, 0.23095553323875756)	(72, 0.235881450327203)	(74, 0.24038200967263507)	(76, 0.24489629023558368)	(78, 0.24893718879421095)	(80, 0.25314045509345084)	(82, 0.25734143452310465)	(84, 0.2618854443906725)	(86, 0.26625565216969727)	(88, 0.27053895890445046)	(90, 0.2745158251146671)	(92, 0.2785384287166056)	(94, 0.2827965798859117)	(96, 0.28646243183241965)	(98, 0.29054220717401047)	(100, 0.29431325512147877)	(102, 0.29794937776336744)	(104, 0.30159922162277275)	(106, 0.3049654936535024)	(108, 0.30862448499125206)	(110, 0.31212339545797513)	(112, 0.3153593159222975)	(114, 0.3188399314323318)	(116, 0.32196608215652167)	(118, 0.32522487131670497)	(120, 0.32872149491384195)	(122, 0.3320946275533299)	(124, 0.3354791945407483)	(126, 0.3387951554405839)	(128, 0.3423626719948899)	(130, 0.34585700872244074)	(132, 0.349090642317177)	(134, 0.35245462747832057)	(136, 0.35541612359231173)	(138, 0.3582404075311372)
GW_Mock2_R2 - polya	(1, 0.0034303043791402915)	(2, 0.00779822528857893)	(3, 0.009993620091228715)	(4, 0.01216157245884538)	(5, 0.014869226048780118)	(6, 0.017293307810039255)	(7, 0.019813438093914323)	(8, 0.024858272400836646)	(9, 0.0314810467221635)	(10, 0.039130625487646356)	(12, 0.045113076324867024)	(14, 0.05124874742435596)	(16, 0.058436378533447915)	(18, 0.06659821608621572)	(20, 0.07415860693784092)	(22, 0.08171671091988003)	(24, 0.08814967506556112)	(26, 0.09531672434837823)	(28, 0.10238315136940723)	(30, 0.11034831813777099)	(32, 0.1170602803729555)	(34, 0.12324626260333849)	(36, 0.13094157876054321)	(38, 0.13795312091150597)	(40, 0.1456118471553332)	(42, 0.1531722380069584)	(44, 0.15919127875755656)	(46, 0.16724792030936406)	(48, 0.17360313088911797)	(50, 0.17912363406994775)	(52, 0.18463270290284706)	(54, 0.19012805051822979)	(56, 0.19563940622071518)	(58, 0.2012193680107834)	(60, 0.2062047437084673)	(62, 0.21127015984166447)	(64, 0.21614805266880194)	(66, 0.22077667671105528)	(68, 0.22567972510363976)	(70, 0.23081146045483364)	(72, 0.23554985423721947)	(74, 0.2396593588834295)	(76, 0.2439380918790105)	(78, 0.24834946331058494)	(80, 0.25267622056747385)	(82, 0.25653645642879974)	(84, 0.2606596822925264)	(86, 0.26501845572362065)	(88, 0.2692400169795493)	(90, 0.27303850736205065)	(92, 0.2769467674846845)	(94, 0.28088475691193754)	(96, 0.2844339785095547)	(98, 0.28812269915192357)	(100, 0.2920355330137296)	(102, 0.2957151061777541)	(104, 0.2993169257758514)	(106, 0.3025093957180379)	(108, 0.30621412444750945)	(110, 0.3096581500441663)	(112, 0.3130152745965516)	(114, 0.31651418506327467)	(116, 0.3196586307441533)	(118, 0.3226292743364888)	(120, 0.3258651948008111)	(122, 0.3292063112660938)	(124, 0.3324765347742075)	(126, 0.33550206323660925)	(128, 0.33864879578707396)	(130, 0.3418915768601546)	(132, 0.34491253158338414)	(134, 0.34810271465598464)	(136, 0.3510802188570784)	(138, 0.3539891169705893)
GW_Mock2_R2 - polyg	(1, 0.3409219441556509)	(2, 0.35044904285131656)	(3, 0.3537329875769469)	(4, 0.35523774776459643)	(5, 0.3570489484767825)	(6, 0.35943644032466415)	(7, 0.3620892090445326)	(8, 0.3645361595016527)	(9, 0.3678658416190049)	(10, 0.37147223495627435)	(12, 0.37535762638304726)	(14, 0.3782482295398695)	(16, 0.38063572138775115)	(18, 0.383052942540252)	(20, 0.3849922079492593)	(22, 0.38677596622641225)	(24, 0.38855057702522083)	(26, 0.39010107460459226)	(28, 0.3917384732282352)	(30, 0.39322722532878207)	(32, 0.39469996934222634)	(34, 0.39617728709484273)	(36, 0.3975722775423598)	(38, 0.3989535467723603)	(40, 0.4001747351313342)	(42, 0.40140735783823867)	(44, 0.40267657045852057)	(46, 0.4038565951649448)	(48, 0.4049382844791671)	(50, 0.4059056303140846)	(52, 0.4068615418010717)	(54, 0.40768710172165146)	(56, 0.4085240959901617)	(58, 0.4093039185190196)	(60, 0.4100677329607748)	(62, 0.41077894940204995)	(64, 0.4115290426262886)	(66, 0.4121922348062557)	(68, 0.41274565724609036)	(70, 0.41323504733751437)	(72, 0.41371757682018007)	(74, 0.414179524476571)	(76, 0.4146003084804122)	(78, 0.41488845404826)	(80, 0.41519946831196874)	(82, 0.4155219169236079)	(84, 0.4159106847532438)	(86, 0.4162445677128135)	(88, 0.41656930319403873)	(90, 0.4169306285886415)	(92, 0.4172302085044198)	(94, 0.4174909116372344)	(96, 0.4177539016396352)	(98, 0.4180031704245194)	(100, 0.4182661604269201)	(102, 0.4185268635597348)	(104, 0.4187852798229634)	(106, 0.4190231142599171)	(108, 0.419265522436043)	(110, 0.4196291347002319)	(112, 0.4199035590505631)	(114, 0.420145967226689)	(116, 0.42038380166364275)	(118, 0.42063307044852694)	(120, 0.42084803618961975)	(122, 0.4210652888002986)	(124, 0.4212413777584278)	(126, 0.42148607280413986)	(128, 0.4217330547194379)	(130, 0.42194573359094467)	(132, 0.4221698468103818)	(134, 0.422393960029819)	(136, 0.42260892577091175)	(138, 0.4228467602078655)
GW_Mock3_R1 - polya	(1, 0.0027763993419755587)	(2, 0.006785270827744754)	(3, 0.008747437670390943)	(4, 0.010745199376395792)	(5, 0.01304551742094926)	(6, 0.015376980970941555)	(7, 0.017681748373414855)	(8, 0.02257159272731091)	(9, 0.029098800795705374)	(10, 0.03678729128117615)	(12, 0.04274720621479195)	(14, 0.04933225593614424)	(16, 0.056735987514745734)	(18, 0.0657058930811283)	(20, 0.07391940780113934)	(22, 0.08155450599157212)	(24, 0.0884932796675511)	(26, 0.09644873162821183)	(28, 0.10400374137608763)	(30, 0.11183906067291288)	(32, 0.11879340710161126)	(34, 0.12569213655631176)	(36, 0.13370320549097042)	(38, 0.14075766247286503)	(40, 0.14840833341601722)	(42, 0.15607902646980867)	(44, 0.16232147563133387)	(46, 0.17040373429270983)	(48, 0.1769309423611043)	(50, 0.182839689678642)	(52, 0.18864165240610375)	(54, 0.1945681971553208)	(56, 0.20032789098254417)	(58, 0.20591628452985394)	(60, 0.21109311246957918)	(62, 0.21648795894737624)	(64, 0.22139782541191155)	(66, 0.2262876697658076)	(68, 0.23112634650362557)	(70, 0.23623198471663354)	(72, 0.24143995816179759)	(74, 0.2457758574546745)	(76, 0.2504788287759376)	(78, 0.25500160110144743)	(80, 0.25943538626856066)	(82, 0.2639225637307119)	(84, 0.2688457782690067)	(86, 0.27321504774628236)	(88, 0.27763993419755584)	(90, 0.281862374863477)	(92, 0.2860759168135585)	(94, 0.29040291739059576)	(96, 0.2943205770390084)	(98, 0.2983605940302164)	(100, 0.3025874840540574)	(102, 0.306852193620217)	(104, 0.3109923211646212)	(106, 0.3148454651231963)	(108, 0.3191680163423136)	(110, 0.32311904617512505)	(112, 0.32704560453937737)	(114, 0.3308720523504334)	(116, 0.3342513396905462)	(118, 0.3376906933625769)	(120, 0.34119456272444504)	(122, 0.3449364727350243)	(124, 0.34870285421416264)	(126, 0.35224231843938947)	(128, 0.35553484330006563)	(130, 0.3593323702846428)	(132, 0.36286738515194983)	(134, 0.36644689359845517)	(136, 0.36953697267377894)	(138, 0.37253361523278616)
GW_Mock3_R2 - polya	(1, 0.003568385051705766)	(2, 0.007799724433466593)	(3, 0.010006605961703576)	(4, 0.012253531711219052)	(5, 0.014887551599759966)	(6, 0.017526020846220715)	(7, 0.019937572838769995)	(8, 0.02543697922768312)	(9, 0.0321021173915924)	(10, 0.04040684394895999)	(12, 0.04626887300833947)	(14, 0.052642578228499715)	(16, 0.059652541631196015)	(18, 0.06843112480702579)	(20, 0.07602617877618008)	(22, 0.08357896384509597)	(24, 0.0903887061413998)	(26, 0.0978880989152777)	(28, 0.1053074032465986)	(30, 0.11343638016613279)	(32, 0.12019050548843872)	(34, 0.12649524566084155)	(36, 0.1340702775193566)	(38, 0.14104464605869424)	(40, 0.1488799653555195)	(42, 0.15659070263058944)	(44, 0.1628198037183551)	(46, 0.17084199604781333)	(48, 0.17747153934836396)	(50, 0.1832356825335071)	(52, 0.18883075011769662)	(54, 0.19433683054348952)	(56, 0.20001866060711576)	(58, 0.20594520535633282)	(60, 0.21149800404028396)	(62, 0.21661476564809146)	(64, 0.22192062496749188)	(66, 0.2271486205232952)	(68, 0.23211855331974826)	(70, 0.23727535914883427)	(72, 0.2425567469996756)	(74, 0.2472063260259007)	(76, 0.25204500276371866)	(78, 0.25658557252090786)	(80, 0.26117953457313503)	(82, 0.26563111717192756)	(84, 0.27032963913527086)	(86, 0.274976993482536)	(88, 0.2794908670922062)	(90, 0.28358205169949235)	(92, 0.2876331920854999)	(94, 0.29201580963653506)	(96, 0.2959356939639076)	(98, 0.2999223186600777)	(100, 0.30385332638224977)	(102, 0.30792893823681644)	(104, 0.3118310251325097)	(106, 0.3159177603818759)	(108, 0.3200534385683603)	(110, 0.3240667594120494)	(112, 0.3279399254812637)	(114, 0.3317641486133598)	(116, 0.3348186328253249)	(118, 0.33836477108743157)	(120, 0.34174183374858447)	(122, 0.3451010989780581)	(124, 0.3488185375200783)	(126, 0.3523691251401047)	(128, 0.3559553076234898)	(130, 0.3597172397447083)	(132, 0.36318328956425794)	(134, 0.36672052911052483)	(136, 0.3699040447021651)	(138, 0.37308978497276524)
GW_Mock3_R2 - polyg	(1, 0.342605009185032)	(2, 0.3544225038201075)	(3, 0.357599345374868)	(4, 0.35917886743640853)	(5, 0.3610386990468986)	(6, 0.36347249782904706)	(7, 0.36600863184335164)	(8, 0.3686115062264537)	(9, 0.37176610099161506)	(10, 0.3754523940281964)	(12, 0.3792432469758938)	(14, 0.38203299439162886)	(16, 0.3843377617941022)	(18, 0.3865780135067378)	(20, 0.3886002466813018)	(22, 0.39036219241755554)	(24, 0.39195728723181555)	(26, 0.39348786635623795)	(28, 0.39492945832226367)	(30, 0.39637994900412915)	(32, 0.39773477849071814)	(34, 0.39917859513570386)	(36, 0.40050672847477387)	(38, 0.40172362786584814)	(40, 0.4029583246886017)	(42, 0.40415520196903665)	(44, 0.40531203502819313)	(46, 0.4062619729440774)	(48, 0.4072007874651621)	(50, 0.40809955776496826)	(52, 0.408958283843496)	(54, 0.40982368395890345)	(56, 0.4105711760894353)	(58, 0.4112897473934883)	(60, 0.41200164466066147)	(62, 0.4126023079798389)	(64, 0.41320074662005635)	(66, 0.413663479843719)	(68, 0.41413733646218115)	(70, 0.414593395648964)	(72, 0.4150472301567869)	(74, 0.4154409983326921)	(76, 0.41580139632419855)	(78, 0.4161373228471459)	(80, 0.4164732493700933)	(82, 0.416773581029682)	(84, 0.41703164378903224)	(86, 0.41731195333798177)	(88, 0.4176100603186105)	(90, 0.4179281894098785)	(92, 0.41820182492194824)	(94, 0.41843986557065926)	(96, 0.4186845802562501)	(98, 0.41892707026288095)	(100, 0.41919625641703084)	(102, 0.4194476451395014)	(104, 0.4196612143196533)	(106, 0.4198592107470859)	(108, 0.4200527578165986)	(110, 0.4202485295650713)	(112, 0.4204887948927422)	(114, 0.4207223861835334)	(116, 0.4209292813268056)	(118, 0.421158423259677)	(120, 0.4213608690450294)	(122, 0.42157443822518137)	(124, 0.42175018786301477)	(126, 0.4219392855746077)	(128, 0.42211281053348115)	(130, 0.4222774367765149)	(132, 0.4224754332039475)	(134, 0.4226689802734602)	(136, 0.4228358311954539)	(138, 0.42300045743848774)
GW_P1_R1 - polya	(1, 0.0022094522061333168)	(2, 0.0061666800380138845)	(3, 0.008635236447425096)	(4, 0.011132058769921167)	(5, 0.014203621325142751)	(6, 0.017058478546713732)	(7, 0.01961654368089367)	(8, 0.024850448587107134)	(9, 0.03281672509152385)	(10, 0.039381483405482864)	(12, 0.04489569194978787)	(14, 0.051034106074716895)	(16, 0.05815240518658776)	(18, 0.06627178872021414)	(20, 0.07388709680382716)	(22, 0.08147178348159825)	(24, 0.08754659930208634)	(26, 0.09627134447428015)	(28, 0.1043695285730929)	(30, 0.11246300168639148)	(32, 0.11993226921906605)	(34, 0.126035350952639)	(36, 0.13337506638367463)	(38, 0.14149680541005807)	(40, 0.14923224362428175)	(42, 0.1560937940256318)	(44, 0.1623523382811715)	(46, 0.17122783498981792)	(48, 0.17787032456476032)	(50, 0.18273912809362763)	(52, 0.18889638616061322)	(54, 0.1943611293570197)	(56, 0.19954085792982054)	(58, 0.20451330313999905)	(60, 0.20926668752376987)	(62, 0.21392114121174366)	(64, 0.21862977123313015)	(66, 0.22298743283371292)	(68, 0.22793632311632067)	(70, 0.2330053435295391)	(72, 0.23732060626049462)	(74, 0.24097868651222706)	(76, 0.24465325521325904)	(78, 0.2480098323920863)	(80, 0.25171737799171723)	(82, 0.25538723570723504)	(84, 0.25935859649565807)	(86, 0.2630802750518314)	(88, 0.2669503496517004)	(90, 0.2702480395116008)	(92, 0.2735834172556144)	(94, 0.27695412739098413)	(96, 0.28043319019317914)	(98, 0.284399839996088)	(100, 0.28769517436323144)	(102, 0.29089157803457777)	(104, 0.2943188199961172)	(106, 0.29749873521816406)	(108, 0.3011285495568117)	(110, 0.304520459126995)	(112, 0.3078558368710086)	(114, 0.3106942056432801)	(116, 0.31363150511134863)	(118, 0.31669835668105606)	(120, 0.3199819135844141)	(122, 0.32314062937164734)	(124, 0.3262310358689255)	(126, 0.32928846546760465)	(128, 0.3323058516894136)	(130, 0.33553758775211606)	(132, 0.33839244497368703)	(134, 0.3412567241662863)	(136, 0.3437841678946243)	(138, 0.34655187188418357)
GW_P1_R1 - polyg	(1, 0.0)	(2, 0.0)	(3, 0.024930535340847576)	(4, 0.031832129119067853)	(5, 0.03564802738552411)	(6, 0.038041208026709024)	(7, 0.040038665884705886)	(8, 0.041890083191764294)	(9, 0.043977049774529875)	(10, 0.045884998907758004)	(12, 0.04745140159121073)	(14, 0.04866919134661683)	(16, 0.04984458223239564)	(18, 0.050859799610693576)	(20, 0.05176901981492328)	(22, 0.05258402030887011)	(24, 0.0534272867159018)	(26, 0.05431766297807493)	(28, 0.055384701197028444)	(30, 0.05639520758981223)	(32, 0.057577664953862254)	(34, 0.05906162539081747)	(36, 0.060373634856506445)	(38, 0.06172097671355149)	(40, 0.06322378109256328)	(42, 0.06464649871783462)	(44, 0.06623645632885808)	(46, 0.06802663082423262)	(48, 0.06968254223245407)	(50, 0.07101575113295669)	(52, 0.07228771722177543)	(54, 0.07368216893396193)	(56, 0.07508368712441962)	(58, 0.07627556645949793)	(60, 0.07753575508453134)	(62, 0.07885954201400566)	(64, 0.08013150810282442)	(66, 0.08180390796034537)	(68, 0.08358466048469163)	(70, 0.08522879442912773)	(72, 0.0874500240990464)	(74, 0.08897638340562891)	(76, 0.09011644190005164)	(78, 0.09125885588723145)	(80, 0.09242482480198197)	(82, 0.09354368386159105)	(84, 0.09456832321091727)	(86, 0.09554349721234498)	(88, 0.09654222614134342)	(90, 0.0975103336644999)	(92, 0.0985467504776115)	(94, 0.0994630371601124)	(96, 0.10040994524845526)	(98, 0.1012908995396001)	(100, 0.10207763412046207)	(102, 0.10292090052749375)	(104, 0.10370292412284159)	(106, 0.10448494771818942)	(108, 0.10525519384975188)	(110, 0.10605135040164212)	(112, 0.10678155315633439)	(114, 0.10747406802691348)	(116, 0.10816893839024966)	(118, 0.10888736368115653)	(120, 0.10961049995757757)	(122, 0.11019701765408844)	(124, 0.11079060182887053)	(126, 0.11141245191673747)	(128, 0.11199661412049128)	(130, 0.11253366646910364)	(132, 0.11314373909318523)	(134, 0.11362897060114202)	(136, 0.11407651422498565)	(138, 0.11454054629812878)
GW_P1_R2 - polya	(1, 0.002341359800529336)	(2, 0.00614783609595731)	(3, 0.008394976186203775)	(4, 0.010604428392337092)	(5, 0.013671279962044532)	(6, 0.016672177734553963)	(7, 0.019390416376214782)	(8, 0.024322818209523058)	(9, 0.03203470149617602)	(10, 0.03876198881037299)	(12, 0.04381452077429193)	(14, 0.049646720840801614)	(16, 0.05574509158886042)	(18, 0.06370665710776299)	(20, 0.07097570775608647)	(22, 0.07838373247707717)	(24, 0.08479538376182652)	(26, 0.09344710865855112)	(28, 0.10139454122091125)	(30, 0.10953747968210835)	(32, 0.11722816353394766)	(34, 0.1234066210357469)	(36, 0.13029879284293888)	(38, 0.13783636966556856)	(40, 0.14535510254614165)	(42, 0.15233442758534527)	(44, 0.15865185915981175)	(46, 0.16710101167942817)	(48, 0.17356919479034724)	(50, 0.17895620672577037)	(52, 0.18521475098131007)	(54, 0.19066771671393118)	(56, 0.19607121709865383)	(58, 0.2013875642513648)	(60, 0.20605615089588103)	(62, 0.210550431076374)	(64, 0.21548283290968226)	(66, 0.22028803813410866)	(68, 0.2253075931994286)	(70, 0.2301033764528267)	(72, 0.2345010814302797)	(74, 0.23821804900093896)	(76, 0.24195621600641185)	(78, 0.24539523543173664)	(80, 0.2489496740021579)	(82, 0.25268077452935955)	(84, 0.2567204446077377)	(86, 0.2600040015110957)	(88, 0.26342417699436393)	(90, 0.2667383553035639)	(92, 0.2700596000910351)	(94, 0.2734821310670603)	(96, 0.27679395388350325)	(98, 0.2802259068305568)	(100, 0.2836413713283109)	(102, 0.2868401304924143)	(104, 0.29017315274367095)	(106, 0.29331302458884756)	(108, 0.2968344862606699)	(110, 0.30047372257034577)	(112, 0.30372901356061893)	(114, 0.30679822062308343)	(116, 0.3096954767142817)	(118, 0.31263513167510726)	(120, 0.3160364632163189)	(122, 0.31907740436569854)	(124, 0.3221842993122762)	(126, 0.325295905244368)	(128, 0.3282661816110355)	(130, 0.3315874263985067)	(132, 0.33455063628690296)	(134, 0.3370757245224839)	(136, 0.3393888184099284)	(138, 0.34168777934083044)
GW_P1_R2 - polyg	(1, 0.3022050097467935)	(2, 0.3137846121405583)	(3, 0.3170116372177466)	(4, 0.3188065226986353)	(5, 0.3211243275715939)	(6, 0.3237954563581133)	(7, 0.32675866624650957)	(8, 0.3301034659615515)	(9, 0.33409367069203105)	(10, 0.338489020176727)	(12, 0.3430492541544179)	(14, 0.3468298200295181)	(16, 0.3502759059331141)	(18, 0.35347466509721753)	(20, 0.35625650204331927)	(22, 0.3588687435109119)	(24, 0.36129254555793877)	(26, 0.36358444001056955)	(28, 0.3658433575646014)	(30, 0.36805752075624887)	(32, 0.3699890248170477)	(34, 0.3720736359070562)	(36, 0.3740074954606121)	(38, 0.3757694040429018)	(40, 0.3774370929149086)	(42, 0.37926731078715337)	(44, 0.38089024529677584)	(46, 0.3824142491106013)	(48, 0.3838982095475565)	(50, 0.3852361294335732)	(52, 0.38653636143547687)	(54, 0.3878012610460244)	(56, 0.3889530970042325)	(58, 0.3900484011362708)	(60, 0.39106361851456883)	(62, 0.3920387925159965)	(64, 0.3929951225753676)	(66, 0.3939608746057671)	(68, 0.3948135629838271)	(70, 0.3955484767240334)	(72, 0.39621272568152766)	(74, 0.3968722636535078)	(76, 0.3974517148717474)	(78, 0.3979699232783032)	(80, 0.3984268888731751)	(82, 0.39888149897529)	(84, 0.39929371020777754)	(86, 0.3997271208750788)	(88, 0.4001581760496229)	(90, 0.40059394220968114)	(92, 0.4009449106304849)	(94, 0.40142072016741337)	(96, 0.4018305759071439)	(98, 0.40217918883519044)	(100, 0.4025042468356663)	(102, 0.4028717037057695)	(104, 0.4031755622714318)	(106, 0.4035194642139643)	(108, 0.4038680771420109)	(110, 0.40418135767870145)	(112, 0.40450641567917733)	(114, 0.40477258636072644)	(116, 0.40512591027428724)	(118, 0.40541563588340707)	(120, 0.40572184994182636)	(122, 0.40601157555094625)	(124, 0.4062730352469812)	(126, 0.4065556943778298)	(128, 0.40689488533484813)	(130, 0.4071822554512109)	(132, 0.4074837585241161)	(134, 0.4077499292056652)	(136, 0.4080490767858133)	(138, 0.4083081809890912)
GW_P2_R1 - polya	(1, 0.00209160770672645)	(2, 0.005860270241368703)	(3, 0.00855015312546961)	(4, 0.01122590352506561)	(5, 0.014466953304857947)	(6, 0.01713328204811734)	(7, 0.019686550915337466)	(8, 0.024816642790619233)	(9, 0.032971086349951405)	(10, 0.04030349039391474)	(12, 0.04630979630850083)	(14, 0.05283900414976853)	(16, 0.05979218652618349)	(18, 0.06789010014749602)	(20, 0.07551222012380998)	(22, 0.08327566494517302)	(24, 0.089684746668149)	(26, 0.09880491000198326)	(28, 0.10691460069371655)	(30, 0.11573798185294773)	(32, 0.12357915533908775)	(34, 0.1300824536254298)	(36, 0.13772812774258525)	(38, 0.14593439041176876)	(40, 0.15384151549226505)	(42, 0.16104908258976836)	(44, 0.16710249678603747)	(46, 0.1766395684127665)	(48, 0.1833289444117565)	(50, 0.1890549560503286)	(52, 0.19552763395357667)	(54, 0.20107227870766908)	(56, 0.20631307504490598)	(58, 0.21154680513989038)	(60, 0.21621759126876264)	(62, 0.22086717867087752)	(64, 0.225526187729329)	(66, 0.23022994965537935)	(68, 0.23531057783489395)	(70, 0.24005673721445903)	(72, 0.24441896409830743)	(74, 0.248114608796341)	(76, 0.2520693490436312)	(78, 0.2557555720853282)	(80, 0.2595784091439059)	(82, 0.2634012462024836)	(84, 0.2675656183032633)	(86, 0.27147089485478637)	(88, 0.27513120834155763)	(90, 0.2785206492086515)	(92, 0.28204670409262617)	(94, 0.28577768000192205)	(96, 0.28914592214225854)	(98, 0.29292165091915323)	(100, 0.2963158026144154)	(102, 0.2996416473012372)	(104, 0.3031582805288753)	(106, 0.3064464385903506)	(108, 0.31004786672501816)	(110, 0.3137293789385468)	(112, 0.31709997649296745)	(114, 0.32013610524743863)	(116, 0.3231486798610682)	(118, 0.3260199296296488)	(120, 0.32939994884040613)	(122, 0.33259624575259955)	(124, 0.33598097579152514)	(126, 0.3391819835318869)	(128, 0.3422981963652192)	(130, 0.34586664870270856)	(132, 0.3486672360487646)	(134, 0.35168687690464673)	(136, 0.3544898196647869)	(138, 0.35737755733195653)
GW_P2_R1 - polyg	(1, 0.0)	(2, 0.0)	(3, 0.02747354987754202)	(4, 0.03451623798915473)	(5, 0.038760694168795566)	(6, 0.04109726494027376)	(7, 0.04330193252303948)	(8, 0.04520981793120212)	(9, 0.04736266640411651)	(10, 0.04924228684326933)	(12, 0.05107950982890743)	(14, 0.0523655659188541)	(16, 0.05355740544543471)	(18, 0.05452783604810509)	(20, 0.0554582246113449)	(22, 0.05631323992389186)	(24, 0.057205941861785244)	(26, 0.058110420870099384)	(28, 0.05910676102769543)	(30, 0.060270335585266226)	(32, 0.06170242734843028)	(34, 0.06315336242426754)	(36, 0.06470558030572332)	(38, 0.06619655742099116)	(40, 0.06785476893623375)	(42, 0.0694423180289518)	(44, 0.07110759578644685)	(46, 0.07571243032096285)	(48, 0.08001106102453917)	(50, 0.08160096553134137)	(52, 0.0831602496550496)	(54, 0.08472188919284199)	(56, 0.08619166758135247)	(58, 0.0876732230402837)	(60, 0.08915477849921494)	(62, 0.09065282185673523)	(64, 0.09229219005930461)	(66, 0.0946146283462779)	(68, 0.09716554179941388)	(70, 0.09938198645260035)	(72, 0.10214488717330995)	(74, 0.10446732546028324)	(76, 0.10597007964597184)	(78, 0.10743043637814571)	(80, 0.10873769119484974)	(82, 0.11000254855803905)	(84, 0.11121794222546118)	(86, 0.11248515500273464)	(88, 0.11375472319409224)	(90, 0.1149347856502521)	(92, 0.11606067358247647)	(94, 0.11716536278794348)	(96, 0.11820881122722256)	(98, 0.11918630807214539)	(100, 0.12011905204946935)	(102, 0.12113188010565445)	(104, 0.12205755784072596)	(106, 0.12304683175606955)	(108, 0.12391362413903727)	(110, 0.12484165728819291)	(112, 0.12567311845989837)	(114, 0.1264951579752672)	(116, 0.1272371134117749)	(118, 0.12791311725392635)	(120, 0.12859147651016195)	(122, 0.12928396825090246)	(124, 0.1300282791014943)	(126, 0.13083618613235826)	(128, 0.1315216116308463)	(130, 0.13214579636314644)	(132, 0.1327817581658673)	(134, 0.1333635454446527)	(136, 0.1339359110671015)	(138, 0.13454360790081255)
GW_P2_R2 - polya	(1, 0.0023648357404880134)	(2, 0.006972025689088167)	(3, 0.009341572257744483)	(4, 0.011772359592588736)	(5, 0.015182999186439975)	(6, 0.018183796729648868)	(7, 0.021255256695382304)	(8, 0.02608385556789269)	(9, 0.03465285200603551)	(10, 0.04198996687816715)	(12, 0.04757936449985844)	(14, 0.05380472392427061)	(16, 0.060388106289473796)	(18, 0.06853783902063766)	(20, 0.0762141335208871)	(22, 0.08391398216197805)	(24, 0.0902571122905978)	(26, 0.09907813803574482)	(28, 0.10689104655287504)	(30, 0.11526689903611745)	(32, 0.1233930776264398)	(34, 0.1298940204986977)	(36, 0.1375561825144422)	(38, 0.14586137257516008)	(40, 0.15385564797676995)	(42, 0.1611644978798918)	(44, 0.16762068788455078)	(46, 0.17661601427192503)	(48, 0.1834796909131422)	(50, 0.18925516624748145)	(52, 0.19570664542397218)	(54, 0.20142323540620766)	(56, 0.20684304321384003)	(58, 0.2122440077087992)	(60, 0.21738587665450174)	(62, 0.22233460164530383)	(64, 0.22721501962766555)	(66, 0.2318858057565378)	(68, 0.23722552948530906)	(70, 0.24248987996338744)	(72, 0.24672255907260754)	(74, 0.2505783719283634)	(76, 0.2544176968855302)	(78, 0.2580167696061135)	(80, 0.26166295060837985)	(82, 0.26542219148668555)	(84, 0.26957243110296036)	(86, 0.27320212420663764)	(88, 0.2771191778285814)	(90, 0.2804850645548338)	(92, 0.28395223408670467)	(94, 0.28757015011996123)	(96, 0.2910231871673272)	(98, 0.29475180766253883)	(100, 0.2983650128676271)	(102, 0.30190284482202256)	(104, 0.30524988823560173)	(106, 0.3086181303759382)	(108, 0.3122148476824374)	(110, 0.3158092095748525)	(112, 0.31957787210949473)	(114, 0.3224726760189168)	(116, 0.325214378012869)	(118, 0.32819868765748883)	(120, 0.3316682126034439)	(122, 0.33488335282831055)	(124, 0.33819977585879574)	(126, 0.34137016321606356)	(128, 0.34427674419590637)	(130, 0.34763320926582214)	(132, 0.3507918195526692)	(134, 0.3536253826959033)	(136, 0.3562563802279004)	(138, 0.35902163636269424)
GW_P2_R2 - polyg	(1, 0.2975170637973326)	(2, 0.3091104119195259)	(3, 0.31194633047684417)	(4, 0.31328420567664217)	(5, 0.31531457261718066)	(6, 0.31825884022236994)	(7, 0.3212502161092422)	(8, 0.32430754359047076)	(9, 0.32897126347709055)	(10, 0.33382577190452656)	(12, 0.339167851047382)	(14, 0.3437514868551406)	(16, 0.34762143219540137)	(18, 0.3513100106511825)	(20, 0.3547630476985485)	(22, 0.3580135191346774)	(24, 0.3610190275060546)	(26, 0.3638808556182985)	(28, 0.366516563978464)	(30, 0.36920409144848076)	(32, 0.37193166095792807)	(34, 0.37459798970118746)	(36, 0.3771371260839027)	(38, 0.3796079554581775)	(40, 0.38203874279302175)	(42, 0.38425283203212407)	(44, 0.38636092763743957)	(46, 0.3884454691019136)	(48, 0.390395751963591)	(50, 0.392185866667546)	(52, 0.39392887308981805)	(54, 0.395608283331818)	(56, 0.3971581457991896)	(58, 0.39857374966376463)	(60, 0.4000482388804434)	(62, 0.40142851153375614)	(64, 0.40253555615330733)	(66, 0.4036779319841207)	(68, 0.4047449345642413)	(70, 0.405642347330303)	(72, 0.4063654594541375)	(74, 0.40710977030472933)	(76, 0.4078187499440589)	(78, 0.40852537416930434)	(80, 0.4091495589016044)	(82, 0.40978080987615706)	(84, 0.4103696633971949)	(86, 0.41086430035486665)	(88, 0.41134009399986526)	(90, 0.4118677067547152)	(92, 0.4123741207828078)	(94, 0.4128122278024599)	(96, 0.41328802144745846)	(98, 0.4137708813347095)	(100, 0.41419721128394094)	(102, 0.4145623004669844)	(104, 0.4149509437908694)	(106, 0.4152618584499774)	(108, 0.4155774839372537)	(110, 0.4158978202526983)	(112, 0.41620166866955377)	(114, 0.4165667578525972)	(116, 0.416889449582126)	(118, 0.4172262737961596)	(120, 0.41755132093977254)	(122, 0.41785752477071225)	(124, 0.4181048432495481)	(126, 0.418460510776255)	(128, 0.4187455158804373)	(130, 0.41903758722687207)	(132, 0.4193367248155593)	(134, 0.4196028866070684)	(136, 0.41983607260139943)	(138, 0.42011636687741344)
GW_P3_R1 - polya	(1, 0.0018333667026847915)	(2, 0.0055104874548117955)	(3, 0.007743767007657293)	(4, 0.009816042685762765)	(5, 0.012677756717432227)	(6, 0.015144751572319695)	(7, 0.017435161532331007)	(8, 0.02236915124210594)	(9, 0.030279115797881968)	(10, 0.03701790700675879)	(12, 0.042419327320617664)	(14, 0.048872466493665404)	(16, 0.055743696373699345)	(18, 0.06405876745301478)	(20, 0.07182590599087628)	(22, 0.07970211166969068)	(24, 0.0860981204355726)	(26, 0.0949793019131675)	(28, 0.10296457473293483)	(30, 0.11084078041174923)	(32, 0.1180521958980887)	(34, 0.12450014139775772)	(36, 0.1320880982040537)	(38, 0.13975396011103036)	(40, 0.1474068378345602)	(42, 0.15479483821577583)	(44, 0.16112332922773454)	(46, 0.16978118275004486)	(48, 0.17627846814681164)	(50, 0.18172663152107893)	(52, 0.18776167998714047)	(54, 0.19333189468580741)	(56, 0.19849700286093497)	(58, 0.20349331665125445)	(60, 0.20818839738560868)	(62, 0.21267832802150388)	(64, 0.21750584742701526)	(66, 0.2218763235752001)	(68, 0.22692717093599601)	(70, 0.23148981299919316)	(72, 0.23564475170216154)	(74, 0.23945171428875628)	(76, 0.24320154646818526)	(78, 0.24660599936792993)	(80, 0.2501065352251808)	(82, 0.253887529444882)	(84, 0.2580294839644036)	(86, 0.2615274229849651)	(88, 0.2653967096521044)	(90, 0.2690582493840953)	(92, 0.2726003346283758)	(94, 0.2763605541545622)	(96, 0.2796896987903156)	(98, 0.28337461005251063)	(100, 0.28693487315361665)	(102, 0.29030556717639977)	(104, 0.2936295181387744)	(106, 0.2969249038975662)	(108, 0.3003709061843406)	(110, 0.3037467938805024)	(112, 0.30726810443126806)	(114, 0.31032198437794983)	(116, 0.31304606606508345)	(118, 0.31623238468292236)	(120, 0.3195459482985396)	(122, 0.3225660693682597)	(124, 0.32562514298832024)	(126, 0.3285310032437087)	(128, 0.3315848831903905)	(130, 0.3350438696606116)	(132, 0.3380354255267488)	(134, 0.341019190882818)	(136, 0.34383416185407906)	(138, 0.34645696691032785)
GW_P3_R1 - polyg	(1, 0.0)	(2, 0.0)	(3, 0.02837823134127394)	(4, 0.03601293120797831)	(5, 0.04014190154405313)	(6, 0.04272835088665094)	(7, 0.044852563298543514)	(8, 0.0466859300012283)	(9, 0.048742624659197646)	(10, 0.05051626411802726)	(12, 0.05220680480279752)	(14, 0.05353898202443675)	(16, 0.054689380677821114)	(18, 0.05567617861977611)	(20, 0.056494182176923)	(22, 0.057314782570759254)	(24, 0.058109414597701955)	(26, 0.05900532325552951)	(28, 0.05997654017734837)	(30, 0.06097891913943948)	(32, 0.06210594626261966)	(34, 0.06327192593614014)	(36, 0.06445608346648614)	(38, 0.06568698405724052)	(40, 0.066969821381782)	(42, 0.06816955993226412)	(44, 0.06943162256329075)	(46, 0.07106762967758455)	(48, 0.07284905964648222)	(50, 0.07414488115447049)	(52, 0.07533682919488455)	(54, 0.07665602223307699)	(56, 0.07786095445693783)	(58, 0.07914898545485802)	(60, 0.0805019373700121)	(62, 0.08183151775496197)	(64, 0.08328055262762218)	(66, 0.08550863850708898)	(68, 0.08748223439099895)	(70, 0.09010244261055837)	(72, 0.09460276059321099)	(74, 0.09719180677249815)	(76, 0.09839933583304833)	(78, 0.0995497344864327)	(80, 0.10065598691609803)	(82, 0.10168693108177204)	(84, 0.10271527841075673)	(86, 0.10382153084042205)	(88, 0.10490960541326189)	(90, 0.10584446662142977)	(92, 0.10674816578932539)	(94, 0.10778690046506748)	(96, 0.10880226361060538)	(98, 0.10958650829079067)	(100, 0.1105057884788224)	(102, 0.11148998958408804)	(104, 0.1122404753873117)	(106, 0.11308704414804151)	(108, 0.1138011742376142)	(110, 0.11454127269408043)	(112, 0.11528137115054668)	(114, 0.11597732338329386)	(116, 0.11660316102542849)	(118, 0.11714589989350373)	(120, 0.11780809324928931)	(122, 0.11842614038135585)	(124, 0.11900523496308207)	(126, 0.11950642444412762)	(128, 0.12010629371936869)	(130, 0.12060748320041426)	(132, 0.12116060941524692)	(134, 0.12165920205960312)	(136, 0.12213961684713384)	(138, 0.12263041898142196)
GW_P3_R2 - polya	(1, 0.0021190187385138667)	(2, 0.005853269897806686)	(3, 0.007909964555776026)	(4, 0.010143244108621524)	(5, 0.013134799974758747)	(6, 0.015606988503024926)	(7, 0.018209018865758864)	(8, 0.023537727752315794)	(9, 0.03125552639307953)	(10, 0.038142337293249604)	(12, 0.04345806199635975)	(14, 0.04946973893221711)	(16, 0.05634096881225104)	(18, 0.06440934040607774)	(20, 0.07163633691255333)	(22, 0.07932557034973417)	(24, 0.08571119176885869)	(26, 0.09426517182359481)	(28, 0.10204789138159243)	(30, 0.11048241694861821)	(32, 0.1180054528376803)	(34, 0.12459362751857453)	(36, 0.13194786902282854)	(38, 0.13976434745778776)	(40, 0.14748733977193024)	(42, 0.1548260002560481)	(44, 0.1611934438183471)	(46, 0.16944099714373934)	(48, 0.17559550009751124)	(50, 0.18102548561495302)	(52, 0.18722153795575458)	(54, 0.19251389112866052)	(56, 0.1974348966549887)	(58, 0.2027713960516137)	(60, 0.2073522159716363)	(62, 0.21183695293415278)	(64, 0.21656579254546865)	(66, 0.22114401562880193)	(68, 0.2261169578889172)	(70, 0.23095226780449662)	(72, 0.23490984691907402)	(74, 0.2387142126689794)	(76, 0.2426406297432845)	(78, 0.2460295016228931)	(80, 0.24962871727433944)	(82, 0.25331622537322385)	(84, 0.25748934193301776)	(86, 0.26100286197371536)	(88, 0.2648617612940972)	(90, 0.26829218256073545)	(92, 0.2717381848475099)	(94, 0.27525949539827554)	(96, 0.27906905482155964)	(98, 0.2827331913902399)	(100, 0.2860727233727507)	(102, 0.2895213224962145)	(104, 0.2929231785592698)	(106, 0.2962029832979255)	(108, 0.2996697602782147)	(110, 0.3030975847081636)	(112, 0.3064215356705383)	(114, 0.30935855796619904)	(116, 0.3121683352640814)	(118, 0.31491319164472986)	(120, 0.31797226526479033)	(122, 0.3210417262316082)	(124, 0.3240540567912603)	(126, 0.32701445061712525)	(128, 0.32994627923940734)	(130, 0.33314038836731424)	(132, 0.335916406788235)	(134, 0.3386197137818538)	(136, 0.34085559017138867)	(138, 0.3432290989054593)
GW_P3_R2 - polyg	(1, 0.327970086518808)	(2, 0.33849246878407535)	(3, 0.34195664892767524)	(4, 0.34364978644913485)	(5, 0.34578438620778484)	(6, 0.348885009214875)	(7, 0.3519233081414206)	(8, 0.3551485793095998)	(9, 0.35958397637501854)	(10, 0.36438812425032574)	(12, 0.3694233905909855)	(14, 0.3734588748062435)	(16, 0.37699836321383473)	(18, 0.38045734968405587)	(20, 0.3834644865703292)	(22, 0.3864067025393687)	(24, 0.3889879582085878)	(26, 0.39152506765408784)	(28, 0.3938414459809927)	(30, 0.3960357729834979)	(32, 0.39825347151620727)	(34, 0.40048675106905274)	(36, 0.40262135082770273)	(38, 0.40444952385700883)	(40, 0.406285487396383)	(42, 0.40796823757108513)	(44, 0.40963021305227254)	(46, 0.4112558328198089)	(48, 0.41271006136584776)	(50, 0.41414611205506124)	(52, 0.4154263525429134)	(54, 0.4166546562969784)	(56, 0.41782842648056695)	(58, 0.418859370646241)	(60, 0.4199422515457021)	(62, 0.4209238558142784)	(64, 0.421900266409476)	(66, 0.42269489843641866)	(68, 0.4234973209734294)	(70, 0.4242426131032744)	(72, 0.42491259696912803)	(74, 0.425621533385322)	(76, 0.426177256436844)	(78, 0.42670701112147247)	(80, 0.42718223223562446)	(82, 0.4276340818195723)	(84, 0.4280937219135882)	(86, 0.42852219996733176)	(88, 0.42894288751100734)	(90, 0.42930904148420646)	(92, 0.42971674484443523)	(94, 0.430088092491013)	(96, 0.43045424646421204)	(98, 0.4307892383971389)	(100, 0.4311579892070273)	(102, 0.4314851906298861)	(104, 0.43174487429882163)	(106, 0.4320123484778252)	(108, 0.43227982265682885)	(110, 0.4325550873459004)	(112, 0.4329056602989634)	(114, 0.43319650600817117)	(116, 0.43343022131021314)	(118, 0.4336639366122551)	(120, 0.43390803926105453)	(122, 0.43423264384722393)	(124, 0.434481940169402)	(126, 0.43473902700164824)	(128, 0.43500130750727306)	(130, 0.43524281331938314)	(132, 0.43550249698831867)	(134, 0.43575179331049674)	(136, 0.43598291177584936)	(138, 0.4362088365678233)
SFZ_Mock1_R1 - polya	(1, 0.0020111009179418753)	(2, 0.005211803941362761)	(3, 0.007011918825502699)	(4, 0.00896017283975889)	(5, 0.011505472439029076)	(6, 0.013637778099793342)	(7, 0.015568075855853623)	(8, 0.020348929600514553)	(9, 0.026988256068452128)	(10, 0.03394855065164158)	(12, 0.03908404049567173)	(14, 0.04607126946615506)	(16, 0.054299724784430625)	(18, 0.06279527944337036)	(20, 0.07010347652910556)	(22, 0.0778448683438171)	(24, 0.08417220482560074)	(26, 0.09151631442772776)	(28, 0.09838009412311421)	(30, 0.10551546222371379)	(32, 0.11214132149800443)	(34, 0.11889287457966644)	(36, 0.1263110537468516)	(38, 0.13330726084643285)	(40, 0.14108905424208518)	(42, 0.14907958913926495)	(44, 0.15602866106108199)	(46, 0.1645466610427666)	(48, 0.17180323388618857)	(50, 0.1775918826220949)	(52, 0.18353091502039204)	(54, 0.1895170825964534)	(56, 0.19519126018636082)	(58, 0.2007734119530142)	(60, 0.20592910258751476)	(62, 0.21101296818923165)	(64, 0.2161103009845955)	(66, 0.22082830782557075)	(68, 0.22576852336172037)	(70, 0.23081647644704545)	(72, 0.23542450120657077)	(74, 0.23975420396405947)	(76, 0.24433080527174192)	(78, 0.2486133728514664)	(80, 0.25312712725546316)	(82, 0.2573109354151101)	(84, 0.26146556465518866)	(86, 0.26553490166883664)	(88, 0.2699050060072662)	(90, 0.27437611429804765)	(92, 0.2793499978183146)	(94, 0.2833766887187473)	(96, 0.2873270655218475)	(98, 0.2915669869883566)	(100, 0.2957014154379648)	(102, 0.29952609843369354)	(104, 0.30315326258926734)	(106, 0.30717321989287655)	(108, 0.3113570280525235)	(110, 0.31522211262919303)	(112, 0.31871236031602296)	(114, 0.32216220642191207)	(116, 0.32533373052576464)	(118, 0.3287499086475364)	(120, 0.33213915238201436)	(122, 0.33550819532602194)	(124, 0.33869992022034484)	(126, 0.34185797713055044)	(128, 0.345020523105305)	(130, 0.34839629964613605)	(132, 0.3517114738155558)	(134, 0.35514785272779803)	(136, 0.3584338479776495)	(138, 0.36132031648264196)
SFZ_Mock1_R2 - polya	(1, 0.0024420511146437058)	(2, 0.0061634856257459705)	(3, 0.008044403671767501)	(4, 0.0100510155251604)	(5, 0.012255146218708303)	(6, 0.014463765976805184)	(7, 0.016744210767685702)	(8, 0.021385903511328335)	(9, 0.027719973589935446)	(10, 0.03467802364085042)	(12, 0.03992349556633051)	(14, 0.04654711030834666)	(16, 0.05462293743195701)	(18, 0.06281772476611525)	(20, 0.06980270920432408)	(22, 0.07726353448472453)	(24, 0.08368065225748772)	(26, 0.09141755500765027)	(28, 0.09862699267330796)	(30, 0.10583418580669118)	(32, 0.11246004508098183)	(34, 0.11883676127280422)	(36, 0.12620556072995062)	(38, 0.13296833647298506)	(40, 0.14049649772162018)	(42, 0.14813015198715623)	(44, 0.15452706896944904)	(46, 0.16274654615862666)	(48, 0.16967766182224775)	(50, 0.17580299039932742)	(52, 0.1820674799774254)	(54, 0.1882287210708969)	(56, 0.19425529022789903)	(58, 0.19974317163902391)	(60, 0.20511658190414986)	(62, 0.21051692655656967)	(64, 0.21589931495079356)	(66, 0.2207991289060024)	(68, 0.22562262876387862)	(70, 0.23056733336457721)	(72, 0.23521127064049435)	(74, 0.2395095499461402)	(76, 0.24432407167491846)	(78, 0.24871213227154387)	(80, 0.2530193897062877)	(82, 0.2570864821876612)	(84, 0.2613174255250724)	(86, 0.2654608321037786)	(88, 0.26953690271425)	(90, 0.27374540072891634)	(92, 0.27834220282706923)	(94, 0.28231951401746314)	(96, 0.28622500017507346)	(98, 0.29040431927017146)	(100, 0.29434347341189915)	(102, 0.29816142281080443)	(104, 0.301815521353672)	(106, 0.30590281462551594)	(108, 0.31009111184971183)	(110, 0.3139584409586559)	(112, 0.31757887151740616)	(114, 0.3212082802052544)	(116, 0.3245099871810273)	(118, 0.32777353710813384)	(120, 0.3309809737283782)	(122, 0.3342804361718766)	(124, 0.3374990954534934)	(126, 0.34082100321973663)	(128, 0.343918457758531)	(130, 0.3471662959597162)	(132, 0.3503400645958432)	(134, 0.353852757605418)	(136, 0.35681778474001763)	(138, 0.36004093308618335)
SFZ_Mock1_R2 - polyg	(1, 0.3279979903355827)	(2, 0.33891090625414677)	(3, 0.3428927065090897)	(4, 0.34471077765142555)	(5, 0.3469373536677184)	(6, 0.3496173252034579)	(7, 0.3524544139984116)	(8, 0.3553319043743061)	(9, 0.35897702478807575)	(10, 0.363001471156234)	(12, 0.36729750592960536)	(14, 0.3704645409689089)	(16, 0.3733442758770779)	(18, 0.37594119971866136)	(20, 0.3781408413476603)	(22, 0.38015867586242563)	(24, 0.38192063369789925)	(26, 0.3837364603079606)	(28, 0.3853615016746904)	(30, 0.38697980944459676)	(32, 0.3884409999552889)	(34, 0.3899515701760198)	(36, 0.39134093565392836)	(38, 0.39260460732446545)	(40, 0.3938525672690812)	(42, 0.39502421311636426)	(44, 0.3961823917700004)	(46, 0.39716998597077546)	(48, 0.3982810294466474)	(50, 0.3992349556633051)	(52, 0.40013276857310054)	(54, 0.40090713220779917)	(56, 0.4016141598742631)	(58, 0.4024401477512749)	(60, 0.40317859886958174)	(62, 0.4037352428736549)	(64, 0.40433004392639443)	(66, 0.4049046441886635)	(68, 0.40544108740226636)	(70, 0.40595957435767327)	(72, 0.40636134563480675)	(74, 0.4067653614442147)	(76, 0.40714468739860327)	(78, 0.407497078965698)	(80, 0.4078180470809498)	(82, 0.4082063511644364)	(84, 0.40859016618337396)	(86, 0.4088235975399208)	(88, 0.4091355875260747)	(90, 0.4094430884476797)	(92, 0.4096989651269714)	(94, 0.40994137461261615)	(96, 0.4102398974051232)	(98, 0.4104912850198659)	(100, 0.410675336666374)	(102, 0.4108706109742545)	(104, 0.41104119542711565)	(106, 0.4112836049127604)	(108, 0.4114339885751511)	(110, 0.4116494636735021)	(112, 0.4118828950300489)	(114, 0.41208714746702735)	(116, 0.412268954581261)	(118, 0.4124440280986711)	(120, 0.41262134614835566)	(122, 0.4128143759239617)	(124, 0.41300740569956773)	(126, 0.41320043547517377)	(128, 0.4133642863312115)	(130, 0.4136066958168562)	(132, 0.4137885029310898)	(134, 0.4139343975289316)	(136, 0.4141027374495182)	(138, 0.4142935226928498)
SFZ_Mock2_R1 - polya	(1, 0.002015881751147756)	(2, 0.0055246781472696824)	(3, 0.00742881479026069)	(4, 0.009498334193323686)	(5, 0.012122109332844157)	(6, 0.014245266387822393)	(7, 0.01640418187741079)	(8, 0.021303087419002675)	(9, 0.027525055041170473)	(10, 0.03471250039781258)	(12, 0.040366802870544095)	(14, 0.046919536012855874)	(16, 0.054681351225423676)	(18, 0.06294378452253371)	(20, 0.07002171967318221)	(22, 0.07750864191968442)	(24, 0.08404126094252798)	(26, 0.09193940518704702)	(28, 0.09902404504418491)	(30, 0.10589860409798812)	(32, 0.11250720979437827)	(34, 0.11892808370906509)	(36, 0.12601048866403985)	(38, 0.13315100107525613)	(40, 0.14103350100463322)	(42, 0.14865451738092353)	(44, 0.15544191525036447)	(46, 0.1641714430995697)	(48, 0.17102141822957845)	(50, 0.17714281525440517)	(52, 0.18347205818040346)	(54, 0.189640388150656)	(56, 0.1955248855461904)	(58, 0.20100933545452368)	(60, 0.20650049006934634)	(62, 0.21162288582725172)	(64, 0.21685479179115072)	(66, 0.22134918004121518)	(68, 0.22617656871358674)	(70, 0.23119392406982478)	(72, 0.235668198200421)	(74, 0.2401022440920808)	(76, 0.24465697470054992)	(78, 0.24878707389802338)	(80, 0.25291270329117055)	(82, 0.25684613109828813)	(84, 0.26096729068710905)	(86, 0.265155497340824)	(88, 0.2692364286907085)	(90, 0.2733464137687137)	(92, 0.2780799365502336)	(94, 0.2825095126375672)	(96, 0.2862552086629814)	(98, 0.2904300059037176)	(100, 0.29432767527622494)	(102, 0.29818288150763284)	(104, 0.3020023293044305)	(106, 0.3060251531980735)	(108, 0.31003903748306394)	(110, 0.3135724178029803)	(112, 0.31700522752555566)	(114, 0.3202212517383069)	(116, 0.3233232959407383)	(118, 0.32659519270756787)	(120, 0.32984697535492924)	(122, 0.33320156350179486)	(124, 0.3365717959638025)	(126, 0.3398772162630791)	(128, 0.3431468781277456)	(130, 0.3464187748945752)	(132, 0.34982700069335604)	(134, 0.3533313272851517)	(136, 0.35651829776978217)	(138, 0.3595108317662199)
SFZ_Mock2_R1 - polyg	(1, 0.0)	(2, 0.0)	(3, 0.02087845600800703)	(4, 0.02626010041683607)	(5, 0.029670561117780058)	(6, 0.031565758152118525)	(7, 0.033291102622058734)	(8, 0.034716970202138854)	(9, 0.03638867702016382)	(10, 0.03783912852403842)	(12, 0.039146546289472395)	(14, 0.04020812481696151)	(16, 0.04112219980168372)	(18, 0.04191335516743351)	(20, 0.042583825816374)	(22, 0.04331687372588228)	(24, 0.04392476711425499)	(26, 0.044601942469684894)	(28, 0.04534839979217198)	(30, 0.04614625986441117)	(32, 0.04698434817558679)	(34, 0.04800346356197634)	(36, 0.04902034404620276)	(38, 0.049883016281172865)	(40, 0.0508373195048315)	(42, 0.05183185096742657)	(44, 0.0528621408646318)	(46, 0.05399970606566751)	(48, 0.05519314382078158)	(50, 0.05616309135958217)	(52, 0.05708834085512006)	(54, 0.058056053491757506)	(56, 0.058999182204600466)	(58, 0.059846210124428624)	(60, 0.06074464079400889)	(62, 0.06176152127823531)	(64, 0.06299742217444895)	(66, 0.06440764543938712)	(68, 0.065779875367552)	(70, 0.06867183876664867)	(72, 0.07834002552437062)	(74, 0.08415077114852158)	(76, 0.08525257791494713)	(78, 0.08612195485640664)	(80, 0.08715894946010128)	(82, 0.08804620561886586)	(84, 0.08893346177763045)	(86, 0.08979613401260056)	(88, 0.09056941016104526)	(90, 0.09136056552679504)	(92, 0.09212937187091348)	(94, 0.09286018487825862)	(96, 0.09348148767961015)	(98, 0.09405138773120958)	(100, 0.09470621406500812)	(102, 0.09539232902909056)	(104, 0.09608961850398867)	(106, 0.09672209581615587)	(108, 0.0973813919542807)	(110, 0.09794905710371699)	(112, 0.09852119205747953)	(114, 0.09900616582687984)	(116, 0.09945091135734369)	(118, 0.10004763023490074)	(120, 0.10065105381894718)	(122, 0.10121871896838347)	(124, 0.10171486724859943)	(126, 0.10216855238771583)	(128, 0.10265352615711612)	(130, 0.10316531875247403)	(132, 0.10364805761971119)	(134, 0.1040570447155649)	(136, 0.10451296475684443)	(138, 0.10498229421110278)
SFZ_Mock2_R2 - polya	(1, 0.002641654356825552)	(2, 0.006315833513019467)	(3, 0.008228909764663015)	(4, 0.01042805349318784)	(5, 0.013159103936538791)	(6, 0.015554919055419494)	(7, 0.0179507341743002)	(8, 0.022916686780786136)	(9, 0.0294560105101191)	(10, 0.03615401229303465)	(12, 0.04148872375643786)	(14, 0.04788948355165645)	(16, 0.055624479938266636)	(18, 0.06362766458445301)	(20, 0.07072124405024346)	(22, 0.07819475688376684)	(24, 0.0847005570806528)	(26, 0.09231933855477996)	(28, 0.09927211918429289)	(30, 0.10667188024643283)	(32, 0.11308604945463024)	(34, 0.1199762528235754)	(36, 0.12711006052830226)	(38, 0.1336538540619615)	(40, 0.14098209825488112)	(42, 0.1485003091316672)	(44, 0.15480720303603412)	(46, 0.1632506634083581)	(48, 0.17035765228712735)	(50, 0.17625555909564058)	(52, 0.18234119768585716)	(54, 0.18850282294962029)	(56, 0.1940990179661103)	(58, 0.19946278315763427)	(60, 0.20457400440472395)	(62, 0.2097254538907501)	(64, 0.21511827281039483)	(66, 0.22001270854766047)	(68, 0.22492278860006804)	(70, 0.22999825141254754)	(72, 0.23481446557410346)	(74, 0.23918369930303235)	(76, 0.24394404091050986)	(78, 0.24820376443344516)	(80, 0.2524143201087915)	(82, 0.2564974863608391)	(84, 0.2605180753523189)	(86, 0.2646437047454661)	(88, 0.2690486969090051)	(90, 0.2732838365081459)	(92, 0.2782252051908374)	(94, 0.28240670713806293)	(96, 0.28628873219542844)	(98, 0.29032720040421334)	(100, 0.2944193062649135)	(102, 0.2984130764304357)	(104, 0.30215206774936054)	(106, 0.30608996536080435)	(108, 0.30999657434196437)	(110, 0.31390541822528745)	(112, 0.3175259597295661)	(114, 0.32101240710405665)	(116, 0.3240406995351046)	(118, 0.32738187826899134)	(120, 0.33062919111202654)	(122, 0.33388991336804047)	(124, 0.33694278972288283)	(126, 0.34027055904379083)	(128, 0.34346199933274757)	(130, 0.3467026074692933)	(132, 0.34997226933395986)	(134, 0.3534967100452237)	(136, 0.3565115930632928)	(138, 0.35935885841912674)
SFZ_Mock2_R2 - polyg	(1, 0.42071586240583464)	(2, 0.4338168588861319)	(3, 0.43742846078175807)	(4, 0.4390822883824779)	(5, 0.44124120387206633)	(6, 0.44423597277066723)	(7, 0.44703407027891223)	(8, 0.4499841411342504)	(9, 0.4536717297034231)	(10, 0.4576722045754347)	(12, 0.4620213241848954)	(14, 0.4652641672236043)	(16, 0.4680622647318493)	(18, 0.4706256975129651)	(20, 0.4729142373280153)	(22, 0.4751022065457245)	(24, 0.4771046788838934)	(26, 0.4790333994506789)	(28, 0.4805464282151213)	(30, 0.4820952154141739)	(32, 0.4837266939932624)	(34, 0.4853849913983086)	(36, 0.4867952146632467)	(38, 0.48815180027626964)	(40, 0.489597781975818)	(42, 0.4909856562191248)	(44, 0.4923757653645948)	(46, 0.4935826125326877)	(48, 0.49483862754836955)	(50, 0.49590244097802183)	(52, 0.4969282610709007)	(54, 0.4978624501750912)	(56, 0.4986938337797774)	(58, 0.4995900295471945)	(60, 0.5005264535535481)	(62, 0.5013623069625606)	(64, 0.5020260729050117)	(66, 0.5027278321842361)	(68, 0.503407242441829)	(70, 0.5040039613193861)	(72, 0.5045895056861275)	(74, 0.5050409559230807)	(76, 0.5055192249859917)	(78, 0.5059818497337606)	(80, 0.5064310650685507)	(82, 0.5068400521644043)	(84, 0.5071909318040166)	(86, 0.507561925563097)	(88, 0.5079150401048723)	(90, 0.5083284970050523)	(92, 0.5086391484057281)	(94, 0.5089565045128932)	(96, 0.5091866994356962)	(98, 0.5094772367169037)	(100, 0.5097342504656642)	(102, 0.5100024387252404)	(104, 0.510292976006448)	(106, 0.5105723387768398)	(108, 0.5109031042969838)	(110, 0.511220460404149)	(112, 0.5114975882723777)	(114, 0.5117613067276277)	(116, 0.5120406694980195)	(118, 0.5122507503013543)	(120, 0.512429542474405)	(122, 0.5126351534734135)	(124, 0.5128631134940532)	(126, 0.5131111876341612)	(128, 0.5133346778504746)	(130, 0.5135715774797669)	(132, 0.5137615441636334)	(134, 0.5139358665323579)	(136, 0.51410124929243)	(138, 0.51425098773736)
SFZ_Mock3_R1 - polya	(1, 0.002400607709233479)	(2, 0.006701513659962564)	(3, 0.008711528889997176)	(4, 0.010932200738026684)	(5, 0.013653182053794065)	(6, 0.015952850133571655)	(7, 0.018063804993062156)	(8, 0.023001069477317483)	(9, 0.029821077484902175)	(10, 0.036867102488877215)	(12, 0.042807180248379074)	(14, 0.049747876943356674)	(16, 0.05798103976332378)	(18, 0.06625150635939414)	(20, 0.07344674646778224)	(22, 0.0813419809630492)	(24, 0.08801935688553318)	(26, 0.09572807250028384)	(28, 0.10303522393698172)	(30, 0.11016902253178798)	(32, 0.11690564562808302)	(34, 0.1235040253188189)	(36, 0.13052152390577382)	(38, 0.1372888677588598)	(40, 0.1446574607091395)	(42, 0.1521511310263537)	(44, 0.15849496730367912)	(46, 0.16756417357631345)	(48, 0.17473308160745218)	(50, 0.18090137070311518)	(52, 0.18753047115064198)	(54, 0.19409813008458698)	(56, 0.19991751915669592)	(58, 0.20573690822880486)	(60, 0.2110823199104253)	(62, 0.21612930138321962)	(64, 0.22175339421572915)	(66, 0.2268881492793547)	(68, 0.23172227979438334)	(70, 0.23677584428649)	(72, 0.2416516672571635)	(74, 0.24588893735453995)	(76, 0.2507011244718608)	(78, 0.25482867758069827)	(80, 0.25932049109148525)	(82, 0.263614814022902)	(84, 0.26775553317036416)	(86, 0.27181945042584893)	(88, 0.27617302053107673)	(90, 0.2806055868680526)	(92, 0.2851742022708169)	(94, 0.2892205648081355)	(96, 0.2929948292138773)	(98, 0.29718601817606743)	(100, 0.3011643561804918)	(102, 0.3048332922772362)	(104, 0.3086251114011443)	(106, 0.3126868343168584)	(108, 0.3169065496960686)	(110, 0.3207598103335585)	(112, 0.3247491200368368)	(114, 0.32820520517581553)	(116, 0.33152524124900595)	(118, 0.33477944712907287)	(120, 0.3380731511250139)	(122, 0.3414875438083478)	(124, 0.34472638931001925)	(126, 0.34798937254916934)	(128, 0.3513576840973168)	(130, 0.35474793904317214)	(132, 0.35814477700833985)	(134, 0.36181371310508426)	(136, 0.36504597558744345)	(138, 0.3681707154210343)
SFZ_Mock3_R2 - polya	(1, 0.0029623586905531962)	(2, 0.0073422608730303665)	(3, 0.009483936489311787)	(4, 0.011739717773673778)	(5, 0.014535306641647682)	(6, 0.017150959648417615)	(7, 0.01963495226894074)	(8, 0.024506386560072663)	(9, 0.03124300965636771)	(10, 0.03849969127833765)	(12, 0.043908738813310706)	(14, 0.05071338644249994)	(16, 0.05858228886051754)	(18, 0.06683520073842167)	(20, 0.07414454651489033)	(22, 0.08205294704878197)	(24, 0.08887514939613744)	(26, 0.09682085370613236)	(28, 0.10412361646328867)	(30, 0.11173139244858343)	(32, 0.11830782874161153)	(34, 0.125020314100428)	(36, 0.13208608816234008)	(38, 0.13898728674144362)	(40, 0.14657970234834294)	(42, 0.15387368774641613)	(44, 0.1603184636531974)	(46, 0.16898171706823742)	(48, 0.17586316658940396)	(50, 0.18210825757704427)	(52, 0.18904017691293873)	(54, 0.19559028112871746)	(56, 0.20160716078019664)	(58, 0.2072246705933938)	(60, 0.2123089558422914)	(62, 0.217502958079728)	(64, 0.22298880750667838)	(66, 0.22784488141941484)	(68, 0.23254954588796745)	(70, 0.2375614179244293)	(72, 0.24206639747384096)	(74, 0.24647702041310904)	(76, 0.25143842263484295)	(78, 0.2559653455819624)	(80, 0.2602881949303993)	(82, 0.26446182917442307)	(84, 0.26889658985116976)	(86, 0.2730680297554228)	(88, 0.27727019041646683)	(90, 0.28153818127063424)	(92, 0.2862823438550609)	(94, 0.29034626111054573)	(96, 0.2942521859025343)	(98, 0.29847848430105695)	(100, 0.3025972600508112)	(102, 0.30641979993151025)	(104, 0.3102686718894586)	(106, 0.31427992499044477)	(108, 0.31843600451630233)	(110, 0.322271710435626)	(112, 0.32607888993792955)	(114, 0.32973465999604934)	(116, 0.3328967036057435)	(118, 0.33595341890644026)	(120, 0.33906060402186494)	(122, 0.34253863255855144)	(124, 0.3459135271260113)	(126, 0.3491019028129549)	(128, 0.3521235086773191)	(130, 0.3554501277698218)	(132, 0.35889304687017587)	(134, 0.3623425489898423)	(136, 0.3653882925916851)	(138, 0.3683835663788)
SFZ_Mock3_R2 - polyg	(1, 0.26493141788537006)	(2, 0.2747796147766314)	(3, 0.2776805319536027)	(4, 0.27907174336827734)	(5, 0.2809325434938989)	(6, 0.2832629323304674)	(7, 0.28590930609402826)	(8, 0.2885117930621735)	(9, 0.2920622348112958)	(10, 0.29607787659182344)	(12, 0.300233956117681)	(14, 0.30365493182032727)	(16, 0.3066348452290467)	(18, 0.30949626429014404)	(20, 0.31198025691066716)	(22, 0.31443133443462856)	(24, 0.31662347986563794)	(26, 0.3184930573503426)	(28, 0.3202968046419239)	(30, 0.3222300179799812)	(32, 0.32399646149545924)	(34, 0.3257431559530002)	(36, 0.327511793808249)	(38, 0.32908732976366917)	(40, 0.3306650600588601)	(42, 0.3322076809177185)	(44, 0.3337239696993276)	(46, 0.33504057356179573)	(48, 0.33637912082197163)	(50, 0.33763647751062864)	(52, 0.3387490077744142)	(54, 0.33978034746668084)	(56, 0.3408226588578014)	(58, 0.3417289211831336)	(60, 0.3426615155857151)	(62, 0.3435568062121934)	(64, 0.3442260798422814)	(66, 0.3450094591404499)	(68, 0.34565898371260084)	(70, 0.3462931479063563)	(72, 0.34688561964446696)	(74, 0.34745175930532823)	(76, 0.3479367083946706)	(78, 0.34843482352263766)	(80, 0.34882980468137814)	(82, 0.34918309338447373)	(84, 0.3495649085045895)	(86, 0.3499313632463098)	(88, 0.3502407651539898)	(90, 0.3505633331002944)	(92, 0.35089028972614067)	(94, 0.3512084689929038)	(96, 0.35151787090058384)	(98, 0.35177680299353586)	(100, 0.35204451244557106)	(102, 0.35236049737256336)	(104, 0.3526479558825356)	(106, 0.3529112766550292)	(108, 0.3531416823309611)	(110, 0.3533984200841424)	(112, 0.35366174085663604)	(114, 0.35394042200752507)	(116, 0.3541861880618525)	(118, 0.35442098241732595)	(120, 0.35459872393875913)	(122, 0.35481815791583715)	(124, 0.35503759189291517)	(126, 0.3552636088893055)	(128, 0.3555532617390485)	(130, 0.3557661126968142)	(132, 0.3559306881796227)	(134, 0.3561742598941793)	(136, 0.35636736179400796)	(138, 0.3566614033232925)
SFZ_P1_R1 - polya	(1, 0.002169206592620206)	(2, 0.006002523856086266)	(3, 0.007982319478041091)	(4, 0.01010191843548703)	(5, 0.012866416650198435)	(6, 0.015134838513167175)	(7, 0.017682867047118144)	(8, 0.02280598282511514)	(9, 0.03145575048550091)	(10, 0.040150615996045094)	(12, 0.045929905493847165)	(14, 0.05319967893938515)	(16, 0.061511212723582745)	(18, 0.07002568683349324)	(20, 0.07785918340601153)	(22, 0.08561375874075257)	(24, 0.09256784723518159)	(26, 0.10112065451772675)	(28, 0.10896542555278464)	(30, 0.11613372883546619)	(32, 0.12329526744062394)	(34, 0.12971494641067563)	(36, 0.136917073080976)	(38, 0.14399067087832484)	(40, 0.15153328631732127)	(42, 0.15868580535244736)	(44, 0.16531518932573575)	(46, 0.17312839186568274)	(48, 0.1794511104578938)	(50, 0.1851672629654741)	(52, 0.19123517870429008)	(54, 0.19729181998056644)	(56, 0.20317032474871705)	(58, 0.20854373359509326)	(60, 0.21379537824604178)	(62, 0.21934466870803587)	(64, 0.22465043077917451)	(66, 0.22933158762561895)	(68, 0.23473431007459816)	(70, 0.23974017144218324)	(72, 0.24386662473167908)	(74, 0.24802464651628578)	(76, 0.25227286400120935)	(78, 0.25633392540797545)	(80, 0.26049645697759805)	(82, 0.2644357541889364)	(84, 0.26835024758268755)	(86, 0.2722715056539626)	(88, 0.2761431560900633)	(90, 0.2803101974447017)	(92, 0.28490566837584513)	(94, 0.28905241569791223)	(96, 0.2926985768832208)	(98, 0.2967686578600186)	(100, 0.3004260935078668)	(102, 0.30404294109057245)	(104, 0.30779057243873753)	(106, 0.31146153744163324)	(108, 0.31527907045754383)	(110, 0.3186704287894574)	(112, 0.32211590454156097)	(114, 0.3254463807757606)	(116, 0.32871597491224636)	(118, 0.33182547168066967)	(120, 0.3350386935044575)	(122, 0.3383195621034828)	(124, 0.34141101973184274)	(126, 0.34461296709309086)	(128, 0.3476660915488162)	(130, 0.35075303939216035)	(132, 0.3540609667012808)	(134, 0.35739820761300417)	(136, 0.3603611363684126)	(138, 0.3631301443681399)
SFZ_P1_R1 - polyg	(1, 0.0)	(2, 0.0)	(3, 0.02301343293584389)	(4, 0.029408308088308445)	(5, 0.03309731223126755)	(6, 0.03527553839391944)	(7, 0.0370253349800663)	(8, 0.03862630866069036)	(9, 0.040403163956932275)	(10, 0.04216423500561874)	(12, 0.0436051113181804)	(14, 0.0447009890770301)	(16, 0.045763043448260994)	(18, 0.04660637324622353)	(20, 0.04736627202139297)	(22, 0.048067543591356475)	(24, 0.04879587387141503)	(26, 0.04954900796906071)	(28, 0.050419396477118295)	(30, 0.05138449047050858)	(32, 0.05234732957139093)	(34, 0.05332595291982874)	(36, 0.054239184385536834)	(38, 0.05527192515416475)	(40, 0.05630917570780851)	(42, 0.05731485776634136)	(44, 0.058451323590333656)	(46, 0.059691514469690315)	(48, 0.06093170534904699)	(50, 0.062079445635578885)	(52, 0.06312571575925432)	(54, 0.0641539467428664)	(56, 0.06517090326393887)	(58, 0.06616982064494796)	(60, 0.06727246308132143)	(62, 0.06835932127013947)	(64, 0.06956568876187731)	(66, 0.0710742118496766)	(68, 0.07254665665734916)	(70, 0.07441596254641583)	(72, 0.0776765371128699)	(74, 0.07969241101495148)	(76, 0.0807048577510081)	(78, 0.0815977951841449)	(80, 0.08257416364007478)	(82, 0.08345131682565612)	(84, 0.08434650915130085)	(86, 0.08520562319681883)	(88, 0.08611434487751107)	(90, 0.08706365462334592)	(92, 0.08794531759394311)	(94, 0.08879992185444524)	(96, 0.08947864449932953)	(98, 0.09016187692922965)	(100, 0.09085412892916148)	(102, 0.0915689298541725)	(104, 0.09228373077918352)	(106, 0.09300529638171831)	(108, 0.09371107773669765)	(110, 0.0943334280688839)	(112, 0.09498509200367314)	(114, 0.0955668542707168)	(116, 0.09608322465503076)	(118, 0.09665822224455067)	(120, 0.09728282746924485)	(122, 0.09777664892847959)	(124, 0.0983403720554599)	(126, 0.09893791857005901)	(128, 0.09951742594459476)	(130, 0.09997291423119485)	(132, 0.10041487316274741)	(134, 0.10090192994445839)	(136, 0.10133712419848717)	(138, 0.10185574947530907)
SFZ_P1_R2 - polya	(1, 0.0027735177847430905)	(2, 0.006633893758304205)	(3, 0.008767022070797673)	(4, 0.01101740479370304)	(5, 0.01373229537324018)	(6, 0.016438166382745634)	(7, 0.019234233092567936)	(8, 0.0243753880106283)	(9, 0.03291241104561801)	(10, 0.04149678682327407)	(12, 0.04721519422336226)	(14, 0.054268497988139805)	(16, 0.06238836590916409)	(18, 0.0705961746379973)	(20, 0.07840261250042055)	(22, 0.08580993438894172)	(24, 0.0925791216977212)	(26, 0.10113418387277429)	(28, 0.10936003174167086)	(30, 0.11700186245101585)	(32, 0.12447457622226674)	(34, 0.13116033250825312)	(36, 0.1382903026183)	(38, 0.14558037009640928)	(40, 0.1528952413921057)	(42, 0.15997785875948622)	(44, 0.16671322268064687)	(46, 0.1742626027971671)	(48, 0.18052894907668016)	(50, 0.1864660810500367)	(52, 0.19251144786377344)	(54, 0.1986830886579538)	(56, 0.20415345788217068)	(58, 0.20956745479368952)	(60, 0.2149115500374628)	(62, 0.2205916242649163)	(64, 0.226095816876752)	(66, 0.23116030544954302)	(68, 0.23676822311674312)	(70, 0.24159594797620243)	(72, 0.24618239933731415)	(74, 0.2502953232717624)	(76, 0.2547960887175732)	(78, 0.25893156157710073)	(80, 0.2633669351401817)	(82, 0.26737613401926563)	(84, 0.27183405650742587)	(86, 0.27607550931482566)	(88, 0.28011176690400463)	(90, 0.28433969035635687)	(92, 0.2887232013917557)	(94, 0.2925181854825871)	(96, 0.2962500325831967)	(98, 0.3002637412472965)	(100, 0.30392117689514475)	(102, 0.30752900490781865)	(104, 0.3110421274351599)	(106, 0.3146251516302467)	(108, 0.3185125863139029)	(110, 0.3222444334145125)	(112, 0.3257350070167745)	(114, 0.3290519538959266)	(116, 0.3323125284623807)	(118, 0.3353521235630585)	(120, 0.3382812289308481)	(122, 0.34141101973184274)	(124, 0.3445024773602028)	(126, 0.3474541316530716)	(128, 0.35056362842149497)	(130, 0.35366410561988665)	(132, 0.3569088959387853)	(134, 0.36026417599057203)	(136, 0.36312788947563196)	(138, 0.3659645442505968)
SFZ_P1_R2 - polyg	(1, 0.29902580526044775)	(2, 0.31228908299204033)	(3, 0.31499495400154576)	(4, 0.31612240025550636)	(5, 0.3180706273823503)	(6, 0.32064571462639635)	(7, 0.32308099853495126)	(8, 0.3259356924499795)	(9, 0.32963371616297027)	(10, 0.3334737981039601)	(12, 0.3378640738168827)	(14, 0.34164101876765074)	(16, 0.344725711718487)	(18, 0.34779462042176773)	(20, 0.3505478441739395)	(22, 0.3532289113658578)	(24, 0.355542431078985)	(26, 0.3576845789615102)	(28, 0.3598492757691145)	(30, 0.36188093391875154)	(32, 0.36387425889575387)	(34, 0.3658923876903434)	(36, 0.3678000267520447)	(38, 0.36952501952060446)	(40, 0.3712612867517038)	(42, 0.37285775064731197)	(44, 0.37437303841263503)	(46, 0.37590636531802146)	(48, 0.3771848893700128)	(50, 0.3784250802493695)	(52, 0.37958634989094886)	(54, 0.3805875221644659)	(56, 0.38159094933049087)	(58, 0.38251545525873853)	(60, 0.3834377062944783)	(62, 0.38427652630742504)	(64, 0.38515818927802226)	(66, 0.38591808805319167)	(68, 0.3865855362355363)	(70, 0.3871222006524216)	(72, 0.38771974716702073)	(74, 0.3883060192190802)	(76, 0.38881111514085454)	(78, 0.38929817192256555)	(80, 0.38975140531665775)	(82, 0.3901415017205281)	(84, 0.390545127479446)	(86, 0.3909216945282688)	(88, 0.391286987114552)	(90, 0.39166580905588283)	(92, 0.39200404293207103)	(94, 0.3923558061633067)	(96, 0.39268276557695525)	(98, 0.39296913692546126)	(100, 0.3932261946713643)	(102, 0.3934719779547277)	(104, 0.3937560944107258)	(106, 0.3939748189839941)	(108, 0.39422060226735756)	(110, 0.3944979540458319)	(112, 0.3947166786191002)	(114, 0.3950030499676062)	(116, 0.39532775448874685)	(118, 0.3955915769121736)	(120, 0.3958305955180133)	(122, 0.3960628494463292)	(124, 0.3963311816547718)	(126, 0.3965521611205481)	(128, 0.3967731405863244)	(130, 0.39700764940714817)	(132, 0.3972466680129878)	(134, 0.3974631376937483)	(136, 0.39770892097711164)	(138, 0.39792764555038007)
SFZ_P2_R1 - polya	(1, 0.002184915177205263)	(2, 0.0058943959141643)	(3, 0.007999537312080121)	(4, 0.010224339378930105)	(5, 0.012980966641043033)	(6, 0.015223496214401782)	(7, 0.017887054067343696)	(8, 0.022859619643052224)	(9, 0.03155052970897417)	(10, 0.0406070695966394)	(12, 0.04610038067604289)	(14, 0.05332877145499175)	(16, 0.0616119488712121)	(18, 0.07016990263831832)	(20, 0.07812733712244013)	(22, 0.08573465335301382)	(24, 0.09273258654734873)	(26, 0.10195753774684722)	(28, 0.11001247351676724)	(30, 0.1174336509289989)	(32, 0.1249900005783599)	(34, 0.1317884993244712)	(36, 0.13941354306155368)	(38, 0.14713165620780716)	(40, 0.15495170251648605)	(42, 0.1628803298025311)	(44, 0.1696300779057433)	(46, 0.1775409776852796)	(48, 0.18391844815180775)	(50, 0.1900277900823908)	(52, 0.19618809859418657)	(54, 0.20236391867417752)	(56, 0.20845553309825182)	(58, 0.21414606268756534)	(60, 0.2195130652830939)	(62, 0.2251570601678219)	(64, 0.23035786738983074)	(66, 0.23507781599778937)	(68, 0.24053567206417537)	(70, 0.24539300884757692)	(72, 0.249765055140301)	(74, 0.2538135744392402)	(76, 0.2582498829430586)	(78, 0.26230061818031136)	(80, 0.266708119486053)	(82, 0.27064140999268516)	(84, 0.2749026593697296)	(86, 0.27909964653567965)	(88, 0.2832212917989674)	(90, 0.2872321401465755)	(92, 0.29178367744270084)	(94, 0.2961601556120521)	(96, 0.2999006594854015)	(98, 0.30408656695978364)	(100, 0.3079112764890496)	(102, 0.3116207572260086)	(104, 0.3155030811514281)	(106, 0.3191527315539201)	(108, 0.32326551306395357)	(110, 0.3269683459859718)	(112, 0.3304783922747072)	(114, 0.3338155953749822)	(116, 0.33690904526076165)	(118, 0.3400002792082275)	(120, 0.3431579913051013)	(122, 0.34657053630803847)	(124, 0.3497038730834626)	(126, 0.3528039707841829)	(128, 0.355866397533572)	(130, 0.3590706443350312)	(132, 0.3621109117012844)	(134, 0.3655500479639848)	(136, 0.36843963152491344)	(138, 0.37126495287474787)
SFZ_P2_R1 - polyg	(1, 0.0)	(2, 0.0)	(3, 0.02567829317794583)	(4, 0.032844637684114004)	(5, 0.03665605158349844)	(6, 0.0389428999231291)	(7, 0.04088849376246604)	(8, 0.04228010302340408)	(9, 0.044106036193806854)	(10, 0.04562395393861984)	(12, 0.04706209790414338)	(14, 0.048205522073958715)	(16, 0.049127352412414484)	(18, 0.049874123624096205)	(20, 0.050563280439624436)	(22, 0.051214766303821546)	(24, 0.05193051437911292)	(26, 0.052597511811505196)	(28, 0.053475023383689056)	(30, 0.05433259151105055)	(32, 0.05526993341770149)	(34, 0.056271537535446704)	(36, 0.057306380727895845)	(38, 0.05835895142685376)	(40, 0.059513455288237066)	(42, 0.06076546043541858)	(44, 0.06189115709872515)	(46, 0.06332043731099432)	(48, 0.06466994374397403)	(50, 0.0657491057026951)	(52, 0.06680832421659379)	(54, 0.06784316740904293)	(56, 0.06885141934172893)	(58, 0.06987296690429651)	(60, 0.07091445791168643)	(62, 0.07217311087380873)	(64, 0.07363119828415465)	(66, 0.0759778769582524)	(68, 0.07821597465498395)	(70, 0.08128726515762745)	(72, 0.08596067906100058)	(74, 0.08812121891675628)	(76, 0.08908293614485677)	(78, 0.09009783589248356)	(80, 0.09116148628300945)	(82, 0.09212985132605073)	(84, 0.09303617009631132)	(86, 0.093805100691129)	(88, 0.09463386162041376)	(90, 0.09550250943934323)	(92, 0.09618058656330349)	(94, 0.09690076651522206)	(96, 0.09765196960353097)	(98, 0.09836550174050875)	(100, 0.09895272539361158)	(102, 0.09958205187467273)	(104, 0.10023796961549702)	(106, 0.10088723954138054)	(108, 0.10160298761667191)	(110, 0.10223453003604667)	(112, 0.10281953775083591)	(114, 0.10344221641695628)	(116, 0.10403387194668628)	(118, 0.10447927554771902)	(120, 0.10498229354490521)	(122, 0.10551411874016817)	(124, 0.1060016251691592)	(126, 0.1065024272280318)	(128, 0.10705862774474428)	(130, 0.10757715731012565)	(132, 0.10803807247935354)	(134, 0.10848126014207267)	(136, 0.10888899279177426)	(138, 0.10938093109739248)
SFZ_P2_R2 - polya	(1, 0.002472987157972691)	(2, 0.0066655424472955695)	(3, 0.008801706981601728)	(4, 0.010982190282179801)	(5, 0.01396041137565229)	(6, 0.016672719871493304)	(7, 0.019504689036268483)	(8, 0.025048966696884677)	(9, 0.03387726493824955)	(10, 0.04287840636807489)	(12, 0.048854791999842224)	(14, 0.05603000025926479)	(16, 0.06452147587696312)	(18, 0.07339187694628632)	(20, 0.08123629857641476)	(22, 0.08906742457666161)	(24, 0.09639110070309506)	(26, 0.10511746578203454)	(28, 0.11280677173021128)	(30, 0.12055147613622791)	(32, 0.12807015483425777)	(34, 0.13482433481409717)	(36, 0.1420150546417149)	(38, 0.14946060737539613)	(40, 0.15747344031735783)	(42, 0.16535553289881738)	(44, 0.17211414475528397)	(46, 0.1803596512201732)	(48, 0.18702962554409597)	(50, 0.19313453559805183)	(52, 0.1994433119768585)	(54, 0.20607118347282294)	(56, 0.21197001126361445)	(58, 0.21740349200855086)	(60, 0.222969929052303)	(62, 0.22840784167386663)	(64, 0.23367955892191056)	(66, 0.23887815020560582)	(68, 0.2444733944474347)	(70, 0.24968971323763878)	(72, 0.2539908495043278)	(74, 0.2582742582645081)	(76, 0.2628457390054558)	(78, 0.2668189164017328)	(80, 0.27121533801590647)	(82, 0.2753126079577447)	(84, 0.27937442288656544)	(86, 0.2833808393575463)	(88, 0.2875135643124021)	(90, 0.2915421401665189)	(92, 0.2960693021411947)	(94, 0.3001289011317019)	(96, 0.3039248034628911)	(98, 0.30797997057677107)	(100, 0.3117315541416884)	(102, 0.3154410348786475)	(104, 0.3189953999336548)	(106, 0.322824541339548)	(108, 0.32663373930061884)	(110, 0.3301858884173126)	(112, 0.3336671275079713)	(114, 0.3369755234101695)	(116, 0.34012437175378885)	(118, 0.3431380478602789)	(120, 0.34606751831085225)	(122, 0.3492185825927852)	(124, 0.3524715800371435)	(126, 0.35549855177351514)	(128, 0.35854768289302275)	(130, 0.3616344849638614)	(132, 0.36487418677833816)	(134, 0.3683044592877841)	(136, 0.37126938475137505)	(138, 0.37423874209159314)
SFZ_P2_R2 - polyg	(1, 0.3378065002777679)	(2, 0.3495066545735526)	(3, 0.3530078371090337)	(4, 0.35442160575310766)	(5, 0.35646470087824284)	(6, 0.35902632556875935)	(7, 0.3617740890776179)	(8, 0.3645661713527483)	(9, 0.3686213384666283)	(10, 0.3727518474831705)	(12, 0.37729230508772793)	(14, 0.38074252104199624)	(16, 0.38385369843428446)	(18, 0.3868651586024609)	(20, 0.38949104550407165)	(22, 0.3917247113241761)	(24, 0.39392735400789003)	(26, 0.3960723822954506)	(28, 0.39810661366733135)	(30, 0.4000632871982363)	(32, 0.40188478849201187)	(34, 0.4036885622792787)	(36, 0.40539926665737447)	(38, 0.4069326959703826)	(40, 0.4083841355657878)	(42, 0.40998182708989017)	(44, 0.411402243548905)	(46, 0.41279385280984304)	(48, 0.41398381168424386)	(50, 0.41510950834755045)	(52, 0.4161687268614491)	(54, 0.41720800193052543)	(56, 0.4181985263567027)	(58, 0.4191757551529983)	(60, 0.4200045160822831)	(62, 0.42074685541733764)	(64, 0.42143379629455224)	(66, 0.4220830662204358)	(68, 0.42259716390919)	(70, 0.4230979659680626)	(72, 0.42364087085489344)	(74, 0.42417934386509726)	(76, 0.4246823618622834)	(78, 0.4250346960541451)	(80, 0.42545794027204187)	(82, 0.42587232073668424)	(84, 0.42620471148372363)	(86, 0.42652823847750854)	(88, 0.42682960608815756)	(90, 0.42719080403327364)	(92, 0.42752097884199936)	(94, 0.4278223464526484)	(96, 0.42808825905027986)	(98, 0.42840513822912407)	(100, 0.42869099427157786)	(102, 0.4289569068692093)	(104, 0.4292117397752728)	(106, 0.4294776523729043)	(108, 0.42975242872379016)	(110, 0.4300094775681672)	(112, 0.4302487989060356)	(114, 0.4304969839971583)	(116, 0.43069198656875474)	(118, 0.43089363695529187)	(120, 0.4311063670333971)	(122, 0.43133904055632466)	(124, 0.4315517706344298)	(126, 0.4318066035404933)	(128, 0.4320747320764383)	(130, 0.4322896780928571)	(132, 0.4325267834924118)	(134, 0.4327749685835346)	(136, 0.43298991459995334)	(138, 0.4332181562462537)
SFZ_P3_R1 - polya	(1, 0.002063918737740323)	(2, 0.005953258936859864)	(3, 0.008030937132851789)	(4, 0.01011778830101145)	(5, 0.012732085368815857)	(6, 0.015208787854104245)	(7, 0.017717595741979703)	(8, 0.022849873669827304)	(9, 0.031192691856382078)	(10, 0.039574495174649726)	(12, 0.04503470685749384)	(14, 0.0522538359535011)	(16, 0.0605714284665946)	(18, 0.06885232909101716)	(20, 0.076674581107053)	(22, 0.08409780883379235)	(24, 0.09094543255700635)	(26, 0.09975836556715753)	(28, 0.10783975404693186)	(30, 0.11486166424133282)	(32, 0.12230782439849153)	(34, 0.12910958326086686)	(36, 0.13651446504327075)	(38, 0.14346987118945564)	(40, 0.15059956380682749)	(42, 0.15799068613097977)	(44, 0.16496673146454205)	(46, 0.1731169172355744)	(48, 0.17929950047662763)	(50, 0.18503948781058766)	(52, 0.19107530349695714)	(54, 0.19719596917587817)	(56, 0.20301622001630587)	(58, 0.20827691955450178)	(60, 0.21317299344903018)	(62, 0.21862173891666464)	(64, 0.22353615875552857)	(66, 0.22808136646464114)	(68, 0.23330308087112414)	(70, 0.23787810073978188)	(72, 0.2420059382152625)	(74, 0.24569347302669187)	(76, 0.24978691185654353)	(78, 0.25345839396667935)	(80, 0.25765961521950187)	(82, 0.2617232418898084)	(84, 0.2657868685601149)	(86, 0.26982297631391816)	(88, 0.2736825043534926)	(90, 0.27753744590698315)	(92, 0.2815918996051219)	(94, 0.28553627763724787)	(96, 0.2890976840813709)	(98, 0.2934021012710804)	(100, 0.29692452258349056)	(102, 0.30022449932083317)	(104, 0.3036483111824402)	(106, 0.30701937845408267)	(108, 0.3104454835587316)	(110, 0.31406880756498684)	(112, 0.3172999870110714)	(114, 0.32033165431250776)	(116, 0.32322572703142805)	(118, 0.32630096595066116)	(120, 0.3292569562317137)	(122, 0.332428511358708)	(124, 0.3354532989310185)	(126, 0.33836342435123234)	(128, 0.3413767457083332)	(130, 0.3443648413919729)	(132, 0.34748594517204456)	(134, 0.3506322746255776)	(136, 0.3534758959975754)	(138, 0.3563149308834893)
SFZ_P3_R1 - polyg	(1, 0.0)	(2, 0.0)	(3, 0.0253540950716189)	(4, 0.0317797620751171)	(5, 0.035476469858714214)	(6, 0.0379669318022542)	(7, 0.03999415865132359)	(8, 0.04161777472501264)	(9, 0.0437046258931723)	(10, 0.04545437033416771)	(12, 0.04702753506093422)	(14, 0.048314044407459025)	(16, 0.04948818484492907)	(18, 0.05044676043645735)	(20, 0.05127232793155348)	(22, 0.05204056435060127)	(24, 0.05266661970104917)	(26, 0.05345090882139049)	(28, 0.05437967225337363)	(30, 0.0554185113513696)	(32, 0.056452763963281694)	(34, 0.057514535491696994)	(36, 0.058564840804902624)	(38, 0.0596999961106598)	(40, 0.06089018924942339)	(42, 0.062103314818606314)	(44, 0.06331185390170536)	(46, 0.06492629700322669)	(48, 0.06673337252027042)	(50, 0.06792585890207595)	(52, 0.06928575202594264)	(54, 0.07050575732425135)	(56, 0.071659258574344)	(58, 0.0728769706296108)	(60, 0.07416577321917753)	(62, 0.07536972581619272)	(64, 0.07679382974523355)	(66, 0.07875913903217072)	(68, 0.08056162806313061)	(70, 0.0831208872979286)	(72, 0.08749639502193808)	(74, 0.08989971372988459)	(76, 0.09114265145861265)	(78, 0.09231449865304077)	(80, 0.0934060823410012)	(82, 0.09443116198074557)	(84, 0.09541267000269318)	(86, 0.09647902801719235)	(88, 0.09758666440644632)	(90, 0.09860715756010682)	(92, 0.09961618449855764)	(94, 0.10051513577099565)	(96, 0.1013567559673853)	(98, 0.10219837616377497)	(100, 0.10314319229705166)	(102, 0.10387932331351238)	(104, 0.10464755973256015)	(106, 0.10544102182506922)	(108, 0.10628722850754274)	(110, 0.10708527708613567)	(112, 0.10776866351263192)	(114, 0.10841306480741528)	(116, 0.10909186474782766)	(118, 0.10984634170862384)	(120, 0.11049303624644914)	(122, 0.1111236780829809)	(124, 0.11183458342598035)	(126, 0.11243311985992505)	(128, 0.11299725764824073)	(130, 0.1136210197556467)	(132, 0.11423331564784299)	(134, 0.11476993451965548)	(136, 0.11533636555101309)	(138, 0.11582941280502884)
SFZ_P3_R2 - polya	(1, 0.002673921386894685)	(2, 0.006989804791813893)	(3, 0.009269288375495982)	(4, 0.01144786926533299)	(5, 0.014263971720827563)	(6, 0.016942479593806115)	(7, 0.019873244201397373)	(8, 0.02496424375449017)	(9, 0.033513453814818975)	(10, 0.04251901924049258)	(12, 0.04831633765050095)	(14, 0.055622609982101695)	(16, 0.0635251255046052)	(18, 0.071590461283086)	(20, 0.07896094441986087)	(22, 0.08652864645824207)	(24, 0.09318593100897557)	(26, 0.10131318434958858)	(28, 0.10916524852516954)	(30, 0.11658159652278309)	(32, 0.12377091345924522)	(34, 0.13041673179476904)	(36, 0.13756477035647638)	(38, 0.144598146766087)	(40, 0.1519273515281071)	(42, 0.15889422388950164)	(44, 0.165384101698174)	(46, 0.17340127937277416)	(48, 0.1797879612445595)	(50, 0.18584900260439025)	(52, 0.19183207370079525)	(54, 0.1978518366858712)	(56, 0.20374776454668272)	(58, 0.2090818478622205)	(60, 0.21431502848391318)	(62, 0.2198302779997637)	(64, 0.22493045052502425)	(66, 0.22970956902441403)	(68, 0.23512162260337757)	(70, 0.23990762083189315)	(72, 0.24394831507178033)	(74, 0.24805551335988357)	(76, 0.25219023056449)	(78, 0.25617818021441274)	(80, 0.26037252173810943)	(82, 0.26425268896506127)	(84, 0.26833007509361934)	(86, 0.27244185986780645)	(88, 0.27647796762160975)	(90, 0.28051636861845497)	(92, 0.28483454526641616)	(94, 0.2888202016732969)	(96, 0.29267284998374554)	(98, 0.29673189016796814)	(100, 0.30014194257132354)	(102, 0.3034969571416725)	(104, 0.3068496784689796)	(106, 0.3103308214066349)	(108, 0.31390598730900954)	(110, 0.31748115321138415)	(112, 0.3209668826351234)	(114, 0.3242072350533757)	(116, 0.3271907442509314)	(118, 0.3301077494002711)	(120, 0.33312565724345583)	(122, 0.3362880393982824)	(124, 0.3392463229223769)	(126, 0.3421770875299681)	(128, 0.34528443185178825)	(130, 0.34840782887490196)	(132, 0.3516458880501123)	(134, 0.3548312026353582)	(136, 0.35761061320218185)	(138, 0.36041983592855065)
SFZ_P3_R2 - polyg	(1, 0.2954843659531562)	(2, 0.3060011785434641)	(3, 0.3096474349801387)	(4, 0.3112481186234084)	(5, 0.31361933192876784)	(6, 0.31638498303733986)	(7, 0.3192102584650022)	(8, 0.32231072305769654)	(9, 0.3266036740321964)	(10, 0.33113970876914123)	(12, 0.3361871367044373)	(14, 0.3400673039313891)	(16, 0.3434039725574026)	(18, 0.3467131222669129)	(20, 0.34980441388743955)	(22, 0.3526870203911502)	(24, 0.35512244450168384)	(26, 0.3575326429387561)	(28, 0.35961720086387383)	(30, 0.36184393985759145)	(32, 0.36398124237267365)	(34, 0.36612542461688163)	(36, 0.3680815609316511)	(38, 0.36996660671212056)	(40, 0.37164296737577407)	(42, 0.3734523361358598)	(44, 0.37517226841731005)	(46, 0.37683486962271195)	(48, 0.3782979586834657)	(50, 0.3796670247795001)	(52, 0.38095582736906686)	(54, 0.382265269146011)	(56, 0.3834783947151939)	(58, 0.38468693379829294)	(60, 0.38576246478495985)	(62, 0.386863221445088)	(64, 0.38783784973790986)	(66, 0.38872074830905434)	(68, 0.38957154147761175)	(70, 0.3903535373549111)	(72, 0.3910323372953235)	(74, 0.3917524156104907)	(76, 0.3923555385305192)	(78, 0.3929265560479607)	(80, 0.3934379492463119)	(82, 0.39398603433333407)	(84, 0.39452265320514657)	(86, 0.39497671532744943)	(88, 0.39541472474845873)	(90, 0.39579540309341976)	(92, 0.3961806679244646)	(94, 0.3965407070820482)	(96, 0.396962663801764)	(98, 0.3973479286328089)	(100, 0.3977079677903924)	(102, 0.39809093937839535)	(104, 0.3984097001612241)	(106, 0.39874451364534647)	(108, 0.3990495149699237)	(110, 0.39934534332233307)	(112, 0.3996916230216651)	(114, 0.4000080905614519)	(116, 0.4003497837747001)	(118, 0.40062955942581596)	(120, 0.40089328237563837)	(122, 0.4011914039710897)	(124, 0.40147117962220563)	(126, 0.4017555417594054)	(128, 0.40203302416747944)	(130, 0.40231050657555334)	(132, 0.40261780114317247)	(134, 0.40285629841953363)	(136, 0.4030558105641818)	(138, 0.4032851348683752)
