Sample	0	1	2	3	4	5	6	7	8	9	10	11	12	13	14	15	16	17	18	19	20	21	22	23	24	25	26	27	28	29	30	31	32	33	34	35	36	37	38	39	40	41	42	43	44	45	46	47	48	49	50	51	52	53	54	55	56	57	58	59	60	61	62	63	64	65	66	67	68	69	70	71	72	73	74	75	76	77	78	79	80	81	82	83	84	85	86	87	88	89	90	91	92	93	94	95	96	97	98	99	100	101	102	103	104	105	106	107	108	109	110	111	112	113	114	115	116	117	118	119	120	121	122	123	124	125	126	127	128	129	130	131	132	133	134	135	136	137	138	139	140	141	142	143	144	145	146	147	148	149
GW_Mock1	(1, 64.4768)	(2, 41.4842)	(3, 43.0974)	(4, 46.9941)	(5, 43.3269)	(6, 37.9756)	(7, 39.0713)	(8, 47.6288)	(9, 47.511399999999995)	(10, 36.6888)	(11, 50.2571)	(12, 47.3403)	(13, 40.897)	(14, 42.7802)	(15, 43.3836)	(16, 43.600100000000005)	(17, 44.0899)	(18, 42.9573)	(19, 44.1029)	(20, 44.6474)	(21, 44.1676)	(22, 44.2482)	(23, 43.520900000000005)	(24, 44.1438)	(25, 43.9525)	(26, 45.0203)	(27, 44.039899999999996)	(28, 44.3029)	(29, 44.6031)	(30, 43.328100000000006)	(31, 44.4111)	(32, 44.607400000000005)	(33, 44.4984)	(34, 43.2714)	(35, 43.8614)	(36, 44.196400000000004)	(37, 44.772099999999995)	(38, 44.9025)	(39, 44.5522)	(40, 44.4285)	(41, 44.327600000000004)	(42, 43.9314)	(43, 44.616099999999996)	(44, 44.8044)	(45, 44.718999999999994)	(46, 45.3729)	(47, 44.603300000000004)	(48, 44.5105)	(49, 44.880199999999995)	(50, 45.6267)	(51, 45.0195)	(52, 45.4474)	(53, 45.035599999999995)	(54, 45.034)	(55, 45.1082)	(56, 44.9598)	(57, 44.5301)	(58, 45.0867)	(59, 44.3679)	(60, 44.413799999999995)	(61, 44.5299)	(62, 45.095200000000006)	(63, 45.5866)	(64, 44.9274)	(65, 44.035999999999994)	(66, 43.932500000000005)	(67, 45.2082)	(68, 45.8874)	(69, 45.3671)	(70, 45.024300000000004)	(71, 44.892700000000005)	(72, 44.2386)	(73, 45.3364)	(74, 45.2488)	(75, 44.6702)	(76, 44.9886)	(77, 45.3009)	(78, 44.6798)	(79, 45.555299999999995)	(80, 45.4029)	(81, 45.3965)	(82, 44.9361)	(83, 44.9531)	(84, 45.7053)	(85, 45.703500000000005)	(86, 44.8407)	(87, 44.8615)	(88, 45.461800000000004)	(89, 45.3635)	(90, 45.632099999999994)	(91, 45.3403)	(92, 45.4374)	(93, 45.1052)	(94, 45.5165)	(95, 44.6135)	(96, 45.1753)	(97, 45.4795)	(98, 45.312599999999996)	(99, 44.9619)	(100, 44.7759)	(101, 45.589600000000004)	(102, 45.480399999999996)	(103, 44.995200000000004)	(104, 45.4461)	(105, 44.9089)	(106, 45.0675)	(107, 45.3395)	(108, 45.6997)	(109, 45.4853)	(110, 45.4425)	(111, 45.2497)	(112, 45.1575)	(113, 45.7314)	(114, 45.7398)	(115, 45.138600000000004)	(116, 45.7953)	(117, 45.2009)	(118, 45.6233)	(119, 46.2746)	(120, 46.2007)	(121, 45.8746)	(122, 46.2391)	(123, 45.5749)	(124, 45.8208)	(125, 45.841100000000004)	(126, 46.0343)	(127, 46.0602)	(128, 46.0336)	(129, 45.6398)	(130, 45.304100000000005)	(131, 45.4978)	(132, 45.8143)	(133, 45.5223)	(134, 45.204899999999995)	(135, 44.9376)	(136, 45.1949)	(137, 45.6568)	(138, 45.4383)	(139, 45.6767)	(140, 45.6609)	(141, 44.9495)	(142, 45.5509)	(143, 46.334900000000005)	(144, 44.9735)	(145, 45.2284)	(146, 46.2403)	(147, 44.95)	(148, 45.0823)	(149, 45.571)	(150, 45.3606)
GW_Mock2	(1, 64.6818)	(2, 41.4949)	(3, 43.0155)	(4, 47.0601)	(5, 43.3995)	(6, 38.022800000000004)	(7, 38.8196)	(8, 47.388999999999996)	(9, 47.4594)	(10, 36.5501)	(11, 50.2588)	(12, 47.3758)	(13, 40.8508)	(14, 42.849)	(15, 43.271)	(16, 43.667899999999996)	(17, 44.2376)	(18, 42.858200000000004)	(19, 44.1712)	(20, 44.5129)	(21, 44.249300000000005)	(22, 44.1249)	(23, 43.410900000000005)	(24, 44.197199999999995)	(25, 43.835800000000006)	(26, 45.1476)	(27, 44.0683)	(28, 44.1838)	(29, 44.696000000000005)	(30, 43.2523)	(31, 44.5261)	(32, 44.5021)	(33, 44.5971)	(34, 44.0056)	(35, 43.7786)	(36, 43.4607)	(37, 44.040800000000004)	(38, 44.163000000000004)	(39, 43.8018)	(40, 44.5143)	(41, 44.4291)	(42, 44.5604)	(43, 44.4739)	(44, 44.6409)	(45, 44.5527)	(46, 45.427099999999996)	(47, 44.4433)	(48, 44.737700000000004)	(49, 44.935)	(50, 45.732)	(51, 45.0583)	(52, 45.5584)	(53, 45.0857)	(54, 45.1)	(55, 45.0989)	(56, 44.9839)	(57, 44.5709)	(58, 45.097300000000004)	(59, 44.3334)	(60, 44.346999999999994)	(61, 44.4588)	(62, 44.9374)	(63, 45.481100000000005)	(64, 44.8835)	(65, 43.9533)	(66, 43.8581)	(67, 45.1037)	(68, 45.8971)	(69, 45.3752)	(70, 44.9775)	(71, 44.81)	(72, 44.1736)	(73, 45.3054)	(74, 45.2488)	(75, 44.6733)	(76, 45.0355)	(77, 45.371)	(78, 44.7579)	(79, 45.5809)	(80, 45.4304)	(81, 45.3913)	(82, 44.9681)	(83, 45.0236)	(84, 45.7015)	(85, 45.7705)	(86, 44.9123)	(87, 44.9101)	(88, 45.4367)	(89, 45.3625)	(90, 45.641799999999996)	(91, 45.3891)	(92, 45.495000000000005)	(93, 45.1389)	(94, 45.6333)	(95, 44.6762)	(96, 45.2391)	(97, 45.5332)	(98, 45.3887)	(99, 44.9848)	(100, 44.7497)	(101, 45.6096)	(102, 45.4756)	(103, 45.0245)	(104, 45.4576)	(105, 44.9158)	(106, 45.118700000000004)	(107, 45.4022)	(108, 45.6913)	(109, 45.5)	(110, 45.4409)	(111, 45.281)	(112, 45.159)	(113, 45.7224)	(114, 45.7183)	(115, 45.168)	(116, 45.815400000000004)	(117, 45.1653)	(118, 45.5833)	(119, 46.2725)	(120, 46.1852)	(121, 45.833800000000004)	(122, 46.2559)	(123, 45.5667)	(124, 45.8093)	(125, 45.8843)	(126, 46.0295)	(127, 46.090399999999995)	(128, 46.1058)	(129, 45.676899999999996)	(130, 45.3101)	(131, 45.5172)	(132, 45.8245)	(133, 45.5172)	(134, 45.2577)	(135, 44.9583)	(136, 45.135999999999996)	(137, 45.64)	(138, 45.452799999999996)	(139, 45.6942)	(140, 45.669399999999996)	(141, 44.9403)	(142, 45.5583)	(143, 46.3379)	(144, 45.0143)	(145, 45.2268)	(146, 46.3024)	(147, 45.0218)	(148, 45.1334)	(149, 45.5742)	(150, 45.3852)
GW_Mock3	(1, 64.65379999999999)	(2, 41.5306)	(3, 42.9539)	(4, 46.8661)	(5, 43.2483)	(6, 37.9433)	(7, 38.947500000000005)	(8, 47.6045)	(9, 47.392)	(10, 36.5707)	(11, 50.202000000000005)	(12, 47.2719)	(13, 40.865899999999996)	(14, 42.743700000000004)	(15, 43.3326)	(16, 43.6083)	(17, 44.0934)	(18, 42.9664)	(19, 44.1079)	(20, 44.5729)	(21, 44.1128)	(22, 44.1141)	(23, 43.4478)	(24, 44.0334)	(25, 43.8083)	(26, 44.9167)	(27, 43.9362)	(28, 44.2019)	(29, 44.514900000000004)	(30, 43.3066)	(31, 44.2995)	(32, 44.443)	(33, 44.432300000000005)	(34, 43.9037)	(35, 43.7984)	(36, 43.513200000000005)	(37, 44.6493)	(38, 44.7251)	(39, 44.3676)	(40, 43.6811)	(41, 43.6335)	(42, 43.764900000000004)	(43, 45.0249)	(44, 44.5959)	(45, 44.4995)	(46, 45.1569)	(47, 44.4529)	(48, 44.3426)	(49, 44.6777)	(50, 45.406800000000004)	(51, 44.779799999999994)	(52, 45.3147)	(53, 44.8885)	(54, 44.8755)	(55, 44.8819)	(56, 44.7335)	(57, 44.359500000000004)	(58, 44.9752)	(59, 44.2378)	(60, 44.3109)	(61, 44.4452)	(62, 44.926100000000005)	(63, 45.422200000000004)	(64, 44.8082)	(65, 43.9958)	(66, 43.8701)	(67, 44.997)	(68, 45.6905)	(69, 45.1855)	(70, 44.785399999999996)	(71, 44.6451)	(72, 44.0422)	(73, 45.0995)	(74, 45.049299999999995)	(75, 44.4975)	(76, 44.8527)	(77, 45.1816)	(78, 44.5779)	(79, 45.3853)	(80, 45.2221)	(81, 45.2372)	(82, 44.7605)	(83, 44.8311)	(84, 45.4872)	(85, 45.5262)	(86, 44.7802)	(87, 44.7632)	(88, 45.299099999999996)	(89, 45.2511)	(90, 45.455400000000004)	(91, 45.1836)	(92, 45.2821)	(93, 44.9238)	(94, 45.4457)	(95, 44.498599999999996)	(96, 45.065)	(97, 45.3291)	(98, 45.234)	(99, 44.85)	(100, 44.574200000000005)	(101, 45.4088)	(102, 45.246199999999995)	(103, 44.7379)	(104, 45.2581)	(105, 44.677099999999996)	(106, 44.8919)	(107, 45.184400000000004)	(108, 45.483000000000004)	(109, 45.271899999999995)	(110, 45.258700000000005)	(111, 45.1193)	(112, 44.993)	(113, 45.5311)	(114, 45.556400000000004)	(115, 44.9808)	(116, 45.5928)	(117, 45.0196)	(118, 45.3973)	(119, 46.1232)	(120, 45.9735)	(121, 45.6835)	(122, 45.9909)	(123, 45.3795)	(124, 45.6204)	(125, 45.6957)	(126, 45.7635)	(127, 45.8605)	(128, 45.906400000000005)	(129, 45.4947)	(130, 45.1269)	(131, 45.3138)	(132, 45.6697)	(133, 45.344899999999996)	(134, 45.0828)	(135, 44.811499999999995)	(136, 44.9847)	(137, 45.4445)	(138, 45.2772)	(139, 45.5694)	(140, 45.5175)	(141, 44.8432)	(142, 45.4285)	(143, 46.1781)	(144, 44.913799999999995)	(145, 45.1077)	(146, 46.184)	(147, 44.9991)	(148, 45.073800000000006)	(149, 45.5046)	(150, 45.352399999999996)
GW_P1	(1, 65.36800000000001)	(2, 44.879799999999996)	(3, 45.4061)	(4, 48.7637)	(5, 44.3126)	(6, 38.141799999999996)	(7, 38.9466)	(8, 47.0137)	(9, 46.982)	(10, 37.0448)	(11, 49.8356)	(12, 46.9006)	(13, 41.186)	(14, 43.0791)	(15, 43.5791)	(16, 43.9338)	(17, 44.422200000000004)	(18, 43.2048)	(19, 44.2549)	(20, 44.7058)	(21, 44.294)	(22, 44.277899999999995)	(23, 43.711)	(24, 44.1794)	(25, 44.2337)	(26, 45.318599999999996)	(27, 44.2467)	(28, 44.6445)	(29, 44.9893)	(30, 43.5815)	(31, 44.8295)	(32, 44.9797)	(33, 44.8703)	(34, 43.8742)	(35, 44.3436)	(36, 44.344)	(37, 45.0727)	(38, 44.4309)	(39, 44.636399999999995)	(40, 44.0206)	(41, 44.614)	(42, 43.9543)	(43, 44.7286)	(44, 44.8803)	(45, 44.6392)	(46, 45.5756)	(47, 44.9274)	(48, 45.2439)	(49, 45.231)	(50, 45.9814)	(51, 45.2282)	(52, 45.900600000000004)	(53, 45.2177)	(54, 45.4171)	(55, 45.5497)	(56, 45.198)	(57, 44.979400000000005)	(58, 45.583400000000005)	(59, 44.695)	(60, 44.8916)	(61, 44.9105)	(62, 45.1493)	(63, 45.7879)	(64, 45.1457)	(65, 44.3237)	(66, 44.4232)	(67, 45.4228)	(68, 46.0048)	(69, 46.0071)	(70, 45.5472)	(71, 45.1208)	(72, 44.6874)	(73, 45.7545)	(74, 45.5195)	(75, 44.982299999999995)	(76, 45.1445)	(77, 45.3979)	(78, 44.876)	(79, 45.5785)	(80, 45.696)	(81, 45.6686)	(82, 45.3036)	(83, 45.6374)	(84, 46.0957)	(85, 45.9329)	(86, 45.435900000000004)	(87, 45.1536)	(88, 45.583800000000004)	(89, 45.484700000000004)	(90, 45.8904)	(91, 45.6642)	(92, 45.867799999999995)	(93, 45.4416)	(94, 45.8563)	(95, 45.0223)	(96, 45.5961)	(97, 45.8083)	(98, 45.6106)	(99, 45.2625)	(100, 45.0324)	(101, 45.8692)	(102, 45.8105)	(103, 45.2869)	(104, 45.6245)	(105, 44.9301)	(106, 45.319900000000004)	(107, 45.509899999999995)	(108, 45.6374)	(109, 45.8595)	(110, 45.642300000000006)	(111, 45.4509)	(112, 45.4313)	(113, 46.102900000000005)	(114, 45.9507)	(115, 45.3615)	(116, 45.876)	(117, 45.195299999999996)	(118, 45.7154)	(119, 46.537)	(120, 46.3034)	(121, 46.1242)	(122, 46.4206)	(123, 45.724399999999996)	(124, 46.1676)	(125, 46.2012)	(126, 46.1793)	(127, 46.4603)	(128, 46.378)	(129, 45.9333)	(130, 45.6548)	(131, 45.7157)	(132, 46.137299999999996)	(133, 45.9851)	(134, 45.684200000000004)	(135, 45.2683)	(136, 45.2484)	(137, 45.6559)	(138, 45.5135)	(139, 45.7869)	(140, 45.6594)	(141, 44.9725)	(142, 45.6193)	(143, 46.5321)	(144, 45.291399999999996)	(145, 45.4646)	(146, 46.4118)	(147, 45.4317)	(148, 45.5835)	(149, 45.6374)	(150, 45.4461)
GW_P2	(1, 65.6109)	(2, 44.6246)	(3, 45.254)	(4, 49.0369)	(5, 44.5719)	(6, 38.469300000000004)	(7, 38.6829)	(8, 46.7304)	(9, 47.2613)	(10, 36.8269)	(11, 50.0284)	(12, 47.132000000000005)	(13, 40.9807)	(14, 43.3489)	(15, 43.3604)	(16, 44.1733)	(17, 44.5911)	(18, 42.966100000000004)	(19, 44.4967)	(20, 44.4269)	(21, 44.518299999999996)	(22, 44.0389)	(23, 43.464999999999996)	(24, 44.420700000000004)	(25, 43.9743)	(26, 45.5165)	(27, 44.4633)	(28, 44.3639)	(29, 45.205600000000004)	(30, 43.3292)	(31, 45.0754)	(32, 44.6992)	(33, 45.0665)	(34, 44.713)	(35, 44.0842)	(36, 43.4892)	(37, 45.3212)	(38, 44.2148)	(39, 44.888099999999994)	(40, 44.927499999999995)	(41, 44.8705)	(42, 44.8029)	(43, 44.4929)	(44, 44.6205)	(45, 44.4224)	(46, 45.8103)	(47, 44.7031)	(48, 45.4312)	(49, 45.5383)	(50, 46.2603)	(51, 45.4749)	(52, 46.176899999999996)	(53, 45.482099999999996)	(54, 45.702)	(55, 45.8254)	(56, 45.4733)	(57, 45.2848)	(58, 45.8459)	(59, 44.9978)	(60, 45.0102)	(61, 44.9378)	(62, 45.1142)	(63, 45.8703)	(64, 45.227000000000004)	(65, 44.3619)	(66, 44.4336)	(67, 45.4733)	(68, 46.1146)	(69, 46.2485)	(70, 45.8456)	(71, 45.3831)	(72, 44.9558)	(73, 45.9632)	(74, 45.692)	(75, 45.1941)	(76, 45.3853)	(77, 45.678200000000004)	(78, 45.1317)	(79, 45.8045)	(80, 45.9142)	(81, 45.9099)	(82, 45.568)	(83, 45.835100000000004)	(84, 46.3256)	(85, 46.1849)	(86, 45.6757)	(87, 45.379000000000005)	(88, 45.8356)	(89, 45.693400000000004)	(90, 46.1626)	(91, 45.9119)	(92, 46.0702)	(93, 45.692899999999995)	(94, 46.0871)	(95, 45.3187)	(96, 45.8532)	(97, 46.0696)	(98, 45.8435)	(99, 45.5222)	(100, 45.3288)	(101, 46.1474)	(102, 46.1152)	(103, 45.5862)	(104, 45.9053)	(105, 45.2338)	(106, 45.581500000000005)	(107, 45.7984)	(108, 45.9069)	(109, 46.091300000000004)	(110, 45.8943)	(111, 45.7025)	(112, 45.745000000000005)	(113, 46.3549)	(114, 46.1766)	(115, 45.6916)	(116, 46.1395)	(117, 45.434999999999995)	(118, 46.0129)	(119, 46.7787)	(120, 46.5315)	(121, 46.4052)	(122, 46.6768)	(123, 45.9976)	(124, 46.414100000000005)	(125, 46.4608)	(126, 46.4717)	(127, 46.7287)	(128, 46.6308)	(129, 46.205200000000005)	(130, 45.947900000000004)	(131, 46.0175)	(132, 46.4412)	(133, 46.2672)	(134, 45.9914)	(135, 45.576)	(136, 45.569700000000005)	(137, 45.9964)	(138, 45.8245)	(139, 46.1058)	(140, 45.9328)	(141, 45.3153)	(142, 45.9386)	(143, 46.854)	(144, 45.5957)	(145, 45.8011)	(146, 46.6668)	(147, 45.6959)	(148, 45.8767)	(149, 45.9595)	(150, 45.7498)
GW_P3	(1, 65.3266)	(2, 43.8234)	(3, 44.5628)	(4, 48.5192)	(5, 44.3699)	(6, 38.5177)	(7, 39.0266)	(8, 47.302499999999995)	(9, 47.5649)	(10, 37.0135)	(11, 50.558899999999994)	(12, 47.554)	(13, 41.0521)	(14, 43.3977)	(15, 43.5714)	(16, 44.3691)	(17, 44.6813)	(18, 43.1815)	(19, 44.6826)	(20, 44.687599999999996)	(21, 44.723800000000004)	(22, 44.2965)	(23, 43.648900000000005)	(24, 44.533899999999996)	(25, 44.1344)	(26, 45.584)	(27, 44.5864)	(28, 44.4871)	(29, 45.2278)	(30, 43.5054)	(31, 45.0935)	(32, 44.8821)	(33, 45.1364)	(34, 43.7007)	(35, 45.179)	(36, 43.6661)	(37, 44.3762)	(38, 45.3876)	(39, 44.0198)	(40, 43.987700000000004)	(41, 44.8765)	(42, 43.9651)	(43, 45.6951)	(44, 44.8505)	(45, 44.602199999999996)	(46, 45.794200000000004)	(47, 44.7553)	(48, 45.4606)	(49, 45.4263)	(50, 46.2196)	(51, 45.4281)	(52, 45.884)	(53, 45.4957)	(54, 45.5341)	(55, 45.6864)	(56, 45.4521)	(57, 44.980599999999995)	(58, 45.6609)	(59, 44.5851)	(60, 44.823)	(61, 44.986399999999996)	(62, 45.1795)	(63, 45.955600000000004)	(64, 45.2021)	(65, 44.2662)	(66, 44.3009)	(67, 45.4979)	(68, 46.3511)	(69, 45.9467)	(70, 45.4932)	(71, 45.1527)	(72, 44.7608)	(73, 45.946999999999996)	(74, 45.7874)	(75, 45.2334)	(76, 45.4634)	(77, 45.7517)	(78, 45.2662)	(79, 45.9217)	(80, 46.0032)	(81, 45.9632)	(82, 45.5778)	(83, 45.780100000000004)	(84, 46.3169)	(85, 46.1951)	(86, 45.7334)	(87, 45.4434)	(88, 45.9715)	(89, 45.8101)	(90, 46.1896)	(91, 45.9775)	(92, 46.052)	(93, 45.6689)	(94, 46.129999999999995)	(95, 45.3075)	(96, 45.8605)	(97, 46.027)	(98, 45.878099999999996)	(99, 45.5791)	(100, 45.344899999999996)	(101, 46.1965)	(102, 46.0072)	(103, 45.5672)	(104, 45.975899999999996)	(105, 45.3854)	(106, 45.636500000000005)	(107, 45.857)	(108, 46.0997)	(109, 46.0948)	(110, 45.8715)	(111, 45.7556)	(112, 45.7065)	(113, 46.3275)	(114, 46.2018)	(115, 45.626)	(116, 46.1702)	(117, 45.5478)	(118, 46.0459)	(119, 46.8804)	(120, 46.6129)	(121, 46.4178)	(122, 46.701100000000004)	(123, 46.0495)	(124, 46.4226)	(125, 46.4705)	(126, 46.5014)	(127, 46.6858)	(128, 46.6419)	(129, 46.2504)	(130, 45.946999999999996)	(131, 46.0346)	(132, 46.4591)	(133, 46.276)	(134, 45.9403)	(135, 45.5401)	(136, 45.6017)	(137, 46.0613)	(138, 45.9285)	(139, 46.2093)	(140, 46.0152)	(141, 45.455400000000004)	(142, 46.0496)	(143, 46.8881)	(144, 45.6844)	(145, 45.8312)	(146, 46.753299999999996)	(147, 45.7829)	(148, 45.9249)	(149, 46.0877)	(150, 45.9418)
SFZ_Mock1	(1, 64.198)	(2, 41.280899999999995)	(3, 42.869)	(4, 46.542699999999996)	(5, 42.767300000000006)	(6, 37.819)	(7, 38.7291)	(8, 47.5912)	(9, 47.1828)	(10, 36.4815)	(11, 49.8502)	(12, 46.9891)	(13, 40.7565)	(14, 42.3739)	(15, 43.343399999999995)	(16, 43.3721)	(17, 43.7979)	(18, 42.936)	(19, 43.8407)	(20, 44.521899999999995)	(21, 43.8759)	(22, 44.0376)	(23, 43.315799999999996)	(24, 43.6992)	(25, 43.756299999999996)	(26, 44.573499999999996)	(27, 43.603500000000004)	(28, 44.1583)	(29, 44.2479)	(30, 43.2946)	(31, 44.1087)	(32, 44.5224)	(33, 44.2755)	(34, 43.1817)	(35, 43.980799999999995)	(36, 43.7864)	(37, 44.0282)	(38, 44.3736)	(39, 43.859300000000005)	(40, 43.6456)	(41, 43.5372)	(42, 43.662099999999995)	(43, 44.8297)	(44, 44.610699999999994)	(45, 44.4082)	(46, 45.0043)	(47, 44.3754)	(48, 44.4876)	(49, 44.3374)	(50, 45.2905)	(51, 44.6233)	(52, 45.029799999999994)	(53, 44.6284)	(54, 44.612)	(55, 44.624)	(56, 44.4093)	(57, 44.2695)	(58, 44.859500000000004)	(59, 44.1066)	(60, 44.3282)	(61, 44.2877)	(62, 45.096799999999995)	(63, 45.446)	(64, 44.614)	(65, 43.926700000000004)	(66, 43.8367)	(67, 44.805)	(68, 45.3808)	(69, 44.9856)	(70, 44.526900000000005)	(71, 44.6514)	(72, 43.8014)	(73, 44.876)	(74, 44.744)	(75, 44.1661)	(76, 44.5648)	(77, 44.931599999999996)	(78, 44.4371)	(79, 44.9996)	(80, 44.8638)	(81, 44.9111)	(82, 44.3471)	(83, 44.4999)	(84, 45.2046)	(85, 45.2906)	(86, 44.4477)	(87, 44.4547)	(88, 44.8851)	(89, 44.9334)	(90, 45.1551)	(91, 44.8816)	(92, 45.0144)	(93, 44.6123)	(94, 45.0811)	(95, 44.1399)	(96, 44.7437)	(97, 45.0729)	(98, 44.674)	(99, 44.5336)	(100, 44.238499999999995)	(101, 45.0105)	(102, 45.007200000000005)	(103, 44.4003)	(104, 45.0355)	(105, 44.5189)	(106, 44.559)	(107, 44.850899999999996)	(108, 45.1273)	(109, 45.0702)	(110, 44.9382)	(111, 44.8095)	(112, 44.595400000000005)	(113, 45.1575)	(114, 45.1603)	(115, 44.6255)	(116, 45.2964)	(117, 44.7077)	(118, 45.0306)	(119, 45.8637)	(120, 45.8059)	(121, 45.372099999999996)	(122, 45.6524)	(123, 45.189299999999996)	(124, 45.163799999999995)	(125, 45.349000000000004)	(126, 45.5112)	(127, 45.637100000000004)	(128, 45.5999)	(129, 45.2211)	(130, 44.798300000000005)	(131, 45.1181)	(132, 45.4623)	(133, 45.021699999999996)	(134, 44.6952)	(135, 44.6015)	(136, 44.611200000000004)	(137, 45.1528)	(138, 45.167)	(139, 45.308)	(140, 45.1686)	(141, 44.5185)	(142, 45.1088)	(143, 45.8281)	(144, 44.6663)	(145, 44.7341)	(146, 45.8297)	(147, 44.5693)	(148, 44.5165)	(149, 45.0511)	(150, 45.068599999999996)
SFZ_Mock2	(1, 65.0877)	(2, 41.171400000000006)	(3, 42.431000000000004)	(4, 48.2901)	(5, 44.4245)	(6, 39.4784)	(7, 37.8483)	(8, 46.2399)	(9, 48.3922)	(10, 35.620000000000005)	(11, 50.8373)	(12, 48.0965)	(13, 39.7749)	(14, 43.7631)	(15, 42.3264)	(16, 44.7264)	(17, 45.1864)	(18, 41.8624)	(19, 45.1524)	(20, 43.4411)	(21, 45.1897)	(22, 43.0012)	(23, 42.261700000000005)	(24, 45.0322)	(25, 42.8145)	(26, 46.052)	(27, 45.0374)	(28, 43.2085)	(29, 45.6466)	(30, 42.2366)	(31, 45.5424)	(32, 43.5494)	(33, 45.6695)	(34, 42.1975)	(35, 45.408)	(36, 42.416399999999996)	(37, 45.708)	(38, 43.0763)	(39, 45.6761)	(40, 45.458)	(41, 45.3083)	(42, 42.626)	(43, 43.4276)	(44, 43.5725)	(45, 43.4351)	(46, 46.403299999999994)	(47, 43.4458)	(48, 44.407999999999994)	(49, 45.874900000000004)	(50, 44.217800000000004)	(51, 44.901)	(52, 45.009)	(53, 45.983000000000004)	(54, 45.423)	(55, 46.0132)	(56, 45.553)	(57, 43.4427)	(58, 45.7216)	(59, 43.214000000000006)	(60, 43.3468)	(61, 44.6577)	(62, 44.1402)	(63, 45.6363)	(64, 45.0953)	(65, 42.9715)	(66, 42.808)	(67, 44.5686)	(68, 46.2773)	(69, 44.3957)	(70, 43.8736)	(71, 43.9917)	(72, 43.533699999999996)	(73, 45.1601)	(74, 46.0077)	(75, 45.5469)	(76, 45.9458)	(77, 46.3172)	(78, 45.8393)	(79, 46.3617)	(80, 46.2492)	(81, 46.2836)	(82, 45.8258)	(83, 45.948899999999995)	(84, 46.6534)	(85, 46.7914)	(86, 45.8393)	(87, 45.868900000000004)	(88, 46.2697)	(89, 46.269)	(90, 46.6258)	(91, 46.3294)	(92, 46.4865)	(93, 46.0943)	(94, 46.4518)	(95, 45.586)	(96, 46.226800000000004)	(97, 46.524300000000004)	(98, 46.096)	(99, 45.9324)	(100, 45.7322)	(101, 46.4386)	(102, 46.4831)	(103, 45.9238)	(104, 46.417)	(105, 45.9071)	(106, 45.9632)	(107, 46.2601)	(108, 46.4848)	(109, 46.4741)	(110, 46.3218)	(111, 46.206399999999995)	(112, 46.049)	(113, 46.5746)	(114, 46.6132)	(115, 46.0336)	(116, 46.7397)	(117, 46.076899999999995)	(118, 46.4553)	(119, 47.219)	(120, 47.1958)	(121, 46.8239)	(122, 47.0598)	(123, 46.5802)	(124, 46.6607)	(125, 46.8794)	(126, 46.9827)	(127, 47.1308)	(128, 47.0338)	(129, 46.671)	(130, 46.2694)	(131, 46.5286)	(132, 46.8374)	(133, 46.495999999999995)	(134, 46.1458)	(135, 45.988)	(136, 46.0063)	(137, 46.5013)	(138, 46.515699999999995)	(139, 46.6215)	(140, 46.4786)	(141, 45.8236)	(142, 46.451)	(143, 47.2294)	(144, 46.0233)	(145, 46.1069)	(146, 47.145700000000005)	(147, 45.8894)	(148, 45.8688)	(149, 46.417500000000004)	(150, 46.2699)
SFZ_Mock3	(1, 65.1901)	(2, 42.8646)	(3, 44.3517)	(4, 47.545500000000004)	(5, 43.2187)	(6, 37.8342)	(7, 38.437)	(8, 47.0538)	(9, 46.908300000000004)	(10, 36.4786)	(11, 49.4838)	(12, 46.72)	(13, 40.815)	(14, 42.587599999999995)	(15, 43.228100000000005)	(16, 43.3875)	(17, 43.951299999999996)	(18, 42.8334)	(19, 43.923899999999996)	(20, 44.3421)	(21, 43.9012)	(22, 43.9284)	(23, 43.2992)	(24, 43.7905)	(25, 43.7667)	(26, 44.8656)	(27, 43.788199999999996)	(28, 44.2363)	(29, 44.4648)	(30, 43.3471)	(31, 44.4691)	(32, 44.5382)	(33, 44.4891)	(34, 43.296800000000005)	(35, 44.290600000000005)	(36, 43.9099)	(37, 44.0303)	(38, 43.946600000000004)	(39, 43.7866)	(40, 44.1284)	(41, 44.101)	(42, 44.1169)	(43, 44.3942)	(44, 44.493100000000005)	(45, 44.3334)	(46, 45.2555)	(47, 44.4286)	(48, 44.5034)	(49, 44.6635)	(50, 45.3343)	(51, 44.7992)	(52, 45.3829)	(53, 44.9111)	(54, 44.876599999999996)	(55, 44.8976)	(56, 44.6025)	(57, 44.4116)	(58, 44.9855)	(59, 44.2234)	(60, 44.441900000000004)	(61, 44.4027)	(62, 44.996)	(63, 45.6021)	(64, 44.784400000000005)	(65, 43.9373)	(66, 43.9452)	(67, 44.9307)	(68, 45.4783)	(69, 45.1813)	(70, 44.749)	(71, 44.6676)	(72, 43.9956)	(73, 45.021899999999995)	(74, 44.8455)	(75, 44.435599999999994)	(76, 44.7957)	(77, 45.1174)	(78, 44.6073)	(79, 45.1498)	(80, 44.9698)	(81, 45.1002)	(82, 44.6414)	(83, 44.837199999999996)	(84, 45.5005)	(85, 45.5629)	(86, 44.6918)	(87, 44.6635)	(88, 45.0165)	(89, 45.0656)	(90, 45.353300000000004)	(91, 45.0125)	(92, 45.2536)	(93, 44.859500000000004)	(94, 45.2898)	(95, 44.3751)	(96, 45.0031)	(97, 45.3071)	(98, 44.850899999999996)	(99, 44.7117)	(100, 44.4737)	(101, 45.155499999999996)	(102, 45.2094)	(103, 44.606899999999996)	(104, 45.147)	(105, 44.612)	(106, 44.7145)	(107, 45.0)	(108, 45.1269)	(109, 45.247)	(110, 45.1489)	(111, 44.9771)	(112, 44.908300000000004)	(113, 45.4047)	(114, 45.3469)	(115, 44.8551)	(116, 45.407799999999995)	(117, 44.7845)	(118, 45.2203)	(119, 45.9912)	(120, 45.8841)	(121, 45.5859)	(122, 45.8239)	(123, 45.3119)	(124, 45.428200000000004)	(125, 45.6136)	(126, 45.7196)	(127, 45.885)	(128, 45.8247)	(129, 45.4204)	(130, 45.0379)	(131, 45.35)	(132, 45.6364)	(133, 45.2716)	(134, 44.9423)	(135, 44.8727)	(136, 44.8677)	(137, 45.2593)	(138, 45.2269)	(139, 45.4839)	(140, 45.319199999999995)	(141, 44.6724)	(142, 45.2706)	(143, 45.9741)	(144, 44.852)	(145, 44.9244)	(146, 45.9723)	(147, 44.7911)	(148, 44.7729)	(149, 45.162600000000005)	(150, 45.068599999999996)
SFZ_P1	(1, 64.5945)	(2, 42.1569)	(3, 43.4869)	(4, 47.3825)	(5, 43.3002)	(6, 38.2113)	(7, 38.5627)	(8, 47.517700000000005)	(9, 47.4934)	(10, 36.6485)	(11, 50.1143)	(12, 47.4788)	(13, 41.047200000000004)	(14, 43.0489)	(15, 43.418099999999995)	(16, 44.002599999999994)	(17, 44.2405)	(18, 42.9765)	(19, 44.2753)	(20, 44.256)	(21, 44.317099999999996)	(22, 43.9721)	(23, 43.338)	(24, 44.179899999999996)	(25, 43.8253)	(26, 44.9658)	(27, 44.1205)	(28, 44.1023)	(29, 44.7319)	(30, 43.4563)	(31, 44.7015)	(32, 44.3801)	(33, 44.6461)	(34, 44.2048)	(35, 44.6454)	(36, 43.580799999999996)	(37, 44.0064)	(38, 44.7232)	(39, 43.8935)	(40, 44.5366)	(41, 44.4721)	(42, 43.834)	(43, 45.1257)	(44, 44.524)	(45, 44.3639)	(46, 45.244099999999996)	(47, 44.3564)	(48, 44.4632)	(49, 44.8719)	(50, 45.305299999999995)	(51, 45.0388)	(52, 45.4093)	(53, 45.059900000000006)	(54, 45.0108)	(55, 45.1129)	(56, 44.9067)	(57, 44.7586)	(58, 45.0773)	(59, 44.3743)	(60, 44.4533)	(61, 44.414300000000004)	(62, 44.9451)	(63, 45.3952)	(64, 44.7791)	(65, 44.1207)	(66, 43.9536)	(67, 44.8958)	(68, 45.6596)	(69, 45.2298)	(70, 44.7909)	(71, 44.8735)	(72, 44.2182)	(73, 45.1662)	(74, 45.1818)	(75, 44.7463)	(76, 44.993100000000005)	(77, 45.364599999999996)	(78, 44.9988)	(79, 45.298100000000005)	(80, 45.2977)	(81, 45.2749)	(82, 45.0475)	(83, 45.0861)	(84, 45.5257)	(85, 45.7509)	(86, 45.0058)	(87, 44.9821)	(88, 45.372299999999996)	(89, 45.343)	(90, 45.6252)	(91, 45.378800000000005)	(92, 45.5824)	(93, 45.267)	(94, 45.483200000000004)	(95, 44.99)	(96, 45.3331)	(97, 45.542899999999996)	(98, 45.2143)	(99, 45.0978)	(100, 44.9383)	(101, 45.4775)	(102, 45.4484)	(103, 45.0915)	(104, 45.4159)	(105, 45.095600000000005)	(106, 45.1787)	(107, 45.3636)	(108, 45.551700000000004)	(109, 45.5358)	(110, 45.3792)	(111, 45.306200000000004)	(112, 45.2122)	(113, 45.6875)	(114, 45.6607)	(115, 45.170300000000005)	(116, 45.7091)	(117, 45.2066)	(118, 45.550200000000004)	(119, 46.0928)	(120, 46.1107)	(121, 45.786500000000004)	(122, 45.9529)	(123, 45.6)	(124, 45.6403)	(125, 45.8368)	(126, 45.9235)	(127, 46.0269)	(128, 45.9646)	(129, 45.6656)	(130, 45.466)	(131, 45.5649)	(132, 45.8196)	(133, 45.6142)	(134, 45.236399999999996)	(135, 45.153999999999996)	(136, 45.1141)	(137, 45.5533)	(138, 45.6075)	(139, 45.684200000000004)	(140, 45.6025)	(141, 45.1077)	(142, 45.5698)	(143, 46.1997)	(144, 45.205400000000004)	(145, 45.3492)	(146, 46.109899999999996)	(147, 45.1339)	(148, 45.1809)	(149, 45.555099999999996)	(150, 45.3904)
SFZ_P2	(1, 64.7881)	(2, 42.0574)	(3, 43.4607)	(4, 47.537)	(5, 43.4271)	(6, 38.3093)	(7, 38.549099999999996)	(8, 47.4046)	(9, 47.5679)	(10, 36.597)	(11, 50.2302)	(12, 47.5901)	(13, 40.9567)	(14, 43.2329)	(15, 43.4357)	(16, 44.1174)	(17, 44.379000000000005)	(18, 42.9807)	(19, 44.461)	(20, 44.2656)	(21, 44.4823)	(22, 43.9685)	(23, 43.359500000000004)	(24, 44.3479)	(25, 43.8652)	(26, 45.1597)	(27, 44.2871)	(28, 44.1495)	(29, 44.92)	(30, 43.4859)	(31, 44.9058)	(32, 44.4292)	(33, 44.8492)	(34, 44.3898)	(35, 44.8133)	(36, 44.504)	(37, 44.031)	(38, 43.976)	(39, 44.8153)	(40, 43.7791)	(41, 43.684200000000004)	(42, 43.8716)	(43, 45.2987)	(44, 44.5312)	(45, 44.4159)	(46, 45.419)	(47, 44.3361)	(48, 44.5652)	(49, 45.0584)	(50, 45.6434)	(51, 45.173)	(52, 45.5938)	(53, 45.2355)	(54, 45.1678)	(55, 45.285599999999995)	(56, 45.051)	(57, 44.8812)	(58, 45.2155)	(59, 44.3969)	(60, 44.5311)	(61, 44.5557)	(62, 45.0025)	(63, 45.652100000000004)	(64, 44.9017)	(65, 44.175399999999996)	(66, 43.995)	(67, 45.1257)	(68, 45.8739)	(69, 45.3897)	(70, 45.007999999999996)	(71, 45.041199999999996)	(72, 44.4166)	(73, 45.407199999999996)	(74, 45.4042)	(75, 44.9299)	(76, 45.2059)	(77, 45.5504)	(78, 45.148700000000005)	(79, 45.5197)	(80, 45.48)	(81, 45.4258)	(82, 45.2111)	(83, 45.2552)	(84, 45.7505)	(85, 45.9717)	(86, 45.2228)	(87, 45.1691)	(88, 45.5783)	(89, 45.5327)	(90, 45.8059)	(91, 45.545)	(92, 45.7243)	(93, 45.418)	(94, 45.6687)	(95, 45.1215)	(96, 45.5193)	(97, 45.7406)	(98, 45.358399999999996)	(99, 45.2289)	(100, 45.075199999999995)	(101, 45.659)	(102, 45.6139)	(103, 45.232499999999995)	(104, 45.6125)	(105, 45.295)	(106, 45.3299)	(107, 45.5543)	(108, 45.7327)	(109, 45.7431)	(110, 45.5773)	(111, 45.467999999999996)	(112, 45.4043)	(113, 45.8999)	(114, 45.826699999999995)	(115, 45.3694)	(116, 45.9131)	(117, 45.3741)	(118, 45.7776)	(119, 46.3581)	(120, 46.3694)	(121, 46.0225)	(122, 46.2502)	(123, 45.843)	(124, 45.8714)	(125, 46.069500000000005)	(126, 46.1845)	(127, 46.2936)	(128, 46.2421)	(129, 45.940799999999996)	(130, 45.6957)	(131, 45.8296)	(132, 46.0542)	(133, 45.8416)	(134, 45.4483)	(135, 45.396)	(136, 45.391799999999996)	(137, 45.838)	(138, 45.8424)	(139, 45.9676)	(140, 45.8655)	(141, 45.3551)	(142, 45.873799999999996)	(143, 46.4523)	(144, 45.463300000000004)	(145, 45.6301)	(146, 46.3709)	(147, 45.4149)	(148, 45.4582)	(149, 45.8465)	(150, 45.7117)
SFZ_P3	(1, 64.8416)	(2, 42.5421)	(3, 44.004599999999996)	(4, 47.2827)	(5, 43.018499999999996)	(6, 37.838699999999996)	(7, 38.7199)	(8, 47.5955)	(9, 47.1609)	(10, 36.8257)	(11, 49.7566)	(12, 47.1094)	(13, 41.2478)	(14, 42.7992)	(15, 43.662099999999995)	(16, 43.7482)	(17, 43.9562)	(18, 43.1456)	(19, 43.9879)	(20, 44.4795)	(21, 44.059599999999996)	(22, 44.197199999999995)	(23, 43.6064)	(24, 43.9732)	(25, 44.0753)	(26, 44.765100000000004)	(27, 43.8878)	(28, 44.3578)	(29, 44.5257)	(30, 43.6711)	(31, 44.4786)	(32, 44.6527)	(33, 44.4351)	(34, 43.6404)	(35, 44.0885)	(36, 44.1119)	(37, 44.2774)	(38, 44.512)	(39, 44.1425)	(40, 44.0159)	(41, 44.262499999999996)	(42, 44.3917)	(43, 44.9097)	(44, 44.7525)	(45, 44.6537)	(46, 45.0974)	(47, 44.628299999999996)	(48, 44.6916)	(49, 44.6772)	(50, 45.2946)	(51, 44.844899999999996)	(52, 45.2967)	(53, 44.861200000000004)	(54, 44.856899999999996)	(55, 45.0368)	(56, 44.7395)	(57, 44.635000000000005)	(58, 45.0816)	(59, 44.538)	(60, 44.681599999999996)	(61, 44.603500000000004)	(62, 45.178000000000004)	(63, 45.5458)	(64, 44.8926)	(65, 44.292300000000004)	(66, 44.187799999999996)	(67, 45.0987)	(68, 45.5297)	(69, 45.1993)	(70, 44.8883)	(71, 44.9677)	(72, 44.2539)	(73, 45.1129)	(74, 45.0367)	(75, 44.5853)	(76, 44.8183)	(77, 45.1804)	(78, 44.756099999999996)	(79, 45.122099999999996)	(80, 45.1117)	(81, 45.0661)	(82, 44.8298)	(83, 44.873000000000005)	(84, 45.3671)	(85, 45.523599999999995)	(86, 44.8146)	(87, 44.7477)	(88, 45.2112)	(89, 45.129999999999995)	(90, 45.4245)	(91, 45.1332)	(92, 45.3839)	(93, 45.0505)	(94, 45.2442)	(95, 44.7637)	(96, 45.1166)	(97, 45.359)	(98, 44.953500000000005)	(99, 44.8494)	(100, 44.7081)	(101, 45.2835)	(102, 45.2579)	(103, 44.878299999999996)	(104, 45.2046)	(105, 44.856)	(106, 44.975)	(107, 45.1679)	(108, 45.312799999999996)	(109, 45.3585)	(110, 45.1462)	(111, 45.096000000000004)	(112, 45.0512)	(113, 45.5004)	(114, 45.4251)	(115, 44.9694)	(116, 45.4858)	(117, 44.9647)	(118, 45.4029)	(119, 45.8917)	(120, 45.939)	(121, 45.5875)	(122, 45.7635)	(123, 45.4024)	(124, 45.4568)	(125, 45.6452)	(126, 45.738299999999995)	(127, 45.848)	(128, 45.7553)	(129, 45.4653)	(130, 45.274300000000004)	(131, 45.382)	(132, 45.6106)	(133, 45.420300000000005)	(134, 45.051)	(135, 44.9785)	(136, 44.9056)	(137, 45.3677)	(138, 45.368700000000004)	(139, 45.4812)	(140, 45.386500000000005)	(141, 44.8851)	(142, 45.3915)	(143, 46.0004)	(144, 44.988099999999996)	(145, 45.1225)	(146, 45.8916)	(147, 44.9168)	(148, 44.9314)	(149, 45.3243)	(150, 45.154300000000006)
