Sample	0	1	2	3	4	5	6	7	8	9	10	11	12	13	14	15	16	17	18	19	20	21	22	23	24	25	26	27	28	29	30	31	32	33	34	35	36	37	38	39	40	41	42	43	44	45	46	47	48	49	50	51	52	53	54	55	56	57	58	59	60	61	62	63	64	65	66	67	68	69	70	71	72	73	74	75	76	77	78	79	80	81	82	83	84	85	86	87	88	89	90	91	92	93	94	95	96	97	98	99	100
GW_Mock1_R1	(0.0, 0.00026674074438196363)	(1.0, 0.00014527844113660518)	(2.0, 2.85793654694961e-05)	(3.0, 3.81058206259948e-05)	(4.0, 3.81058206259948e-05)	(5.0, 5.239550336074285e-05)	(6.0, 6.906679988461557e-05)	(7.0, 9.764616535411169e-05)	(8.0, 0.00015480489629310387)	(9.0, 0.00019291071691909868)	(10.0, 0.00024054299270159218)	(11.0, 0.00037867659247082337)	(12.0, 0.0006859047712679064)	(13.0, 0.0010860158878408517)	(14.0, 0.0018195529348912518)	(15.0, 0.0028245939539018644)	(16.0, 0.00417735058612468)	(17.0, 0.006685189906072963)	(18.0, 0.010233794451868727)	(19.0, 0.015235183409030545)	(20.0, 0.022494342238282557)	(21.0, 0.032906757724335635)	(22.0, 0.04808240078863806)	(23.0, 0.06654467088193255)	(24.0, 0.09334973407853075)	(25.0, 0.12745682515258522)	(26.0, 0.16684871722470734)	(27.0, 0.22299288068953244)	(28.0, 0.29467707412839605)	(29.0, 0.3791052829528658)	(30.0, 0.49693562516980905)	(31.0, 0.6481299949585999)	(32.0, 0.8104131585495553)	(33.0, 0.9788242144199284)	(34.0, 1.2045107003049609)	(35.0, 1.532161217343788)	(36.0, 1.8923779213351062)	(37.0, 2.315100079222001)	(38.0, 2.8883735711746232)	(39.0, 3.6010024307702975)	(40.0, 4.451452898728828)	(41.0, 5.408532979254048)	(42.0, 6.378647632047148)	(43.0, 6.972350607082882)	(44.0, 7.373916889680982)	(45.0, 7.172046541687196)	(46.0, 6.306187032513029)	(47.0, 5.6928833759928)	(48.0, 5.1578514566521525)	(49.0, 4.509528550976634)	(50.0, 3.9452408878503786)	(51.0, 3.3689832338199825)	(52.0, 2.756401206277858)	(53.0, 2.2636667478320645)	(54.0, 1.8423449788531747)	(55.0, 1.545131486039361)	(56.0, 1.321783744895249)	(57.0, 1.0853942866418902)	(58.0, 0.8830666688005926)	(59.0, 0.7344206257661652)	(60.0, 0.6110863740825547)	(61.0, 0.49818597240909956)	(62.0, 0.39274002189560453)	(63.0, 0.32072002091247437)	(64.0, 0.2622680736859874)	(65.0, 0.2068383943578998)	(66.0, 0.16051838777321395)	(67.0, 0.12342713462138628)	(68.0, 0.09656967592142732)	(69.0, 0.07445162866182647)	(70.0, 0.05460802257083967)	(71.0, 0.03770809112321098)	(72.0, 0.02449013459356903)	(73.0, 0.01601635273186344)	(74.0, 0.010803000147469526)	(75.0, 0.0072615404430411345)	(76.0, 0.005106179963883303)	(77.0, 0.004001111165729454)	(78.0, 0.003531933249271893)	(79.0, 0.0036748300766193736)	(80.0, 0.0031080059948077007)	(81.0, 0.002105346589586213)	(82.0, 0.0015861547835570335)	(83.0, 0.0010574365223713557)	(84.0, 0.0008335648261936361)	(85.0, 0.0008454728951392596)	(86.0, 0.0007454451159960233)	(87.0, 0.0006835231574787818)	(88.0, 0.0007216289781047765)	(89.0, 0.0006978128402135297)	(90.0, 0.0005834953783355454)	(91.0, 0.0005477711714986752)	(92.0, 0.000571587309389922)	(93.0, 0.0006382724954854128)	(94.0, 0.0007835509366220182)	(95.0, 0.0010883975016299763)	(96.0, 0.001824316162469501)	(97.0, 0.0038439246556472256)	(98.0, 0.012103361276331598)	(99.0, 0.012074781910862102)	(100.0, 0.0029793988501949685)
GW_Mock1_R2	(0.0, 0.0026677098891743113)	(1.0, 0.0015891724384526759)	(2.0, 0.00037223858918711326)	(3.0, 0.000241000625050631)	(4.0, 0.00023384219064318651)	(5.0, 0.00021713917702581605)	(6.0, 0.00022906990103822354)	(7.0, 0.000245772914655594)	(8.0, 0.0002911096659027424)	(9.0, 0.0003436048515573353)	(10.0, 0.0003865554580020022)	(11.0, 0.0005273380013484104)	(12.0, 0.000732546454361819)	(13.0, 0.0011334187811787102)	(14.0, 0.001861192945935566)	(15.0, 0.002763155681273571)	(16.0, 0.004159050390725246)	(17.0, 0.006261243961711443)	(18.0, 0.009472994865851537)	(19.0, 0.01373942177268845)	(20.0, 0.020100883816104115)	(21.0, 0.02972897809411695)	(22.0, 0.04480464095619503)	(23.0, 0.06354064994527973)	(24.0, 0.0896570048084397)	(25.0, 0.12278623924609278)	(26.0, 0.1620478658261233)	(27.0, 0.21895980551010943)	(28.0, 0.2906085754942213)	(29.0, 0.3747583580985337)	(30.0, 0.4914670865327061)	(31.0, 0.6422714380495366)	(32.0, 0.8065837552932149)	(33.0, 0.9759976501245986)	(34.0, 1.201395274311803)	(35.0, 1.5274762784397142)	(36.0, 1.8858322771659903)	(37.0, 2.313909040875973)	(38.0, 2.880940561013663)	(39.0, 3.5797660170268135)	(40.0, 4.420703099041354)	(41.0, 5.375359070052559)	(42.0, 6.355556335029525)	(43.0, 6.9559652486643255)	(44.0, 7.3582644900731005)	(45.0, 7.163349865737597)	(46.0, 6.302648346324102)	(47.0, 5.673779883630104)	(48.0, 5.141943999329016)	(49.0, 4.522710789347438)	(50.0, 3.96125807575795)	(51.0, 3.3740707904736986)	(52.0, 2.7600298315823206)	(53.0, 2.2653533802902768)	(54.0, 1.8421682134253812)	(55.0, 1.544007489631306)	(56.0, 1.3206118409333836)	(57.0, 1.0847247241944702)	(58.0, 0.8815134743807388)	(59.0, 0.7289123558276397)	(60.0, 0.6034082976515205)	(61.0, 0.49119029373561823)	(62.0, 0.3880444123587507)	(63.0, 0.31709716894656836)	(64.0, 0.25842425439835087)	(65.0, 0.20270538711560548)	(66.0, 0.15616124659840147)	(67.0, 0.11915691300151841)	(68.0, 0.09288784487099964)	(69.0, 0.07217372184065779)	(70.0, 0.05311081101363312)	(71.0, 0.036944679976820986)	(72.0, 0.023892467907247212)	(73.0, 0.015483693623302423)	(74.0, 0.010666067267092284)	(75.0, 0.007690544698397859)	(76.0, 0.005497677624917365)	(77.0, 0.004306991368479099)	(78.0, 0.003949069648106874)	(79.0, 0.004111327494675616)	(80.0, 0.003560128045302391)	(81.0, 0.0028299677357430534)	(82.0, 0.002493521318593162)	(83.0, 0.002216728521505309)	(84.0, 0.0021523026118383084)	(85.0, 0.0022644514175549388)	(86.0, 0.0024314815537286438)	(87.0, 0.0026677098891743113)	(88.0, 0.0028371261701504976)	(89.0, 0.002939730396657202)	(90.0, 0.0031807310217078335)	(91.0, 0.003426503936363427)	(92.0, 0.0037080690230562436)	(93.0, 0.004111327494675616)	(94.0, 0.004688774536876138)	(95.0, 0.005411776412028032)	(96.0, 0.006755175935825113)	(97.0, 0.009561282223543351)	(98.0, 0.014975444780373864)	(99.0, 0.03206501385574633)	(100.0, 0.21578861906761154)
GW_Mock2_R1	(0.0, 0.00028658156862013703)	(1.0, 0.00016830981014198524)	(2.0, 4.548913787621223e-05)	(3.0, 3.86657671947804e-05)	(4.0, 5.003805166383346e-05)	(5.0, 4.776359477002284e-05)	(6.0, 3.86657671947804e-05)	(7.0, 7.960599128337141e-05)	(8.0, 0.00015011415499150034)	(9.0, 0.00023654351695630359)	(10.0, 0.0003548152754344554)	(11.0, 0.0004958316028507133)	(12.0, 0.000673239240567941)	(13.0, 0.0010576224556219343)	(14.0, 0.0017808997478537087)	(15.0, 0.0027293482725727334)	(16.0, 0.003989397391743812)	(17.0, 0.0061091912167753025)	(18.0, 0.009875691832925674)	(19.0, 0.014565621947963155)	(20.0, 0.021102411060774852)	(21.0, 0.03113731487626727)	(22.0, 0.04549368678999985)	(23.0, 0.06378259467313098)	(24.0, 0.09043695501169753)	(25.0, 0.123289210385898)	(26.0, 0.16190721398590838)	(27.0, 0.21850025041770402)	(28.0, 0.2906028084083942)	(29.0, 0.3767478632614711)	(30.0, 0.4953721625581635)	(31.0, 0.6456273338770802)	(32.0, 0.8075027054664752)	(33.0, 0.9741407897915098)	(34.0, 1.2010383350611624)	(35.0, 1.5348057864002944)	(36.0, 1.8951320708884527)	(37.0, 2.32159728739173)	(38.0, 2.9082206605295755)	(39.0, 3.6431317997731907)	(40.0, 4.504871204329474)	(41.0, 5.455307604373689)	(42.0, 6.435698601709391)	(43.0, 7.02982768259681)	(44.0, 7.417456547638272)	(45.0, 7.214292960055533)	(46.0, 6.340947001970135)	(47.0, 5.703484968341835)	(48.0, 5.16218924664074)	(49.0, 4.511846963622792)	(50.0, 3.923206147220136)	(51.0, 3.334876931411933)	(52.0, 2.7308221206399232)	(53.0, 2.241943532513589)	(54.0, 1.8109248533089026)	(55.0, 1.507598733036532)	(56.0, 1.2812447829644997)	(57.0, 1.0510765686815475)	(58.0, 0.8600221896014559)	(59.0, 0.7113318446254812)	(60.0, 0.5876082129728653)	(61.0, 0.4812864510147945)	(62.0, 0.3819222526948903)	(63.0, 0.312282931520197)	(64.0, 0.2562926261652611)	(65.0, 0.20104834267149518)	(66.0, 0.15519301723537943)	(67.0, 0.12025508488955465)	(68.0, 0.09339829788743895)	(69.0, 0.07195699274948632)	(70.0, 0.053281427194407385)	(71.0, 0.03685757396420096)	(72.0, 0.023984147945232896)	(73.0, 0.015498149274425506)	(74.0, 0.010671751745759388)	(75.0, 0.007446571870335941)	(76.0, 0.004971962769869997)	(77.0, 0.00398029956416857)	(78.0, 0.003655052228353653)	(79.0, 0.0036459544007784103)	(80.0, 0.0030682423497505147)	(81.0, 0.0022903780920672857)	(82.0, 0.001644432334225072)	(83.0, 0.0009916632057014266)	(84.0, 0.0008529213351789794)	(85.0, 0.0007755898007894185)	(86.0, 0.0007414729473822593)	(87.0, 0.0007414729473822593)	(88.0, 0.0006504946716298348)	(89.0, 0.0006004566199660014)	(90.0, 0.0006072799906474333)	(91.0, 0.0006277501026917288)	(92.0, 0.0006937093526122364)	(93.0, 0.0007892365421522823)	(94.0, 0.0009507229816128356)	(95.0, 0.0012100110675072452)	(96.0, 0.0018968970494380498)	(97.0, 0.003975750650380949)	(98.0, 0.013269181518491107)	(99.0, 0.013612624509456508)	(100.0, 0.0034594489354859395)
GW_Mock2_R2	(0.0, 0.002796910243232798)	(1.0, 0.0016011627858246395)	(2.0, 0.0003530302017109802)	(3.0, 0.0002459823340953927)	(4.0, 0.00019587482159447937)	(5.0, 0.0001935972073898924)	(6.0, 0.00021181812102658812)	(7.0, 0.00024825994829997963)	(8.0, 0.0003029226892100669)	(9.0, 0.0003484749733018063)	(10.0, 0.00040086010000730664)	(11.0, 0.0005557378659192205)	(12.0, 0.0007561679159228739)	(13.0, 0.0010727562903604627)	(14.0, 0.0017742614653732491)	(15.0, 0.0026488653199346454)	(16.0, 0.0038218366352969343)	(17.0, 0.006024289571132534)	(18.0, 0.009442988492217573)	(19.0, 0.013649741928089707)	(20.0, 0.019981509416841483)	(21.0, 0.02921951263064623)	(22.0, 0.04304463085248913)	(23.0, 0.0613156520016858)	(24.0, 0.08747632875557172)	(25.0, 0.12033091365673877)	(26.0, 0.1594739913767704)	(27.0, 0.21604765060450615)	(28.0, 0.2875761246995599)	(29.0, 0.3721439401158741)	(30.0, 0.48920192216062136)	(31.0, 0.6429636571122876)	(32.0, 0.8088878519164483)	(33.0, 0.9769051741746245)	(34.0, 1.2025962433213517)	(35.0, 1.537027447437675)	(36.0, 1.8940184202504318)	(37.0, 2.318135238900776)	(38.0, 2.901031376595492)	(39.0, 3.625410631064945)	(40.0, 4.481615918081688)	(41.0, 5.441951448917942)	(42.0, 6.431718310505868)	(43.0, 7.026612919830348)	(44.0, 7.412438488473176)	(45.0, 7.202417405054009)	(46.0, 6.329913510789241)	(47.0, 5.6877925709326504)	(48.0, 5.148972823325101)	(49.0, 4.518269563476106)	(50.0, 3.9229604283663915)	(51.0, 3.331288643141402)	(52.0, 2.734524112554957)	(53.0, 2.2391225245294493)	(54.0, 1.813680134412036)	(55.0, 1.5108690482979934)	(56.0, 1.2789077072460382)	(57.0, 1.0447370804156337)	(58.0, 0.8529118568769098)	(59.0, 0.7077002856492631)	(60.0, 0.5815614557708275)	(61.0, 0.4741742236387565)	(62.0, 0.3773141243602865)	(63.0, 0.3075917983294702)	(64.0, 0.2530725471142719)	(65.0, 0.19900654112578642)	(66.0, 0.15269125627551042)	(67.0, 0.11746795260157293)	(68.0, 0.09089502767665678)	(69.0, 0.06945356755467504)	(70.0, 0.050988949198088475)	(71.0, 0.03550345022110168)	(72.0, 0.02292874219757702)	(73.0, 0.015241794257095998)	(74.0, 0.01091204965417617)	(75.0, 0.007648228499003043)	(76.0, 0.005315951553505986)	(77.0, 0.00434341028814735)	(78.0, 0.0040382099847326965)	(79.0, 0.0042500281057592845)	(80.0, 0.0037443977523409773)	(81.0, 0.002913068567666734)	(82.0, 0.0024985427824319056)	(83.0, 0.0021090707534475333)	(84.0, 0.00208173938299249)	(85.0, 0.002131846895493403)	(86.0, 0.0023231664886787084)	(87.0, 0.0025645935943649275)	(88.0, 0.0026124234926612534)	(89.0, 0.002806020700051146)	(90.0, 0.003095277704033691)	(91.0, 0.003256988312559366)	(92.0, 0.0035189139460868675)	(93.0, 0.003953938259162979)	(94.0, 0.004530174652923481)	(95.0, 0.005072246833615181)	(96.0, 0.005933185002949055)	(97.0, 0.008178912608671806)	(98.0, 0.012278618176928352)	(99.0, 0.024245203207828286)	(100.0, 0.15791382564662834)
GW_Mock3_R1	(0.0, 0.00026989641530439216)	(1.0, 0.00015707086464435938)	(2.0, 3.76085168866776e-05)	(3.0, 3.539625118746127e-05)	(4.0, 3.76085168866776e-05)	(5.0, 5.530664248040823e-05)	(6.0, 9.955195646473482e-05)	(7.0, 0.00012609914485533076)	(8.0, 0.00016813219314044101)	(9.0, 0.00026989641530439216)	(10.0, 0.00036059930897226164)	(11.0, 0.0004955475166244578)	(12.0, 0.0007720807290264989)	(13.0, 0.0011570149606901403)	(14.0, 0.002015374051986076)	(15.0, 0.0031967239353675957)	(16.0, 0.004860347741178275)	(17.0, 0.007528340174433168)	(18.0, 0.011853319616401093)	(19.0, 0.01723797432829364)	(20.0, 0.024480932227527896)	(21.0, 0.03582764299880845)	(22.0, 0.051992668462982165)	(23.0, 0.0723986072725536)	(24.0, 0.10108726885999095)	(25.0, 0.13655210028412793)	(26.0, 0.1783417993423244)	(27.0, 0.23767034086390793)	(28.0, 0.31386740834201593)	(29.0, 0.4028137630447077)	(30.0, 0.5225769789374829)	(31.0, 0.6768161434868453)	(32.0, 0.840638843045213)	(33.0, 1.0095232065233875)	(34.0, 1.2354619023843514)	(35.0, 1.570812622931457)	(36.0, 1.9338299383129622)	(37.0, 2.3596202929097307)	(38.0, 2.9450831366131367)	(39.0, 3.6724561881241726)	(40.0, 4.527715895175506)	(41.0, 5.480268835412675)	(42.0, 6.437343646739042)	(43.0, 7.0083471218323705)	(44.0, 7.37154584300121)	(45.0, 7.136881971222538)	(46.0, 6.260070371729438)	(47.0, 5.621349443583099)	(48.0, 5.080286772462964)	(49.0, 4.463513732318549)	(50.0, 3.8972577794157393)	(51.0, 3.3022357356260192)	(52.0, 2.7014042821101576)	(53.0, 2.2203625916754612)	(54.0, 1.803146978928855)	(55.0, 1.5013673903673572)	(56.0, 1.275178708482382)	(57.0, 1.0472511857578228)	(58.0, 0.8556291554231028)	(59.0, 0.7121017813893458)	(60.0, 0.5887967281121252)	(61.0, 0.47972096781226414)	(62.0, 0.38332370223461176)	(63.0, 0.31526556026392066)	(64.0, 0.2590474643154353)	(65.0, 0.20413681739518677)	(66.0, 0.15834512968710798)	(67.0, 0.1234753977360602)	(68.0, 0.09751003522435814)	(69.0, 0.0754227744833823)	(70.0, 0.05589952968779821)	(71.0, 0.03902436693417605)	(72.0, 0.02563131039112039)	(73.0, 0.017536630197687843)	(74.0, 0.013149707316141861)	(75.0, 0.009997228694758591)	(76.0, 0.006822627416383159)	(77.0, 0.005324923538013704)	(78.0, 0.0052054611902560225)	(79.0, 0.005537301045138472)	(80.0, 0.004586026794475451)	(81.0, 0.0030263794765279383)	(82.0, 0.001935732486814288)	(83.0, 0.00104861394142854)	(84.0, 0.0007964156517178785)	(85.0, 0.0007610194005304172)	(86.0, 0.0006526183812688172)	(87.0, 0.0006393447870735191)	(88.0, 0.0006902268981554947)	(89.0, 0.0005884626759915435)	(90.0, 0.0005088211108197557)	(91.0, 0.00052430697071427)	(92.0, 0.000570764550397813)	(93.0, 0.0006592551783664661)	(94.0, 0.0008119015116123928)	(95.0, 0.001068524332721487)	(96.0, 0.0018715767815370146)	(97.0, 0.004101540606347074)	(98.0, 0.013244834741208163)	(99.0, 0.013410754668649388)	(100.0, 0.0034843184762657184)
GW_Mock3_R2	(0.0, 0.0027913348282777462)	(1.0, 0.0016504321008467624)	(2.0, 0.00039211608301996907)	(3.0, 0.00024590330630065856)	(4.0, 0.00021931916507896576)	(5.0, 0.00023925727099523536)	(6.0, 0.0002348265807916199)	(7.0, 0.0002348265807916199)	(8.0, 0.00031900969466031384)	(9.0, 0.00041205418893623864)	(10.0, 0.0004984526479067403)	(11.0, 0.0005782050715718188)	(12.0, 0.0008573385543995933)	(13.0, 0.0013668679278153726)	(14.0, 0.0022109144116041193)	(15.0, 0.003360678519442334)	(16.0, 0.0047253311021558985)	(17.0, 0.00723753244760587)	(18.0, 0.01114983189739833)	(19.0, 0.01641349185929351)	(20.0, 0.02390135830340365)	(21.0, 0.03444418564290666)	(22.0, 0.05039245503082054)	(23.0, 0.06955519016145745)	(24.0, 0.09831258492802367)	(25.0, 0.13499205377865434)	(26.0, 0.17669592532018494)	(27.0, 0.2361424957820937)	(28.0, 0.30984038128393165)	(29.0, 0.39968148654264246)	(30.0, 0.5227328302225531)	(31.0, 0.6768433122298082)	(32.0, 0.8469818160486423)	(33.0, 1.018414081406932)	(34.0, 1.2429747529967747)	(35.0, 1.5812978262546487)	(36.0, 1.9326471287111517)	(37.0, 2.3549118432216223)	(38.0, 2.946721349063642)	(39.0, 3.669218493151504)	(40.0, 4.526003211275645)	(41.0, 5.485289731915329)	(42.0, 6.451893537426284)	(43.0, 7.021514146728598)	(44.0, 7.3755728162446115)	(45.0, 7.124009303208835)	(46.0, 6.236783528040752)	(47.0, 5.590292659050812)	(48.0, 5.047918579155632)	(49.0, 4.446718225427048)	(50.0, 3.880606722765998)	(51.0, 3.2949735990678177)	(52.0, 2.69832577952345)	(53.0, 2.206705255910685)	(54.0, 1.7950963513399094)	(55.0, 1.498229030972164)	(56.0, 1.2652943548974878)	(57.0, 1.0376609996514377)	(58.0, 0.8493766041036963)	(59.0, 0.7039236907543059)	(60.0, 0.5807305649878797)	(61.0, 0.47397308453176484)	(62.0, 0.3786069085891455)	(63.0, 0.31154176632211994)	(64.0, 0.25697781646459544)	(65.0, 0.20168280272347436)	(66.0, 0.15430764772131597)	(67.0, 0.1184279184524379)	(68.0, 0.09219158641172888)	(69.0, 0.07116796139557349)	(70.0, 0.053480646102740524)	(71.0, 0.03776055726031284)	(72.0, 0.024771988928414094)	(73.0, 0.01691637519740386)	(74.0, 0.012702788813765553)	(75.0, 0.009805117420601035)	(76.0, 0.006914092062741941)	(77.0, 0.005416518773919912)	(78.0, 0.005239291165775293)	(79.0, 0.0059304788375393064)	(80.0, 0.005170615467619253)	(81.0, 0.0036309506218628776)	(82.0, 0.002649552741762051)	(83.0, 0.002055840254477578)	(84.0, 0.0020868550859028862)	(85.0, 0.0021422387134480796)	(86.0, 0.002255221313640274)	(87.0, 0.0025099860003481634)	(88.0, 0.0027182284399180907)	(89.0, 0.0028688719068410166)	(90.0, 0.003066037620901905)	(91.0, 0.003358463174340526)	(92.0, 0.0038103935751093035)	(93.0, 0.004118326544260579)	(94.0, 0.004665516784407089)	(95.0, 0.005274736687404216)	(96.0, 0.006267211293014083)	(97.0, 0.008356281724018776)	(98.0, 0.0123727023935962)	(99.0, 0.025130874834906947)	(100.0, 0.15891778087817784)
GW_P1_R1	(0.0, 0.00015960425655163737)	(1.0, 9.153773537520378e-05)	(2.0, 2.112409277889318e-05)	(3.0, 2.5818335618647222e-05)	(4.0, 3.52068212981553e-05)	(5.0, 4.224818555778636e-05)	(6.0, 4.69424283975404e-05)	(7.0, 3.7553942718032324e-05)	(8.0, 9.153773537520378e-05)	(9.0, 0.00017838122791065354)	(10.0, 0.00023940638482745604)	(11.0, 0.0003239027559430288)	(12.0, 0.0007323018830016302)	(13.0, 0.0012439743525348207)	(14.0, 0.00183544895034383)	(15.0, 0.0025020314335889035)	(16.0, 0.003462004094318605)	(17.0, 0.005752794600118577)	(18.0, 0.00862567121804805)	(19.0, 0.01135067918652527)	(20.0, 0.01660353692421004)	(21.0, 0.02524563799219723)	(22.0, 0.03830971581523272)	(23.0, 0.054662110747515924)	(24.0, 0.0786050963516814)	(25.0, 0.10836424883430215)	(26.0, 0.1430969516056423)	(27.0, 0.1997916695027717)	(28.0, 0.26869141878326164)	(29.0, 0.34779410487595697)	(30.0, 0.45756662656218533)	(31.0, 0.5964551894619881)	(32.0, 0.7448589825979725)	(33.0, 0.8891834787062104)	(34.0, 1.090026658605087)	(35.0, 1.3925565268987157)	(36.0, 1.7146754705626377)	(37.0, 2.1365236033571344)	(38.0, 2.720208105173572)	(39.0, 3.431080769611725)	(40.0, 4.283390970811667)	(41.0, 5.244279008895121)	(42.0, 6.258432620481264)	(43.0, 6.989237040017011)	(44.0, 7.561890071160027)	(45.0, 7.454797962135299)	(46.0, 6.536298936894824)	(47.0, 5.778530786487528)	(48.0, 5.268416805577136)	(49.0, 4.677296623102528)	(50.0, 4.016164155794409)	(51.0, 3.378995798183234)	(52.0, 2.80421862215523)	(53.0, 2.327013630672934)	(54.0, 1.878945804496991)	(55.0, 1.555803515894002)	(56.0, 1.300138620991058)	(57.0, 1.0660320363296842)	(58.0, 0.889897003617853)	(59.0, 0.7545103458765067)	(60.0, 0.6361285828221694)	(61.0, 0.5379344111001944)	(62.0, 0.4506872136805258)	(63.0, 0.38012804955618285)	(64.0, 0.32250152445536223)	(65.0, 0.26097877779754575)	(66.0, 0.2021129725870301)	(67.0, 0.1577735018441333)	(68.0, 0.12272159055968987)	(69.0, 0.09356564828197754)	(70.0, 0.06892556761610857)	(71.0, 0.047871888479811706)	(72.0, 0.032944196249393855)	(73.0, 0.023412536163273278)	(74.0, 0.018415514660355098)	(75.0, 0.014284580961371546)	(76.0, 0.010104357712570572)	(77.0, 0.008606894246689032)	(78.0, 0.008494232418534935)	(79.0, 0.00960207372871689)	(80.0, 0.00823135481950871)	(81.0, 0.0052528577376847714)	(82.0, 0.0034948637941968836)	(83.0, 0.0020138301782544835)	(84.0, 0.0013378592093299016)	(85.0, 0.0011360067672204776)	(86.0, 0.001154783738579494)	(87.0, 0.0011360067672204776)	(88.0, 0.0010116093319669957)	(89.0, 0.0009036417466526528)	(90.0, 0.0009083359894924068)	(91.0, 0.0008825176538737596)	(92.0, 0.0009130302323321609)	(93.0, 0.0009693611464092093)	(94.0, 0.0011101884316018305)	(95.0, 0.0015232818015001861)	(96.0, 0.002307220355739111)	(97.0, 0.005156625759469813)	(98.0, 0.016948563772931965)	(99.0, 0.016864067401816393)	(100.0, 0.004161446277441957)
GW_P1_R2	(0.0, 0.004074869978395434)	(1.0, 0.0024110822363516238)	(2.0, 0.0005592958793876085)	(3.0, 0.0003360475241698657)	(4.0, 0.000307847731931835)	(5.0, 0.00032664759342385547)	(6.0, 0.0003524974029753836)	(7.0, 0.0003830471778999168)	(8.0, 0.00041359695282445005)	(9.0, 0.0004558966411814961)	(10.0, 0.0005169961910305626)	(11.0, 0.0006250953946096802)	(12.0, 0.0009587929360930433)	(13.0, 0.0015744883999567133)	(14.0, 0.002192533846506886)	(15.0, 0.0026131807473908438)	(16.0, 0.003618973337213938)	(17.0, 0.005950156162224475)	(18.0, 0.008889984503039173)	(19.0, 0.011538414990727556)	(20.0, 0.01657912785327554)	(21.0, 0.02527641377602151)	(22.0, 0.03791462066403226)	(23.0, 0.05410365139134837)	(24.0, 0.07851997150410994)	(25.0, 0.10829425214209734)	(26.0, 0.1430645959715892)	(27.0, 0.20058982215448526)	(28.0, 0.27172379807491764)	(29.0, 0.3527629510189584)	(30.0, 0.46705435897701025)	(31.0, 0.6121916396780946)	(32.0, 0.7617468878298039)	(33.0, 0.9053637297327212)	(34.0, 1.1016178338306093)	(35.0, 1.404998248675403)	(36.0, 1.7305484001846616)	(37.0, 2.146288537219202)	(38.0, 2.7203564077741658)	(39.0, 3.4269938516227985)	(40.0, 4.284189986230277)	(41.0, 5.243022872028991)	(42.0, 6.255928859444128)	(43.0, 6.971284739059685)	(44.0, 7.5206566415621925)	(45.0, 7.416573558394308)	(46.0, 6.5111792788866625)	(47.0, 5.759191869153904)	(48.0, 5.246444446820538)	(49.0, 4.6620672022198875)	(50.0, 4.0068567794826775)	(51.0, 3.3688952296643953)	(52.0, 2.7957368024091083)	(53.0, 2.318633917464613)	(54.0, 1.877821815147777)	(55.0, 1.5539942009477246)	(56.0, 1.2935197699930945)	(57.0, 1.0618984264633429)	(58.0, 0.8837391890515247)	(59.0, 0.7481357881095811)	(60.0, 0.6326482389640995)	(61.0, 0.5329549234546015)	(62.0, 0.44186489456038935)	(63.0, 0.37300805186317787)	(64.0, 0.31736046184679734)	(65.0, 0.2557556657201328)	(66.0, 0.19731394628950072)	(67.0, 0.15163498282926402)	(68.0, 0.11626304343202751)	(69.0, 0.08984453807036576)	(70.0, 0.06683820756950573)	(71.0, 0.04544866515695945)	(72.0, 0.030930472119746658)	(73.0, 0.022738432474598745)	(74.0, 0.018339264885465955)	(75.0, 0.014339594353038602)	(76.0, 0.010443323058817365)	(77.0, 0.008542187065436796)	(78.0, 0.008293088900667525)	(79.0, 0.009367030988399193)	(80.0, 0.00812389014723934)	(81.0, 0.0054284600058209075)	(82.0, 0.004039620238097895)	(83.0, 0.0030220777348422888)	(84.0, 0.0026037808166448333)	(85.0, 0.0028035293449975504)	(86.0, 0.0030220777348422888)	(87.0, 0.0031442768345404217)	(88.0, 0.0033557752763256517)	(89.0, 0.0034474246010992513)	(90.0, 0.003778772159896112)	(91.0, 0.004239368766450613)	(92.0, 0.004516666723457915)	(93.0, 0.004695265407632109)	(94.0, 0.0052357614255276975)	(95.0, 0.005973655989089501)	(96.0, 0.0068689993926469755)	(97.0, 0.00890643438184469)	(98.0, 0.013082353615759736)	(99.0, 0.024465669749178125)	(100.0, 0.14145720781402144)
GW_P2_R1	(0.0, 0.000154887579661205)	(1.0, 9.856482342076683e-05)	(2.0, 3.050815963023735e-05)	(3.0, 1.4080689060109548e-05)	(4.0, 1.6427470570127803e-05)	(5.0, 3.285494114025561e-05)	(6.0, 4.224206718032864e-05)	(7.0, 7.2750226810566e-05)	(8.0, 0.0001220326385209494)	(9.0, 0.00015723436117122327)	(10.0, 0.00023467815100182575)	(11.0, 0.00038721894915301247)	(12.0, 0.0008589220326666823)	(13.0, 0.0014808191328215207)	(14.0, 0.0019642561238852815)	(15.0, 0.0027457343667213617)	(16.0, 0.004090440171961823)	(17.0, 0.006683633740531997)	(18.0, 0.010332878988610388)	(19.0, 0.013571437472435584)	(20.0, 0.01923187447459962)	(21.0, 0.028367894893100702)	(22.0, 0.04184311432362554)	(23.0, 0.059336023699301625)	(24.0, 0.0841016089745243)	(25.0, 0.11597090188057224)	(26.0, 0.1535851159231449)	(27.0, 0.21117513417899292)	(28.0, 0.28302654367122193)	(29.0, 0.3648400406734784)	(30.0, 0.475457933929699)	(31.0, 0.618768840401984)	(32.0, 0.7671229803392982)	(33.0, 0.9099199416608891)	(34.0, 1.1120106846146014)	(35.0, 1.4157475751117343)	(36.0, 1.7337083083410882)	(37.0, 2.1525430979970666)	(38.0, 2.7287460153703393)	(39.0, 3.419814500532966)	(40.0, 4.2574981605339834)	(41.0, 5.202418001635285)	(42.0, 6.193017944829092)	(43.0, 6.911989662145834)	(44.0, 7.488197273082127)	(45.0, 7.412926602929802)	(46.0, 6.523902403834116)	(47.0, 5.768086216810085)	(48.0, 5.26233368036756)	(49.0, 4.674164524074705)	(50.0, 4.017232322756803)	(51.0, 3.385980951503033)	(52.0, 2.810838779372288)	(53.0, 2.3278382896693905)	(54.0, 1.8837568245286354)	(55.0, 1.563407067722083)	(56.0, 1.30848088585182)	(57.0, 1.0746522697566208)	(58.0, 0.8978128958507048)	(59.0, 0.7658533715423782)	(60.0, 0.6475544624038679)	(61.0, 0.5477880868499717)	(62.0, 0.4572257883783672)	(63.0, 0.3862778897674952)	(64.0, 0.32645138873259977)	(65.0, 0.2627010690129538)	(66.0, 0.20479188847174326)	(67.0, 0.1599871358824747)	(68.0, 0.1252195678115542)	(69.0, 0.09649026856591068)	(70.0, 0.07096197929993209)	(71.0, 0.049024265744281405)	(72.0, 0.03249588356922281)	(73.0, 0.021710075749178902)	(74.0, 0.015554467848401013)	(75.0, 0.011846553062572165)	(76.0, 0.009152447889071205)	(77.0, 0.008413211713415454)	(78.0, 0.008866140544848978)	(79.0, 0.01011462830817869)	(80.0, 0.008087009083522917)	(81.0, 0.004186658213872572)	(82.0, 0.0023796364511585134)	(83.0, 0.0016098921158725246)	(84.0, 0.0015066337294317215)	(85.0, 0.001365826838830626)	(86.0, 0.0011593100659490192)	(87.0, 0.0010701323685683255)	(88.0, 0.0010443177719581247)	(89.0, 0.001002075704777796)	(90.0, 0.0009269786964572118)	(91.0, 0.0008823898477668649)	(92.0, 0.0008941237553169561)	(93.0, 0.0009809546711876318)	(94.0, 0.0012484877633297132)	(95.0, 0.0017061101577832735)	(96.0, 0.0025885000055501386)	(97.0, 0.005367089313411755)	(98.0, 0.017783910282918355)	(99.0, 0.018098379005260803)	(100.0, 0.004686522675506461)
GW_P2_R2	(0.0, 0.004525419322628845)	(1.0, 0.002652750994417428)	(2.0, 0.000601509525749213)	(3.0, 0.00040648885919771036)	(4.0, 0.00034774769457376377)	(5.0, 0.0003219015821392273)	(6.0, 0.00036419522066846884)	(7.0, 0.00038769168651804745)	(8.0, 0.0003994399194428368)	(9.0, 0.0005098733089358564)	(10.0, 0.0006320549313536653)	(11.0, 0.000704893975487359)	(12.0, 0.0011090331881001114)	(13.0, 0.0016964448343395773)	(14.0, 0.002211017436445349)	(15.0, 0.003129729251163874)	(16.0, 0.00447607674434473)	(17.0, 0.0071452752648568625)	(18.0, 0.010387787552098713)	(19.0, 0.013289601084521676)	(20.0, 0.01906973168351802)	(21.0, 0.028418975445065355)	(22.0, 0.04230773640875129)	(23.0, 0.05961758280013587)	(24.0, 0.08525222704202616)	(25.0, 0.11715572837258403)	(26.0, 0.1545621020051132)	(27.0, 0.21332206380173946)	(28.0, 0.28629973708394574)	(29.0, 0.3686008080152648)	(30.0, 0.4791634280704571)	(31.0, 0.6242729018642847)	(32.0, 0.7780713687292866)	(33.0, 0.9228471927080505)	(34.0, 1.121772971883753)	(35.0, 1.4283807044014896)	(36.0, 1.7474674099319374)	(37.0, 2.1622505215745487)	(38.0, 2.7358133508422733)	(39.0, 3.436402773785989)	(40.0, 4.28061669388184)	(41.0, 5.225005446480784)	(42.0, 6.221093472888556)	(43.0, 6.914770235579326)	(44.0, 7.450151307841485)	(45.0, 7.36452548699245)	(46.0, 6.484777861592282)	(47.0, 5.728421926601176)	(48.0, 5.219460280540283)	(49.0, 4.649849556828458)	(50.0, 4.00931475094968)	(51.0, 3.38059396810007)	(52.0, 2.8012016656550656)	(53.0, 2.317928705707517)	(54.0, 1.8753187295592495)	(55.0, 1.5522211773082786)	(56.0, 1.2981374445506904)	(57.0, 1.0687672945736886)	(58.0, 0.892428668019186)	(59.0, 0.7556768871280534)	(60.0, 0.6376893838643942)	(61.0, 0.5393449260509828)	(62.0, 0.4506058234768792)	(63.0, 0.380746131212912)	(64.0, 0.31967411717668726)	(65.0, 0.2559211563870255)	(66.0, 0.1993745616734296)	(67.0, 0.15555365286396544)	(68.0, 0.12035124772812672)	(69.0, 0.09097361647639855)	(70.0, 0.06685214463522113)	(71.0, 0.04595438790860589)	(72.0, 0.029871057034569312)	(73.0, 0.01970413626145664)	(74.0, 0.014170718553880874)	(75.0, 0.010817772877146003)	(76.0, 0.008395287248054446)	(77.0, 0.00774208549743616)	(78.0, 0.008611454733870568)	(79.0, 0.010220962644566706)	(80.0, 0.008503370990962508)	(81.0, 0.004936607474996471)	(82.0, 0.0037077423110635083)	(83.0, 0.003369393202829576)	(84.0, 0.0034492811867181433)	(85.0, 0.0035714628091359528)	(86.0, 0.0037194905439882978)	(87.0, 0.0036724976122891402)	(88.0, 0.003867518278840643)	(89.0, 0.004353895121926921)	(90.0, 0.004523069676043887)	(91.0, 0.004828523732088409)	(92.0, 0.005230313298116204)	(93.0, 0.005545165940500558)	(94.0, 0.005871766815809701)	(95.0, 0.006473276341558913)	(96.0, 0.007328547698483576)	(97.0, 0.00926935577765877)	(98.0, 0.012859615759474387)	(99.0, 0.023714982981979712)	(100.0, 0.1420196885346081)
GW_P3_R1	(0.0, 0.00014993456390317102)	(1.0, 8.789267539151404e-05)	(2.0, 2.0680629503885656e-05)	(3.0, 1.5510472127914244e-05)	(4.0, 2.5850786879857068e-05)	(5.0, 4.136125900777131e-05)	(6.0, 4.911649507172844e-05)	(7.0, 4.653141638374273e-05)	(8.0, 8.789267539151404e-05)	(9.0, 0.00016803011471907097)	(10.0, 0.00027143326223849927)	(11.0, 0.0003670811736939704)	(12.0, 0.0007289921900119694)	(13.0, 0.001359751389880482)	(14.0, 0.0020060210618769087)	(15.0, 0.0027350132518888784)	(16.0, 0.0038310866155948178)	(17.0, 0.006369633887196782)	(18.0, 0.009461387998027688)	(19.0, 0.012434228489211253)	(20.0, 0.01829460187487485)	(21.0, 0.027404419171336483)	(22.0, 0.040813222325918344)	(23.0, 0.05771705186665689)	(24.0, 0.08172467764198015)	(25.0, 0.11217948966513976)	(26.0, 0.14831888972317997)	(27.0, 0.2051880357801775)	(28.0, 0.2766602913456064)	(29.0, 0.3578653681713014)	(30.0, 0.4661879204339665)	(31.0, 0.6044069077231863)	(32.0, 0.7482329306866471)	(33.0, 0.8908853279257624)	(34.0, 1.0950470874668095)	(35.0, 1.4023974329961821)	(36.0, 1.7242604102799066)	(37.0, 2.1447467245889738)	(38.0, 2.72311413468808)	(39.0, 3.4139970946817644)	(40.0, 4.25113088144824)	(41.0, 5.199296382942389)	(42.0, 6.187957142083835)	(43.0, 6.895283787611796)	(44.0, 7.451595306345009)	(45.0, 7.318965259179214)	(46.0, 6.413171782459838)	(47.0, 5.709989018068717)	(48.0, 5.245284932801654)	(49.0, 4.688259932350559)	(50.0, 4.040932963170746)	(51.0, 3.408558089122242)	(52.0, 2.835461654467939)	(53.0, 2.370364637240302)	(54.0, 1.9363247553701262)	(55.0, 1.607337301222313)	(56.0, 1.349411075128539)	(57.0, 1.1143964014463825)	(58.0, 0.9355244667098994)	(59.0, 0.7958940264570394)	(60.0, 0.6714819444403515)	(61.0, 0.5670008191080331)	(62.0, 0.47180529642295943)	(63.0, 0.3981512344448706)	(64.0, 0.335499267362849)	(65.0, 0.26961853699953325)	(66.0, 0.21199971812301985)	(67.0, 0.16689526517504524)	(68.0, 0.13037585854987116)	(69.0, 0.10052078478232424)	(70.0, 0.07488197435488197)	(71.0, 0.05133966274339614)	(72.0, 0.03498645496319856)	(73.0, 0.025031316935765605)	(74.0, 0.019271761618933448)	(75.0, 0.015316591226315315)	(76.0, 0.011374346227137112)	(77.0, 0.00952084480785136)	(78.0, 0.009280432489868689)	(79.0, 0.010058541174952387)	(80.0, 0.00784571381803662)	(81.0, 0.004790150808837515)	(82.0, 0.003358017215693434)	(83.0, 0.0018250655537179095)	(84.0, 0.0012977095013688251)	(85.0, 0.0012641034784250107)	(86.0, 0.0011270943079617684)	(87.0, 0.001031446396506297)	(88.0, 0.001049541947322197)	(89.0, 0.0009047775407949975)	(90.0, 0.0008323953375313977)	(91.0, 0.0008556610457232691)	(92.0, 0.0008375654949073691)	(93.0, 0.0009332134063628403)	(94.0, 0.0011968914325373823)	(95.0, 0.0016285995734309955)	(96.0, 0.002582493609297721)	(97.0, 0.005519142998849485)	(98.0, 0.018142082232283693)	(99.0, 0.018687533835448675)	(100.0, 0.005040903441572129)
GW_P3_R2	(0.0, 0.0019827674214849987)	(1.0, 0.0011363379869868333)	(2.0, 0.000248493044990287)	(3.0, 0.0001786043760867688)	(4.0, 0.00015013121468163175)	(5.0, 0.0001449542762443341)	(6.0, 0.0001656620299935247)	(7.0, 0.0001553081531189294)	(8.0, 0.00018119284530541762)	(9.0, 0.0003442664060802935)	(10.0, 0.00041415507498381173)	(11.0, 0.00048145527466868113)	(12.0, 0.0008619602498100581)	(13.0, 0.0015039006160349664)	(14.0, 0.0021898449589769046)	(15.0, 0.0029068509325426285)	(16.0, 0.003970711781407295)	(17.0, 0.006354691931782862)	(18.0, 0.009649813247122814)	(19.0, 0.012947523031681413)	(20.0, 0.01865250918958342)	(21.0, 0.027409300556272387)	(22.0, 0.04029987726514353)	(23.0, 0.05719999279370169)	(24.0, 0.08195352393164039)	(25.0, 0.11288573109449382)	(26.0, 0.14985683694445495)	(27.0, 0.20652101660989636)	(28.0, 0.27739848075493845)	(29.0, 0.3594270702939196)	(30.0, 0.4703843918205201)	(31.0, 0.6148054434058126)	(32.0, 0.7650660815483767)	(33.0, 0.9072429303211007)	(34.0, 1.1070675770623526)	(35.0, 1.4176605870772434)	(36.0, 1.7389387980267168)	(37.0, 2.1505287000148474)	(38.0, 2.727117983876529)	(39.0, 3.4254766251911066)	(40.0, 4.268926731618607)	(41.0, 5.204593642429691)	(42.0, 6.188206768577806)	(43.0, 6.897915847416158)	(44.0, 7.438036188456297)	(45.0, 7.288919653708375)	(46.0, 6.382398906299278)	(47.0, 5.677952185382438)	(48.0, 5.200918016139209)	(49.0, 4.657150521969995)	(50.0, 4.030143034667471)	(51.0, 3.4019966209087436)	(52.0, 2.8303849633545237)	(53.0, 2.362006635178456)	(54.0, 1.9307469555978132)	(55.0, 1.6005437027824385)	(56.0, 1.3372187291692939)	(57.0, 1.1063298633350376)	(58.0, 0.9278083182632655)	(59.0, 0.7863407100564515)	(60.0, 0.6633521836015712)	(61.0, 0.5574967349049276)	(62.0, 0.4631159702545542)	(63.0, 0.3904679931639563)	(64.0, 0.33009971404662847)	(65.0, 0.26621111679193826)	(66.0, 0.20541056331509602)	(67.0, 0.15892683308660047)	(68.0, 0.12386860598922078)	(69.0, 0.09481821594832504)	(70.0, 0.07040118580881069)	(71.0, 0.04891689129402547)	(72.0, 0.03311687518339305)	(73.0, 0.02389415935734729)	(74.0, 0.01892429845754155)	(75.0, 0.014987236775976687)	(76.0, 0.01088710153363695)	(77.0, 0.009007872880897903)	(78.0, 0.008826680035592487)	(79.0, 0.00978959058492985)	(80.0, 0.008277924561238936)	(81.0, 0.0055755626969695654)	(82.0, 0.004226970234053528)	(83.0, 0.003147578569876969)	(84.0, 0.002857670017388301)	(85.0, 0.0029405010323850633)	(86.0, 0.003103574593159939)	(87.0, 0.0034038370225232023)	(88.0, 0.003644564659857543)	(89.0, 0.0037222187364170083)	(90.0, 0.004082015957809194)	(91.0, 0.004291681964519749)	(92.0, 0.00462041755528815)	(93.0, 0.005000922530429526)	(94.0, 0.005523793312596588)	(95.0, 0.006390930500843945)	(96.0, 0.007335721765650766)	(97.0, 0.009308135310261168)	(98.0, 0.01335391269900928)	(99.0, 0.025108151420893586)	(100.0, 0.15116401389987263)
SFZ_Mock1_R1	(0.0, 0.00016518552544421847)	(1.0, 8.928947321309106e-05)	(2.0, 2.0090131472945492e-05)	(3.0, 3.794802611556371e-05)	(4.0, 4.464473660654553e-05)	(5.0, 5.580592075818192e-05)	(6.0, 7.589605223112742e-05)	(7.0, 8.482499955243652e-05)	(8.0, 0.00013616644664996388)	(9.0, 0.00022545591986305495)	(10.0, 0.0002991197352638551)	(11.0, 0.0004040348662892371)	(12.0, 0.0006607421017768739)	(13.0, 0.00104915131025382)	(14.0, 0.0016585519649331667)	(15.0, 0.00252465985510015)	(16.0, 0.003935433531866989)	(17.0, 0.00622124404612212)	(18.0, 0.00966335323848678)	(19.0, 0.015168049262073846)	(20.0, 0.021871456463546657)	(21.0, 0.03186294851609155)	(22.0, 0.047638166196014416)	(23.0, 0.06635323978147831)	(24.0, 0.09232531530233616)	(25.0, 0.12809691050833077)	(26.0, 0.1722260004070707)	(27.0, 0.22938912115809162)	(28.0, 0.3011689286740955)	(29.0, 0.38758551308655537)	(30.0, 0.5171043584558046)	(31.0, 0.6750596688065931)	(32.0, 0.8392362232035036)	(33.0, 1.0389700780706974)	(34.0, 1.3211002588189313)	(35.0, 1.6507212781323783)	(36.0, 1.973578619849934)	(37.0, 2.4443439739449744)	(38.0, 3.1004296296937857)	(39.0, 3.879265988742294)	(40.0, 4.834406644886881)	(41.0, 5.878803290692104)	(42.0, 6.741279331536145)	(43.0, 7.254312090013432)	(44.0, 7.421011072028613)	(45.0, 6.89587735769412)	(46.0, 6.057261696329448)	(47.0, 5.507151484100425)	(48.0, 4.931678597005222)	(49.0, 4.217190929064558)	(50.0, 3.598725160617253)	(51.0, 3.0332102820221403)	(52.0, 2.5026343742953108)	(53.0, 2.092204149487186)	(54.0, 1.7529287058825738)	(55.0, 1.4988064006444557)	(56.0, 1.2762948011606026)	(57.0, 1.057941858891649)	(58.0, 0.8744252045967827)	(59.0, 0.7187289179182855)	(60.0, 0.5756313759101555)	(61.0, 0.4666580383272385)	(62.0, 0.3785070058976144)	(63.0, 0.31295737137505386)	(64.0, 0.2616694979614544)	(65.0, 0.2114151502002964)	(66.0, 0.1627657807201437)	(67.0, 0.12409450987155397)	(68.0, 0.09736347382838483)	(69.0, 0.07621302986103388)	(70.0, 0.0565983648329481)	(71.0, 0.03771810572203999)	(72.0, 0.023585814349238007)	(73.0, 0.014880090710961627)	(74.0, 0.010194625604104673)	(75.0, 0.007616392065076668)	(76.0, 0.005067177604842918)	(77.0, 0.0036742618227186973)	(78.0, 0.0034465736660253153)	(79.0, 0.004038116426062044)	(80.0, 0.0035715789285236427)	(81.0, 0.002169734199078113)	(82.0, 0.0013929157821242206)	(83.0, 0.0009152171004341834)	(84.0, 0.0007835151274448741)	(85.0, 0.0008415532850333833)	(86.0, 0.0008013730220874923)	(87.0, 0.0006406519703039285)	(88.0, 0.0006004717073580374)	(89.0, 0.0006027039441883648)	(90.0, 0.0005357368392785464)	(91.0, 0.0005647559180728011)	(92.0, 0.0006339552598129466)	(93.0, 0.0006741355227588376)	(94.0, 0.0008884302584702562)	(95.0, 0.0013170197298930932)	(96.0, 0.0022500947249698947)	(97.0, 0.004806005895694627)	(98.0, 0.015547529523229483)	(99.0, 0.0161792525462121)	(100.0, 0.004468938134315208)
SFZ_Mock1_R2	(0.0, 0.001484199102359065)	(1.0, 0.0008404500941069405)	(2.0, 0.0001363496163311792)	(3.0, 8.717434486747522e-05)	(4.0, 0.0001430553351671388)	(5.0, 0.0001631724916750177)	(6.0, 0.00013858485594316574)	(7.0, 0.0001430553351671388)	(8.0, 0.00019893632546680242)	(9.0, 0.00029728686839421034)	(10.0, 0.0003755202548137394)	(11.0, 0.0004716355581291608)	(12.0, 0.0006996299985517882)	(13.0, 0.0010259749819018238)	(14.0, 0.001495375300418998)	(15.0, 0.0022777091646142885)	(16.0, 0.003627793890254161)	(17.0, 0.005554570435786561)	(18.0, 0.008744257362091359)	(19.0, 0.014113302910083038)	(20.0, 0.020635732097859773)	(21.0, 0.030414905400300903)	(22.0, 0.04536865840449088)	(23.0, 0.06322822290426337)	(24.0, 0.08929335201963846)	(25.0, 0.1241027384971049)	(26.0, 0.16700369236996265)	(27.0, 0.22668682524961534)	(28.0, 0.2996361052264082)	(29.0, 0.3858269446646094)	(30.0, 0.5161660016791567)	(31.0, 0.6765533847976392)	(32.0, 0.8446903436508789)	(33.0, 1.0454796827560182)	(34.0, 1.3223163439401637)	(35.0, 1.6553424584904268)	(36.0, 1.9775366018810032)	(37.0, 2.439006290254849)	(38.0, 3.0937437364395)	(39.0, 3.875825018558636)	(40.0, 4.835089274240721)	(41.0, 5.878331482145141)	(42.0, 6.7398621210327265)	(43.0, 7.248332192727814)	(44.0, 7.414584844588148)	(45.0, 6.889209655707607)	(46.0, 6.052063245747183)	(47.0, 5.501373968260894)	(48.0, 4.914216756505044)	(49.0, 4.207290935859732)	(50.0, 3.5919786459513006)	(51.0, 3.021639377036038)	(52.0, 2.494180944837125)	(53.0, 2.082110051888182)	(54.0, 1.7482703101191555)	(55.0, 1.4988220399006813)	(56.0, 1.2741804588960335)	(57.0, 1.0532113765738798)	(58.0, 0.8689225762844252)	(59.0, 0.7142797589687481)	(60.0, 0.5712355999996692)	(61.0, 0.4593931507743104)	(62.0, 0.3713336510204886)	(63.0, 0.3065474661066706)	(64.0, 0.2550654273633965)	(65.0, 0.20580298155482507)	(66.0, 0.15789509095111748)	(67.0, 0.11979766700441882)	(68.0, 0.09296361546252037)	(69.0, 0.07239941103224415)	(70.0, 0.05400562426520689)	(71.0, 0.03682110212825434)	(72.0, 0.02335378346603541)	(73.0, 0.014924694889234154)	(74.0, 0.010469862342544973)	(75.0, 0.00765122519182994)	(76.0, 0.004982349095118007)	(77.0, 0.003784260663093219)	(78.0, 0.003719438714345609)	(79.0, 0.0043765991602696536)	(80.0, 0.003920610279424398)	(81.0, 0.0027515799623554354)	(82.0, 0.002300061560734154)	(83.0, 0.0019178355870844547)	(84.0, 0.002029597567683782)	(85.0, 0.002217357695090652)	(86.0, 0.002329119675689979)	(87.0, 0.0024788807296930774)	(88.0, 0.0026599351382639875)	(89.0, 0.0029438105689862785)	(90.0, 0.0032053336035887045)	(91.0, 0.0034154461271154388)	(92.0, 0.0037708492254213)	(93.0, 0.004195544751698743)	(94.0, 0.004691767945559756)	(95.0, 0.0053824569856635975)	(96.0, 0.006500076791656869)	(97.0, 0.008688376371791696)	(98.0, 0.01283251061241475)	(99.0, 0.024196468799754338)	(100.0, 0.1522242880555076)
SFZ_Mock2_R1	(0.0, 0.00026686461497740733)	(1.0, 0.00014677553823757406)	(2.0, 2.6686461497740737e-05)	(3.0, 3.780582045513271e-05)	(4.0, 6.894002553583023e-05)	(5.0, 8.22832562847006e-05)	(6.0, 7.78355127017438e-05)	(7.0, 0.00010229810240800615)	(8.0, 0.0001623426407779228)	(9.0, 0.00022683492273079623)	(10.0, 0.0003246852815558456)	(11.0, 0.00046701307621046286)	(12.0, 0.000653818306694648)	(13.0, 0.0010296526394544968)	(14.0, 0.0017168290230213208)	(15.0, 0.002777615867556515)	(16.0, 0.0044877732752034005)	(17.0, 0.006885107066417109)	(18.0, 0.010607868445351942)	(19.0, 0.01628986087257924)	(20.0, 0.023628637784457944)	(21.0, 0.034220939127269534)	(22.0, 0.05014608502604632)	(23.0, 0.0689533687665791)	(24.0, 0.09430328331764133)	(25.0, 0.1293114730590942)	(26.0, 0.1728637782234071)	(27.0, 0.22976153800838178)	(28.0, 0.3004094970800675)	(29.0, 0.3852902356172148)	(30.0, 0.5113926616812057)	(31.0, 0.6705596135408973)	(32.0, 0.8352328719562895)	(33.0, 1.0273798424836058)	(34.0, 1.294824887998589)	(35.0, 1.6125027495394861)	(36.0, 1.9295779418248928)	(37.0, 2.3850669144119143)	(38.0, 3.0301832107865074)	(39.0, 3.8068948965500433)	(40.0, 4.7545467114373565)	(41.0, 5.795287575644165)	(42.0, 6.66986518733529)	(43.0, 7.214687089786)	(44.0, 7.425245494874966)	(45.0, 6.947615654731984)	(46.0, 6.128568121674075)	(47.0, 5.573016037829483)	(48.0, 4.9856625873667495)	(49.0, 4.2565439818126425)	(50.0, 3.6258450462622043)	(51.0, 3.059344841588164)	(52.0, 2.5377935335634847)	(53.0, 2.120377246046573)	(54.0, 1.7733754110632418)	(55.0, 1.5184263011445758)	(56.0, 1.295080633254609)	(57.0, 1.0748305948983803)	(58.0, 0.8909097261277427)	(59.0, 0.7339710938031123)	(60.0, 0.5893949647673105)	(61.0, 0.47929996785838097)	(62.0, 0.39046296140419356)	(63.0, 0.3229862435071561)	(64.0, 0.26933533653773983)	(65.0, 0.21920037087065095)	(66.0, 0.1683137365380423)	(67.0, 0.12732777942109547)	(68.0, 0.09954272525836443)	(69.0, 0.07837591354707306)	(70.0, 0.05904824380733434)	(71.0, 0.04006527419527476)	(72.0, 0.025627898524997018)	(73.0, 0.016385487359612812)	(74.0, 0.011223880931591457)	(75.0, 0.008163833346517187)	(76.0, 0.0054507097609135455)	(77.0, 0.004149744762898684)	(78.0, 0.003960715660623021)	(79.0, 0.0048480405054229)	(80.0, 0.004312087403676607)	(81.0, 0.0026508551754422464)	(82.0, 0.001752410971684975)	(83.0, 0.001131950741862503)	(84.0, 0.0009562648703357096)	(85.0, 0.0008005938449322221)	(86.0, 0.0008094893320981357)	(87.0, 0.0008050415885151789)	(88.0, 0.0007138628450645647)	(89.0, 0.000738325434770827)	(90.0, 0.000738325434770827)	(91.0, 0.0006693854092349968)	(92.0, 0.0006938479989412592)	(93.0, 0.0007561164091026541)	(94.0, 0.000929578408837969)	(95.0, 0.001234248844270509)	(96.0, 0.0019147536124628976)	(97.0, 0.0041430731475242495)	(98.0, 0.013610095363847776)	(99.0, 0.013888079337782576)	(100.0, 0.0036515974816075237)
SFZ_Mock2_R2	(0.0, 0.0025573524149248156)	(1.0, 0.0014724825315899854)	(2.0, 0.000320782881314611)	(3.0, 0.00022053823090379508)	(4.0, 0.0001804403707394687)	(5.0, 0.00018266802963748683)	(6.0, 0.00020271695971965003)	(7.0, 0.00026954672666019394)	(8.0, 0.0003096445868245203)	(9.0, 0.00033637649360073797)	(10.0, 0.00041211689613335445)	(11.0, 0.0005413211122184061)	(12.0, 0.0008019572032865275)	(13.0, 0.0011561549680714105)	(14.0, 0.001819997319680814)	(15.0, 0.0028380374360751004)	(16.0, 0.004259283813010668)	(17.0, 0.0066161469271138525)	(18.0, 0.010153669257166646)	(19.0, 0.01531292726497664)	(20.0, 0.022154067740790324)	(21.0, 0.032171849805177864)	(22.0, 0.04883919368014952)	(23.0, 0.0683690792390745)	(24.0, 0.09263273995628798)	(25.0, 0.1274755527801896)	(26.0, 0.1712022692893875)	(27.0, 0.22808108393248447)	(28.0, 0.2995154218152319)	(29.0, 0.38517336176182515)	(30.0, 0.5142060481117294)	(31.0, 0.6776672027305038)	(32.0, 0.8441847053573592)	(33.0, 1.0340458455765467)	(34.0, 1.2986605354365286)	(35.0, 1.6183229043254361)	(36.0, 1.931939406965123)	(37.0, 2.3817126491105762)	(38.0, 3.025947147099624)	(39.0, 3.803063726014351)	(40.0, 4.75654851520297)	(41.0, 5.802641540099999)	(42.0, 6.673502460761125)	(43.0, 7.195596649030736)	(44.0, 7.392036065975772)	(45.0, 6.924131908059349)	(46.0, 6.114444728396698)	(47.0, 5.55509740037553)	(48.0, 4.969223110196761)	(49.0, 4.251576113223526)	(50.0, 3.6191972158897308)	(51.0, 3.052162237011501)	(52.0, 2.5312843505002074)	(53.0, 2.110936254738676)	(54.0, 1.7636687367855275)	(55.0, 1.5088646567124175)	(56.0, 1.2844146567837025)	(57.0, 1.0656808295873021)	(58.0, 0.8843984037843826)	(59.0, 0.7274175088999428)	(60.0, 0.5821696934313646)	(61.0, 0.46954371486536384)	(62.0, 0.3792411061164029)	(63.0, 0.31484394269249466)	(64.0, 0.26462360049557393)	(65.0, 0.21312903740898675)	(66.0, 0.16236737409984758)	(67.0, 0.1232006753548928)	(68.0, 0.09585839004061823)	(69.0, 0.07431024552008886)	(70.0, 0.05575607455849583)	(71.0, 0.03828900113913566)	(72.0, 0.024368360685420348)	(73.0, 0.0159589483454019)	(74.0, 0.011169481714662914)	(75.0, 0.008393818727732321)	(76.0, 0.0059010684208500325)	(77.0, 0.004370666757911575)	(78.0, 0.004199137022764179)	(79.0, 0.005197128209076302)	(80.0, 0.004831792149801328)	(81.0, 0.0032345607199223275)	(82.0, 0.0024860673301882355)	(83.0, 0.002278895052672549)	(84.0, 0.0022811227115705672)	(85.0, 0.002376912044185347)	(86.0, 0.0026887842899078855)	(87.0, 0.002869224660647354)	(88.0, 0.0030942182093471856)	(89.0, 0.0032323330610243097)	(90.0, 0.003439505338539996)	(91.0, 0.003898403071531731)	(92.0, 0.0040632498299850725)	(93.0, 0.004379577393503648)	(94.0, 0.004978817637070525)	(95.0, 0.005633749353087856)	(96.0, 0.00682109154573152)	(97.0, 0.00945641202208697)	(98.0, 0.014379538186707043)	(99.0, 0.029293714508938435)	(100.0, 0.19323827110858288)
SFZ_Mock3_R1	(0.0, 0.000327662206827244)	(1.0, 0.00017693759168671176)	(2.0, 2.621297654617952e-05)	(3.0, 3.713505010708766e-05)	(4.0, 5.024153838017741e-05)	(5.0, 4.5872708955814164e-05)	(6.0, 6.771685607763043e-05)	(7.0, 0.00011795839445780785)	(8.0, 0.000163831103413622)	(9.0, 0.00023154795949125243)	(10.0, 0.00029708040085670126)	(11.0, 0.00044562060128505184)	(12.0, 0.0006924594637615757)	(13.0, 0.00110094501493954)	(14.0, 0.0018982563848858336)	(15.0, 0.0029380377878842883)	(16.0, 0.0044583904275627)	(17.0, 0.006977020590708116)	(18.0, 0.010491743862608354)	(19.0, 0.016134087064173495)	(20.0, 0.023766432068536097)	(21.0, 0.0337535761326305)	(22.0, 0.04887846359977608)	(23.0, 0.06732366142943773)	(24.0, 0.0929730589798744)	(25.0, 0.12730550501123303)	(26.0, 0.16877006507786466)	(27.0, 0.22457749214468084)	(28.0, 0.2954377209931407)	(29.0, 0.37839086968823793)	(30.0, 0.500742122132243)	(31.0, 0.6592476224775662)	(32.0, 0.826156566220652)	(33.0, 1.01921076965384)	(34.0, 1.289997370620011)	(35.0, 1.6131684207990094)	(36.0, 1.9277569055738464)	(37.0, 2.379843374406956)	(38.0, 3.0227166242020087)	(39.0, 3.798874122075536)	(40.0, 4.7405949642294445)	(41.0, 5.764613630664797)	(42.0, 6.645861135926669)	(43.0, 7.186715665418704)	(44.0, 7.398300258855328)	(45.0, 6.968379046106725)	(46.0, 6.148074526900007)	(47.0, 5.550735401780381)	(48.0, 4.975690413213281)	(49.0, 4.269416710811868)	(50.0, 3.635034281003065)	(51.0, 3.0689934498795766)	(52.0, 2.549600794934727)	(53.0, 2.13085941668307)	(54.0, 1.7837886851380922)	(55.0, 1.53446832754853)	(56.0, 1.311441769849498)	(57.0, 1.0896384843892877)	(58.0, 0.9068335547856563)	(59.0, 0.7481511168486462)	(60.0, 0.6013606326047531)	(61.0, 0.48745214302333)	(62.0, 0.3952676577545532)	(63.0, 0.3291192114402691)	(64.0, 0.2765010298532381)	(65.0, 0.22353115749754585)	(66.0, 0.17181513918664584)	(67.0, 0.130901051627484)	(68.0, 0.10245341883074266)	(69.0, 0.08045417826436149)	(70.0, 0.06066338097199596)	(71.0, 0.041619653511196536)	(72.0, 0.02648821279991441)	(73.0, 0.01686368157804216)	(74.0, 0.0118417121547366)	(75.0, 0.008785715972394503)	(76.0, 0.0057755924990082206)	(77.0, 0.004253055444617628)	(78.0, 0.003940684140775655)	(79.0, 0.004724889022448858)	(80.0, 0.004320772300695257)	(81.0, 0.0026300353134666786)	(82.0, 0.0016011759840291323)	(83.0, 0.0011271579914857194)	(84.0, 0.0010485190618471807)	(85.0, 0.0009109009349797383)	(86.0, 0.0008169711023559284)	(87.0, 0.0007820204669610224)	(88.0, 0.0007885737110975672)	(89.0, 0.0007295945138686634)	(90.0, 0.0006771685607763043)	(91.0, 0.0006924594637615757)	(92.0, 0.0006662464872153962)	(93.0, 0.0006815373902006675)	(94.0, 0.0009240074232528281)	(95.0, 0.001387103342235333)	(96.0, 0.002230287421137441)	(97.0, 0.00488872012586248)	(98.0, 0.015633856095083904)	(99.0, 0.016199619505538942)	(100.0, 0.0046899383870539525)
SFZ_Mock3_R2	(0.0, 0.0032846144678301318)	(1.0, 0.0018500558187645082)	(2.0, 0.00037394745272899634)	(3.0, 0.0002667929194908629)	(4.0, 0.00021868272089414992)	(5.0, 0.00023617733856568188)	(6.0, 0.00024055099298356489)	(7.0, 0.0002580456106550969)	(8.0, 0.00029959532762498535)	(9.0, 0.0003652001438932304)	(10.0, 0.00046142054108665626)	(11.0, 0.0006232457545483273)	(12.0, 0.0008856650196213071)	(13.0, 0.0011896340016641755)	(14.0, 0.0018347480283019179)	(15.0, 0.0027138525662964005)	(16.0, 0.004165905833033556)	(17.0, 0.006549547490779789)	(18.0, 0.010188427966458444)	(19.0, 0.015552715109991943)	(20.0, 0.022563683141858387)	(21.0, 0.03263183561182505)	(22.0, 0.047677206809342565)	(23.0, 0.06622150154116647)	(24.0, 0.09160837860976834)	(25.0, 0.12598748916153762)	(26.0, 0.16813858361388503)	(27.0, 0.22421758055998087)	(28.0, 0.2955978074870403)	(29.0, 0.38050356070140295)	(30.0, 0.5069918332937882)	(31.0, 0.6692041151714418)	(32.0, 0.8368987728619117)	(33.0, 1.028620101097022)	(34.0, 1.2962133993463574)	(35.0, 1.6191356128091214)	(36.0, 1.9330830874063902)	(37.0, 2.386261476742546)	(38.0, 3.0302449137132657)	(39.0, 3.8028619007683417)	(40.0, 4.742834587296502)	(41.0, 5.774398157816759)	(42.0, 6.644960948733117)	(43.0, 7.170693891207533)	(44.0, 7.384677120429668)	(45.0, 6.945958032599034)	(46.0, 6.1253554960981536)	(47.0, 5.53805024672878)	(48.0, 4.957613821622692)	(49.0, 4.252681323511563)	(50.0, 3.6221643684935056)	(51.0, 3.056460598294056)	(52.0, 2.5394924592730765)	(53.0, 2.121677252732714)	(54.0, 1.7796115538828756)	(55.0, 1.5291258048890894)	(56.0, 1.3060759900586836)	(57.0, 1.0814604069466753)	(58.0, 0.896621023938104)	(59.0, 0.741266632187691)	(60.0, 0.5958207545209919)	(61.0, 0.4835927821581142)	(62.0, 0.39209155808158397)	(63.0, 0.3250040729656766)	(64.0, 0.27124092603384986)	(65.0, 0.21940656070030956)	(66.0, 0.16916857922929648)	(67.0, 0.12754669696151294)	(68.0, 0.09897142582227436)	(69.0, 0.07761924495416958)	(70.0, 0.05866163987985571)	(71.0, 0.040034245714092025)	(72.0, 0.025883286845031585)	(73.0, 0.01687574557140155)	(74.0, 0.011968505314536824)	(75.0, 0.00903159637292839)	(76.0, 0.006037829923887479)	(77.0, 0.004561721557851967)	(78.0, 0.004386775381136647)	(79.0, 0.005230890683788066)	(80.0, 0.004679810227134808)	(81.0, 0.0031665257985472907)	(82.0, 0.002777270555355704)	(83.0, 0.0024820488821486013)	(84.0, 0.002405509929835649)	(85.0, 0.002527972253536373)	(86.0, 0.0026591818860728627)	(87.0, 0.0028647436437133638)	(88.0, 0.003015634721130327)	(89.0, 0.0031512180080847003)	(90.0, 0.0034858025710527494)	(91.0, 0.004001893792362943)	(92.0, 0.00421620285883921)	(93.0, 0.004378028072300881)	(94.0, 0.0049181743929094315)	(95.0, 0.005580783037218705)	(96.0, 0.006260886299199512)	(97.0, 0.007841962371264216)	(98.0, 0.01098224624330421)	(99.0, 0.020339679870364884)	(100.0, 0.12772820361985507)
SFZ_P1_R1	(0.0, 0.00025587748909036023)	(1.0, 0.0001369169020571226)	(2.0, 2.917901191381301e-05)	(3.0, 3.366809066978424e-05)	(4.0, 4.264624818172671e-05)	(5.0, 4.713532693769794e-05)	(6.0, 5.162440569366917e-05)	(7.0, 8.978157511942465e-05)	(8.0, 0.00013467236267913695)	(9.0, 0.00021323124090863354)	(10.0, 0.00028730104038215883)	(11.0, 0.0004264624818172671)	(12.0, 0.0007384534553572677)	(13.0, 0.0011334923858827362)	(14.0, 0.0016407582853074853)	(15.0, 0.002489194170186048)	(16.0, 0.0037034899736762667)	(17.0, 0.005689907323193536)	(18.0, 0.008825528834239442)	(19.0, 0.012818564387675853)	(20.0, 0.01890351064139486)	(21.0, 0.02934061874902797)	(22.0, 0.044161312261866995)	(23.0, 0.05994940224661782)	(24.0, 0.08427796456460392)	(25.0, 0.1204060703926604)	(26.0, 0.16342266757175475)	(27.0, 0.22287602661583772)	(28.0, 0.30202521870174454)	(29.0, 0.3941792719436999)	(30.0, 0.5168837506594176)	(31.0, 0.6691779919951197)	(32.0, 0.8303897882795586)	(33.0, 1.0272785379770788)	(34.0, 1.2941924271889944)	(35.0, 1.5954836815141376)	(36.0, 1.9170700608950269)	(37.0, 2.379687583012886)	(38.0, 3.0080082247105335)	(39.0, 3.7384666308034165)	(40.0, 4.6137225167095295)	(41.0, 5.588252134764568)	(42.0, 6.387366511351275)	(43.0, 6.874943311352334)	(44.0, 7.085523751255566)	(45.0, 6.777992677459624)	(46.0, 6.186148045193621)	(47.0, 5.70230615871753)	(48.0, 5.1518036972546435)	(49.0, 4.499717872622884)	(50.0, 3.912517192329933)	(51.0, 3.323698199145454)	(52.0, 2.7435139489480864)	(53.0, 2.248150841844795)	(54.0, 1.8240630826894366)	(55.0, 1.5159529177339732)	(56.0, 1.2633075653479122)	(57.0, 1.0467162489904343)	(58.0, 0.8774555344965389)	(59.0, 0.7365478414253579)	(60.0, 0.6083352630760636)	(61.0, 0.5006961326653853)	(62.0, 0.41533630012059236)	(63.0, 0.35126592357599296)	(64.0, 0.2968762453686455)	(65.0, 0.24094456860862193)	(66.0, 0.18545282156668355)	(67.0, 0.1408448459685974)	(68.0, 0.10818455347952871)	(69.0, 0.08349686486106492)	(70.0, 0.06307604560015179)	(71.0, 0.04238812615325836)	(72.0, 0.02666512781046912)	(73.0, 0.01733233307680493)	(74.0, 0.012385368287724631)	(75.0, 0.00906793908706189)	(76.0, 0.005853758697786487)	(77.0, 0.004343183696402167)	(78.0, 0.004278092054440585)	(79.0, 0.005362204574007637)	(80.0, 0.004762912560085477)	(81.0, 0.0027697615924342505)	(82.0, 0.0018495004474601477)	(83.0, 0.0012255185003801463)	(84.0, 0.0010077981807155416)	(85.0, 0.0009427065387539588)	(86.0, 0.0009382174599979876)	(87.0, 0.0008910821330602895)	(88.0, 0.0007923224004289226)	(89.0, 0.0007990560185628793)	(90.0, 0.0008192568729647498)	(91.0, 0.0008215014123427356)	(92.0, 0.0008147677942087786)	(93.0, 0.000830479569854678)	(94.0, 0.0010302435744953978)	(95.0, 0.0013961034931070531)	(96.0, 0.00225800661425353)	(97.0, 0.00464395197305224)	(98.0, 0.014962099493652119)	(99.0, 0.015417740987383197)	(100.0, 0.00417259870367526)
SFZ_P1_R2	(0.0, 0.0026203610367595527)	(1.0, 0.0015012016917284575)	(2.0, 0.0003101284932013879)	(3.0, 0.00023147271594016635)	(4.0, 0.00024945117931415986)	(5.0, 0.0002584404110011566)	(6.0, 0.00022697810009666798)	(7.0, 0.00019326848127043013)	(8.0, 0.0002382146397054139)	(9.0, 0.00033260157241887973)	(10.0, 0.000431483120975844)	(11.0, 0.0005078915903153164)	(12.0, 0.0007618373854729746)	(13.0, 0.001076460494517861)	(14.0, 0.0015731155452244315)	(15.0, 0.002514737564437341)	(16.0, 0.0036721011441381724)	(17.0, 0.005667710578651451)	(18.0, 0.008577974337316649)	(19.0, 0.012524247047908223)	(20.0, 0.01876277383868397)	(21.0, 0.028666659849832635)	(22.0, 0.042372990864580934)	(23.0, 0.05871091945569753)	(24.0, 0.08373244585645298)	(25.0, 0.11881067520703606)	(26.0, 0.1633186085972787)	(27.0, 0.22545442532572202)	(28.0, 0.3034494940579493)	(29.0, 0.3946295183670791)	(30.0, 0.5201371711809277)	(31.0, 0.6772846722250832)	(32.0, 0.8416977197802538)	(33.0, 1.0356606191985043)	(34.0, 1.301636253661286)	(35.0, 1.6049216942409474)	(36.0, 1.923906827961949)	(37.0, 2.385400498924832)	(38.0, 3.015329898622816)	(39.0, 3.746102746693451)	(40.0, 4.6258114326621715)	(41.0, 5.608433337599473)	(42.0, 6.400903777353811)	(43.0, 6.863882918852969)	(44.0, 7.061749392131299)	(45.0, 6.751364705826831)	(46.0, 6.160787915146597)	(47.0, 5.6751289421011455)	(48.0, 5.1201697346727135)	(49.0, 4.472981010135696)	(50.0, 3.897013968254753)	(51.0, 3.3202446374457453)	(52.0, 2.732598336295472)	(53.0, 2.233543160728474)	(54.0, 1.8184608929655555)	(55.0, 1.5126764459769086)	(56.0, 1.2601487021178743)	(57.0, 1.0426767145302054)	(58.0, 0.8729352998925675)	(59.0, 0.7303458595655032)	(60.0, 0.5993165711879168)	(61.0, 0.4922907787225335)	(62.0, 0.40887745059096897)	(63.0, 0.3460854199493749)	(64.0, 0.29103985971405033)	(65.0, 0.23402790504719514)	(66.0, 0.17868570016619964)	(67.0, 0.13547221613888452)	(68.0, 0.10463016222079868)	(69.0, 0.08021091434307201)	(70.0, 0.059533434155057734)	(71.0, 0.04054817683212059)	(72.0, 0.02605753535268183)	(73.0, 0.016416584368377816)	(74.0, 0.011917473909035942)	(75.0, 0.009049909000883979)	(76.0, 0.005856484444078383)	(77.0, 0.004537314694011609)	(78.0, 0.004660916629707816)	(79.0, 0.005656474039042705)	(80.0, 0.005292410155719337)	(81.0, 0.0037395203817906487)	(82.0, 0.0029731883804741755)	(83.0, 0.0026271029605248004)	(84.0, 0.002609124497150807)	(85.0, 0.0027978983625777387)	(86.0, 0.002943973377491436)	(87.0, 0.003117016087466123)	(88.0, 0.0033237684162670486)	(89.0, 0.0035147895896157294)	(90.0, 0.0037642407689298897)	(91.0, 0.004049648874992037)	(92.0, 0.004326067749367187)	(93.0, 0.004490121227654877)	(94.0, 0.004874410882273988)	(95.0, 0.005577818261781484)	(96.0, 0.006535171436446638)	(97.0, 0.008200426606462786)	(98.0, 0.011789377357496238)	(99.0, 0.022785455018615012)	(100.0, 0.1404837128043852)
SFZ_P2_R1	(0.0, 0.0001542437025821806)	(1.0, 8.373229568746947e-05)	(2.0, 1.542437025821806e-05)	(3.0, 2.6441777585516673e-05)	(4.0, 3.745918491281529e-05)	(5.0, 5.068007370557362e-05)	(6.0, 6.830792542925141e-05)	(7.0, 8.593577715292919e-05)	(8.0, 0.00013220888792758338)	(9.0, 0.00018509244309861673)	(10.0, 0.00024017947973510977)	(11.0, 0.0003745918491281529)	(12.0, 0.0006874862172234335)	(13.0, 0.001081909399540724)	(14.0, 0.0016548145805602517)	(15.0, 0.0025670559072605774)	(16.0, 0.003867109971881814)	(17.0, 0.005929568623552115)	(18.0, 0.008946134749766474)	(19.0, 0.013386149902667817)	(20.0, 0.02002964652102888)	(21.0, 0.030427875556533313)	(22.0, 0.04523306752295719)	(23.0, 0.06317822057766118)	(24.0, 0.08694056470117884)	(25.0, 0.12049297697573404)	(26.0, 0.16453396102587753)	(27.0, 0.22637907531693555)	(28.0, 0.30281344039080244)	(29.0, 0.39362111506386305)	(30.0, 0.51652470076281)	(31.0, 0.6658259944179645)	(32.0, 0.8264642002129091)	(33.0, 1.0213577288698907)	(34.0, 1.2880957707081866)	(35.0, 1.5880534991197532)	(36.0, 1.8984557296775988)	(37.0, 2.3530670082239213)	(38.0, 2.978954901080429)	(39.0, 3.700383546797804)	(40.0, 4.572332011420733)	(41.0, 5.543877838282441)	(42.0, 6.336518598000543)	(43.0, 6.828998909012257)	(44.0, 7.059531546891584)	(45.0, 6.75323880926682)	(46.0, 6.150286954984284)	(47.0, 5.675004816810484)	(48.0, 5.148560042490174)	(49.0, 4.509167011731864)	(50.0, 3.928600325656933)	(51.0, 3.349633367125925)	(52.0, 2.7684673340923887)	(53.0, 2.2744622139065767)	(54.0, 1.8521760084585484)	(55.0, 1.54408522995797)	(56.0, 1.2902529790628716)	(57.0, 1.0716081236896997)	(58.0, 0.9038658936501128)	(59.0, 0.7616664207581351)	(60.0, 0.6258945033009033)	(61.0, 0.517646272828729)	(62.0, 0.434246702842544)	(63.0, 0.366051154968031)	(64.0, 0.30748922806050794)	(65.0, 0.25215980846281427)	(66.0, 0.1952306613211969)	(67.0, 0.14936739809911825)	(68.0, 0.11739047507236675)	(69.0, 0.091116162078225)	(70.0, 0.06943390445810134)	(71.0, 0.047855210466854266)	(72.0, 0.030844333553505198)	(73.0, 0.020565092517135595)	(74.0, 0.015248091740981283)	(75.0, 0.011894392950551584)	(76.0, 0.007654894611007078)	(77.0, 0.005495482774856549)	(78.0, 0.005656336921835109)	(79.0, 0.0070599546153329515)	(80.0, 0.006255683880440154)	(81.0, 0.0037128662692996334)	(82.0, 0.002276196353819894)	(83.0, 0.0013022575460866963)	(84.0, 0.0010907233254025628)	(85.0, 0.0010136014741114726)	(86.0, 0.0009100378452348655)	(87.0, 0.0007624045870490641)	(88.0, 0.0006764688098961349)	(89.0, 0.0007447767353253864)	(90.0, 0.0007139279948089502)	(91.0, 0.0006654514025688363)	(92.0, 0.0007734219943763627)	(93.0, 0.0008924099935111877)	(94.0, 0.0010885198439371032)	(95.0, 0.0014410768784106588)	(96.0, 0.0021528013917541493)	(97.0, 0.00476833389125484)	(98.0, 0.016166943512077987)	(99.0, 0.0168500227663705)	(100.0, 0.00470002596582559)
SFZ_P2_R2	(0.0, 0.0011782633708566088)	(1.0, 0.0006619457139643869)	(2.0, 0.0001235631999400189)	(3.0, 0.0001147372570871604)	(4.0, 0.00012135671422680427)	(5.0, 0.00011032428566073115)	(6.0, 0.00012135671422680427)	(7.0, 0.00014121508564573587)	(8.0, 0.00017872534277038447)	(9.0, 0.00026257179987254013)	(10.0, 0.0003243533998425496)	(11.0, 0.00044571011406935383)	(12.0, 0.0007634440567722597)	(13.0, 0.0011253077137394578)	(14.0, 0.0015864632278013138)	(15.0, 0.0023918305131246514)	(16.0, 0.003461976084033744)	(17.0, 0.005202893311760081)	(18.0, 0.008322864110245558)	(19.0, 0.012407069165405828)	(20.0, 0.018845594476566096)	(21.0, 0.02954705018565702)	(22.0, 0.04368400415022311)	(23.0, 0.060583478227733904)	(24.0, 0.08500044913016692)	(25.0, 0.11926937874210324)	(26.0, 0.16403456089180152)	(27.0, 0.22550283989053446)	(28.0, 0.30221352219615405)	(29.0, 0.3910819407815862)	(30.0, 0.512701226808263)	(31.0, 0.6666742128478059)	(32.0, 0.8309272158252156)	(33.0, 1.0259937917876676)	(34.0, 1.291005964859023)	(35.0, 1.5928443844839306)	(36.0, 1.9031490897904426)	(37.0, 2.3531795028862708)	(38.0, 2.975095153041518)	(39.0, 3.691448391722351)	(40.0, 4.560135197557809)	(41.0, 5.546306335193378)	(42.0, 6.351146270431259)	(43.0, 6.827091858228791)	(44.0, 7.0467210331507495)	(45.0, 6.735754382130272)	(46.0, 6.130014478738602)	(47.0, 5.658479655881784)	(48.0, 5.1248896288265176)	(49.0, 4.49213572084796)	(50.0, 3.918078745812338)	(51.0, 3.343223022948533)	(52.0, 2.770611296055066)	(53.0, 2.2778611130656894)	(54.0, 1.8559722187562009)	(55.0, 1.5437655227648976)	(56.0, 1.2882765420317766)	(57.0, 1.069503483566547)	(58.0, 0.8977749069927657)	(59.0, 0.7551564964334255)	(60.0, 0.6226835071834459)	(61.0, 0.5123570150370016)	(62.0, 0.42632613707876343)	(63.0, 0.36045591908216723)	(64.0, 0.30309832296715317)	(65.0, 0.24635854285183909)	(66.0, 0.19103973953583528)	(67.0, 0.14469912658690176)	(68.0, 0.11222627634552215)	(69.0, 0.08722679321480048)	(70.0, 0.0655171802824818)	(71.0, 0.04505202529241618)	(72.0, 0.028882897985979414)	(73.0, 0.01886324636227181)	(74.0, 0.01476138942140583)	(75.0, 0.011842208822822883)	(76.0, 0.007943348567572643)	(77.0, 0.006111965425604506)	(78.0, 0.005849393625731966)	(79.0, 0.007164459110807881)	(80.0, 0.006784943568134966)	(81.0, 0.004340157397893164)	(82.0, 0.0030626021699418967)	(83.0, 0.0025087742559250265)	(84.0, 0.0024977418273589534)	(85.0, 0.002581588284461109)	(86.0, 0.0026124790844461137)	(87.0, 0.002844160084333649)	(88.0, 0.0030670151413683265)	(89.0, 0.0033317934269540806)	(90.0, 0.0036870376267816355)	(91.0, 0.0038436981124198733)	(92.0, 0.004029042912329902)	(93.0, 0.004401938997863173)	(94.0, 0.004900604769049678)	(95.0, 0.005536072654455489)	(96.0, 0.006460590168292416)	(97.0, 0.008532480253000947)	(98.0, 0.012424721051111542)	(99.0, 0.024066139674031893)	(100.0, 0.15530129043889804)
SFZ_P3_R1	(0.0, 0.00021920144866584065)	(1.0, 0.00011873411802733036)	(2.0, 1.1416742118012534e-05)	(3.0, 1.8266787388820053e-05)	(4.0, 2.0550135812422562e-05)	(5.0, 1.8266787388820053e-05)	(6.0, 5.480036216646016e-05)	(7.0, 6.165040743726769e-05)	(8.0, 9.133393694410027e-05)	(9.0, 0.000162117738075778)	(10.0, 0.00023975158447826325)	(11.0, 0.00036076905092919607)	(12.0, 0.0006142207259490744)	(13.0, 0.001009240003232308)	(14.0, 0.0015663770185913198)	(15.0, 0.0024842830848795273)	(16.0, 0.003806341822145379)	(17.0, 0.005735771240089497)	(18.0, 0.00886395858042493)	(19.0, 0.013250270902165347)	(20.0, 0.019826314362140565)	(21.0, 0.030494118197211477)	(22.0, 0.04473992901206752)	(23.0, 0.06161159051406644)	(24.0, 0.08566894950514245)	(25.0, 0.11898985305077384)	(26.0, 0.1622889892075482)	(27.0, 0.22308314098596493)	(28.0, 0.2979861026738216)	(29.0, 0.3861872855807392)	(30.0, 0.5101046045296472)	(31.0, 0.6635113683693816)	(32.0, 0.8239097450821871)	(33.0, 1.0176769756575195)	(34.0, 1.2845341892723678)	(35.0, 1.5831938797311522)	(36.0, 1.897090354220636)	(37.0, 2.354383393060781)	(38.0, 2.978278666280659)	(39.0, 3.704878951594178)	(40.0, 4.586335926996419)	(41.0, 5.572194442371037)	(42.0, 6.379454010748314)	(43.0, 6.876831231164801)	(44.0, 7.1002363242784945)	(45.0, 6.806157030757457)	(46.0, 6.20859789825541)	(47.0, 5.707807071945637)	(48.0, 5.154873701034478)	(49.0, 4.496262398382147)	(50.0, 3.9015574514096034)	(51.0, 3.318529548275363)	(52.0, 2.738081828859793)	(53.0, 2.2438807461005372)	(54.0, 1.826032551278126)	(55.0, 1.5237423368258138)	(56.0, 1.2736745841697144)	(57.0, 1.0553704914343496)	(58.0, 0.889820880677897)	(59.0, 0.7468056355139775)	(60.0, 0.6127091492926495)	(61.0, 0.5055493244245602)	(62.0, 0.4249151581934613)	(63.0, 0.36082156794293896)	(64.0, 0.3015458428662179)	(65.0, 0.2452087872106732)	(66.0, 0.1906276264928789)	(67.0, 0.1484792979416002)	(68.0, 0.11622928480663841)	(69.0, 0.08864186915267291)	(70.0, 0.0677743479093696)	(71.0, 0.04798000042515947)	(72.0, 0.0313275403718264)	(73.0, 0.0199473318285915)	(74.0, 0.015138600048484621)	(75.0, 0.011843728273226203)	(76.0, 0.00818808744703859)	(77.0, 0.007660633961186411)	(78.0, 0.009377711975735496)	(79.0, 0.014049442850426225)	(80.0, 0.012069779767162852)	(81.0, 0.0054526360355627865)	(82.0, 0.0029021358463987863)	(83.0, 0.0014750430816472195)	(84.0, 0.0012330081487453536)	(85.0, 0.0011165573791416259)	(86.0, 0.0009635730347602579)	(87.0, 0.0008836558399341702)	(88.0, 0.0008722390978161576)	(89.0, 0.000815155387226095)	(90.0, 0.0008197220840732999)	(91.0, 0.0008768057946633626)	(92.0, 0.0008676724009689527)	(93.0, 0.0009110560210174002)	(94.0, 0.0010823071527875884)	(95.0, 0.0014659096879528096)	(96.0, 0.0023541322247341845)	(97.0, 0.0050324999256199255)	(98.0, 0.01667757688599271)	(99.0, 0.016688993628110722)	(100.0, 0.004032393316082027)
SFZ_P3_R2	(0.0, 0.0018426709694024483)	(1.0, 0.0010607932131547594)	(2.0, 0.00020804349654543773)	(3.0, 0.00016460584342056612)	(4.0, 0.00017832299703894665)	(5.0, 0.0001531748820719157)	(6.0, 0.00015546107434164576)	(7.0, 0.00019204015065732715)	(8.0, 0.0002469087651308492)	(9.0, 0.00030406357187410133)	(10.0, 0.0003452150327292428)	(11.0, 0.0005463999524654903)	(12.0, 0.0008618944856882421)	(13.0, 0.0012185404797661354)	(14.0, 0.0017809437781197363)	(15.0, 0.0025994006106831065)	(16.0, 0.003712776246041658)	(17.0, 0.005797783596035496)	(18.0, 0.009197351501124131)	(19.0, 0.013275918510322605)	(20.0, 0.019770990748625775)	(21.0, 0.030532097762245285)	(22.0, 0.04477278941039398)	(23.0, 0.061055050755411656)	(24.0, 0.08524067877688622)	(25.0, 0.11977589920342889)	(26.0, 0.16450296476842827)	(27.0, 0.22488130261199982)	(28.0, 0.30036451278167803)	(29.0, 0.39129781031019223)	(30.0, 0.5143703987665719)	(31.0, 0.669989220374829)	(32.0, 0.8349677131353612)	(33.0, 1.0258761986191718)	(34.0, 1.2888248887144473)	(35.0, 1.5889676408459614)	(36.0, 1.9049742811371329)	(37.0, 2.3653196703777133)	(38.0, 2.9917500694373746)	(39.0, 3.7105449223864015)	(40.0, 4.587267651136113)	(41.0, 5.584408699117048)	(42.0, 6.385373874624713)	(43.0, 6.868709213329699)	(44.0, 7.09645968724021)	(45.0, 6.789725842795064)	(46.0, 6.184806226801292)	(47.0, 5.692200378442551)	(48.0, 5.131754060671839)	(49.0, 4.471611470402738)	(50.0, 3.8828620923327675)	(51.0, 3.3067142060535493)	(52.0, 2.727463956864307)	(53.0, 2.2333217873003073)	(54.0, 1.8164940679140391)	(55.0, 1.5086377030644555)	(56.0, 1.2640311335492247)	(57.0, 1.050548785594099)	(58.0, 0.8786339854872057)	(59.0, 0.7368237651881183)	(60.0, 0.6068971723070878)	(61.0, 0.49816586795872503)	(62.0, 0.4168551536935048)	(63.0, 0.35518283102526604)	(64.0, 0.29709754402823374)	(65.0, 0.23898939510850417)	(66.0, 0.18428081409386324)	(67.0, 0.14249607798000646)	(68.0, 0.11155703799374922)	(69.0, 0.08506464197211701)	(70.0, 0.06440660862283595)	(71.0, 0.045634683896082225)	(72.0, 0.02987824677310248)	(73.0, 0.0190279782609635)	(74.0, 0.01446245229831252)	(75.0, 0.011634432460656402)	(76.0, 0.008131985903429912)	(77.0, 0.007432411068892507)	(78.0, 0.009064752349479788)	(79.0, 0.013223336088118813)	(80.0, 0.011613856730228833)	(81.0, 0.005788638826956575)	(82.0, 0.003792792975482211)	(83.0, 0.0028348784144653057)	(84.0, 0.0027502893004852924)	(85.0, 0.002736572146866912)	(86.0, 0.002825733645386385)	(87.0, 0.0030269185651226327)	(88.0, 0.003362988828772955)	(89.0, 0.0036556214392984058)	(90.0, 0.0038270858595281622)	(91.0, 0.004080853201468202)	(92.0, 0.004414637272848794)	(93.0, 0.004707269883374245)	(94.0, 0.005324541796201368)	(95.0, 0.006104133360179327)	(96.0, 0.006881438731887556)	(97.0, 0.008474914743889424)	(98.0, 0.011689301075129924)	(99.0, 0.02182170521457366)	(100.0, 0.14133240611471387)
