Sample	0	1	2	3	4	5	6	7	8	9	10	11	12	13	14	15	16	17	18	19	20	21	22	23	24	25	26	27	28	29	30	31	32	33	34	35	36	37	38	39	40	41	42	43	44	45	46	47	48	49	50	51	52	53	54	55	56	57	58	59	60	61	62	63	64	65	66	67	68	69	70	71	72	73	74	75	76	77	78	79	80	81	82	83	84	85	86	87	88	89	90	91	92	93	94	95	96	97	98	99	100	101	102	103	104	105	106	107	108	109	110	111	112	113	114	115	116	117	118	119	120	121	122	123	124	125	126	127	128	129	130	131	132	133	134	135	136	137	138	139	140	141	142	143	144	145	146	147	148	149
GW_Mock1	(1, 38.3759)	(2, 38.8503)	(3, 39.1052)	(4, 38.9984)	(5, 38.8497)	(6, 38.8316)	(7, 38.9358)	(8, 38.959)	(9, 38.907)	(10, 38.7852)	(11, 38.9327)	(12, 38.8649)	(13, 38.9149)	(14, 38.8689)	(15, 38.8673)	(16, 39.1886)	(17, 39.2134)	(18, 39.2017)	(19, 39.2005)	(20, 39.2002)	(21, 39.1883)	(22, 39.2024)	(23, 39.1656)	(24, 39.2071)	(25, 39.1334)	(26, 38.8398)	(27, 38.8331)	(28, 38.83)	(29, 38.8373)	(30, 38.8156)	(31, 38.831)	(32, 38.8046)	(33, 38.8351)	(34, 38.7782)	(35, 38.8088)	(36, 38.7945)	(37, 38.7782)	(38, 38.7822)	(39, 38.7877)	(40, 38.7821)	(41, 38.722)	(42, 38.7803)	(43, 38.7967)	(44, 38.749)	(45, 38.7728)	(46, 38.6579)	(47, 38.6862)	(48, 38.6203)	(49, 38.7656)	(50, 38.6022)	(51, 38.6388)	(52, 38.5663)	(53, 38.6537)	(54, 38.5622)	(55, 38.5427)	(56, 38.5227)	(57, 38.5227)	(58, 38.5166)	(59, 38.5055)	(60, 38.5071)	(61, 38.4647)	(62, 38.4789)	(63, 38.4625)	(64, 38.4649)	(65, 38.477)	(66, 38.4922)	(67, 38.4352)	(68, 38.4153)	(69, 38.4063)	(70, 38.4283)	(71, 38.4085)	(72, 38.4052)	(73, 38.3973)	(74, 38.4273)	(75, 38.4502)	(76, 38.4504)	(77, 38.4532)	(78, 38.4267)	(79, 38.4228)	(80, 38.4195)	(81, 38.4072)	(82, 38.4074)	(83, 38.4054)	(84, 38.3863)	(85, 38.3735)	(86, 38.368)	(87, 38.3843)	(88, 38.3608)	(89, 38.3724)	(90, 38.3673)	(91, 38.363)	(92, 38.3272)	(93, 38.3208)	(94, 38.2931)	(95, 38.278)	(96, 38.2878)	(97, 38.2616)	(98, 38.2582)	(99, 38.2221)	(100, 38.205)	(101, 38.1741)	(102, 38.1346)	(103, 38.09)	(104, 38.089)	(105, 38.0532)	(106, 38.0148)	(107, 38.007)	(108, 37.9823)	(109, 37.961)	(110, 37.9237)	(111, 37.9079)	(112, 37.9325)	(113, 37.9195)	(114, 37.9305)	(115, 37.9135)	(116, 37.9385)	(117, 37.9279)	(118, 37.9226)	(119, 37.8889)	(120, 37.9292)	(121, 37.9208)	(122, 37.8997)	(123, 37.9049)	(124, 37.9187)	(125, 37.9015)	(126, 37.8552)	(127, 37.8478)	(128, 37.8527)	(129, 37.8547)	(130, 37.8398)	(131, 37.8193)	(132, 37.8038)	(133, 37.8087)	(134, 37.7826)	(135, 37.7801)	(136, 37.7645)	(137, 37.7418)	(138, 37.7187)	(139, 37.7176)	(140, 37.6701)	(141, 37.6783)	(142, 37.6461)	(143, 37.6181)	(144, 37.6225)	(145, 37.6293)	(146, 37.5962)	(147, 37.577)	(148, 37.5519)	(149, 37.5129)	(150, 37.5207)
GW_Mock2	(1, 38.3682)	(2, 38.8439)	(3, 39.0919)	(4, 39.0008)	(5, 38.8664)	(6, 38.8605)	(7, 38.9585)	(8, 38.9883)	(9, 38.9438)	(10, 38.8311)	(11, 38.9717)	(12, 38.9158)	(13, 38.9574)	(14, 38.9168)	(15, 38.9216)	(16, 39.2115)	(17, 39.2356)	(18, 39.2246)	(19, 39.2277)	(20, 39.2236)	(21, 39.2155)	(22, 39.2294)	(23, 39.1882)	(24, 39.2299)	(25, 39.1675)	(26, 38.8692)	(27, 38.8642)	(28, 38.8613)	(29, 38.8685)	(30, 38.8481)	(31, 38.8602)	(32, 38.8353)	(33, 38.8608)	(34, 38.8039)	(35, 38.8437)	(36, 38.8313)	(37, 38.8155)	(38, 38.8161)	(39, 38.8264)	(40, 38.8223)	(41, 38.782)	(42, 38.8067)	(43, 38.8291)	(44, 38.7865)	(45, 38.8102)	(46, 38.6996)	(47, 38.7228)	(48, 38.6241)	(49, 38.7964)	(50, 38.6399)	(51, 38.658)	(52, 38.5711)	(53, 38.6793)	(54, 38.5679)	(55, 38.5364)	(56, 38.5312)	(57, 38.5201)	(58, 38.5083)	(59, 38.501)	(60, 38.5109)	(61, 38.463)	(62, 38.4884)	(63, 38.4623)	(64, 38.4653)	(65, 38.4767)	(66, 38.5012)	(67, 38.4348)	(68, 38.4185)	(69, 38.4069)	(70, 38.4254)	(71, 38.4088)	(72, 38.4058)	(73, 38.4021)	(74, 38.4381)	(75, 38.4695)	(76, 38.471)	(77, 38.4686)	(78, 38.4436)	(79, 38.4439)	(80, 38.4359)	(81, 38.4283)	(82, 38.425)	(83, 38.4271)	(84, 38.4058)	(85, 38.3941)	(86, 38.3923)	(87, 38.4045)	(88, 38.3816)	(89, 38.3897)	(90, 38.3887)	(91, 38.3835)	(92, 38.3535)	(93, 38.3494)	(94, 38.323)	(95, 38.3114)	(96, 38.3248)	(97, 38.2997)	(98, 38.2988)	(99, 38.263)	(100, 38.2482)	(101, 38.2195)	(102, 38.1859)	(103, 38.1448)	(104, 38.1429)	(105, 38.1125)	(106, 38.077)	(107, 38.0691)	(108, 38.0475)	(109, 38.0291)	(110, 37.9934)	(111, 37.9798)	(112, 37.9976)	(113, 37.9901)	(114, 37.9979)	(115, 37.9813)	(116, 38.0031)	(117, 37.9936)	(118, 37.9878)	(119, 37.9568)	(120, 37.9908)	(121, 37.9787)	(122, 37.9618)	(123, 37.9649)	(124, 37.9753)	(125, 37.9586)	(126, 37.9189)	(127, 37.9053)	(128, 37.9083)	(129, 37.9085)	(130, 37.8961)	(131, 37.876)	(132, 37.8629)	(133, 37.863)	(134, 37.8426)	(135, 37.8385)	(136, 37.8236)	(137, 37.7998)	(138, 37.7763)	(139, 37.7759)	(140, 37.7312)	(141, 37.742)	(142, 37.7063)	(143, 37.6801)	(144, 37.6858)	(145, 37.6893)	(146, 37.6594)	(147, 37.6388)	(148, 37.618)	(149, 37.5822)	(150, 37.5867)
GW_Mock3	(1, 38.3542)	(2, 38.8113)	(3, 39.0553)	(4, 38.9442)	(5, 38.7921)	(6, 38.7824)	(7, 38.8876)	(8, 38.9141)	(9, 38.8615)	(10, 38.7338)	(11, 38.8839)	(12, 38.8192)	(13, 38.8744)	(14, 38.8289)	(15, 38.8336)	(16, 39.163)	(17, 39.19)	(18, 39.179)	(19, 39.1843)	(20, 39.1762)	(21, 39.1663)	(22, 39.1829)	(23, 39.1461)	(24, 39.1845)	(25, 39.1136)	(26, 38.8009)	(27, 38.7944)	(28, 38.7954)	(29, 38.7992)	(30, 38.7759)	(31, 38.7937)	(32, 38.7731)	(33, 38.8009)	(34, 38.7359)	(35, 38.7822)	(36, 38.7662)	(37, 38.7437)	(38, 38.7532)	(39, 38.7594)	(40, 38.7594)	(41, 38.7121)	(42, 38.7573)	(43, 38.7647)	(44, 38.723)	(45, 38.746)	(46, 38.6498)	(47, 38.6683)	(48, 38.6012)	(49, 38.74)	(50, 38.5804)	(51, 38.6116)	(52, 38.5448)	(53, 38.6326)	(54, 38.5445)	(55, 38.5248)	(56, 38.498)	(57, 38.5006)	(58, 38.4967)	(59, 38.4857)	(60, 38.4884)	(61, 38.4444)	(62, 38.4602)	(63, 38.4485)	(64, 38.4516)	(65, 38.4638)	(66, 38.4761)	(67, 38.4232)	(68, 38.3957)	(69, 38.3869)	(70, 38.4128)	(71, 38.3973)	(72, 38.3921)	(73, 38.3826)	(74, 38.4086)	(75, 38.4334)	(76, 38.4339)	(77, 38.4381)	(78, 38.4104)	(79, 38.4094)	(80, 38.4062)	(81, 38.3951)	(82, 38.397)	(83, 38.3971)	(84, 38.3756)	(85, 38.3633)	(86, 38.3608)	(87, 38.374)	(88, 38.3503)	(89, 38.359)	(90, 38.3572)	(91, 38.3492)	(92, 38.3191)	(93, 38.3075)	(94, 38.2804)	(95, 38.2676)	(96, 38.2779)	(97, 38.2513)	(98, 38.2433)	(99, 38.2109)	(100, 38.1916)	(101, 38.1615)	(102, 38.1221)	(103, 38.0786)	(104, 38.0736)	(105, 38.0405)	(106, 38.0009)	(107, 37.9932)	(108, 37.9664)	(109, 37.9488)	(110, 37.9079)	(111, 37.894)	(112, 37.9124)	(113, 37.9019)	(114, 37.9155)	(115, 37.894)	(116, 37.9197)	(117, 37.9116)	(118, 37.9034)	(119, 37.8701)	(120, 37.9062)	(121, 37.8887)	(122, 37.8742)	(123, 37.8779)	(124, 37.8894)	(125, 37.8758)	(126, 37.8267)	(127, 37.8117)	(128, 37.8185)	(129, 37.8204)	(130, 37.8005)	(131, 37.7813)	(132, 37.7653)	(133, 37.765)	(134, 37.7432)	(135, 37.7355)	(136, 37.7188)	(137, 37.692)	(138, 37.6681)	(139, 37.6671)	(140, 37.6182)	(141, 37.6251)	(142, 37.5897)	(143, 37.5541)	(144, 37.5637)	(145, 37.5692)	(146, 37.5288)	(147, 37.5078)	(148, 37.4842)	(149, 37.4441)	(150, 37.4484)
GW_P1	(1, 38.4324)	(2, 38.8893)	(3, 39.1293)	(4, 39.0283)	(5, 38.9021)	(6, 38.8704)	(7, 38.968)	(8, 38.9891)	(9, 38.9453)	(10, 38.8324)	(11, 38.9605)	(12, 38.9044)	(13, 38.9552)	(14, 38.9078)	(15, 38.9106)	(16, 39.2315)	(17, 39.2441)	(18, 39.2375)	(19, 39.2404)	(20, 39.2365)	(21, 39.2285)	(22, 39.2439)	(23, 39.2089)	(24, 39.2435)	(25, 39.1688)	(26, 38.8909)	(27, 38.8803)	(28, 38.8717)	(29, 38.8857)	(30, 38.8591)	(31, 38.8663)	(32, 38.8567)	(33, 38.8675)	(34, 38.8233)	(35, 38.8528)	(36, 38.8456)	(37, 38.8297)	(38, 38.834)	(39, 38.836)	(40, 38.8348)	(41, 38.7843)	(42, 38.8313)	(43, 38.8382)	(44, 38.7964)	(45, 38.8196)	(46, 38.715)	(47, 38.74)	(48, 38.71)	(49, 38.805)	(50, 38.7178)	(51, 38.7187)	(52, 38.6374)	(53, 38.7113)	(54, 38.6324)	(55, 38.5852)	(56, 38.5827)	(57, 38.5766)	(58, 38.5634)	(59, 38.5355)	(60, 38.5414)	(61, 38.5141)	(62, 38.5211)	(63, 38.5129)	(64, 38.512)	(65, 38.5094)	(66, 38.5159)	(67, 38.4798)	(68, 38.4545)	(69, 38.4518)	(70, 38.4665)	(71, 38.4561)	(72, 38.4528)	(73, 38.4506)	(74, 38.4818)	(75, 38.5022)	(76, 38.502)	(77, 38.4979)	(78, 38.4685)	(79, 38.4632)	(80, 38.4608)	(81, 38.4506)	(82, 38.4493)	(83, 38.4459)	(84, 38.4237)	(85, 38.4156)	(86, 38.4158)	(87, 38.4277)	(88, 38.4085)	(89, 38.4123)	(90, 38.4075)	(91, 38.4101)	(92, 38.3798)	(93, 38.3737)	(94, 38.3448)	(95, 38.3307)	(96, 38.3442)	(97, 38.3202)	(98, 38.3084)	(99, 38.2745)	(100, 38.2646)	(101, 38.2352)	(102, 38.196)	(103, 38.1578)	(104, 38.1556)	(105, 38.1243)	(106, 38.0906)	(107, 38.0884)	(108, 38.0696)	(109, 38.0478)	(110, 38.0149)	(111, 38.0005)	(112, 38.0212)	(113, 38.014)	(114, 38.0185)	(115, 38.0067)	(116, 38.0286)	(117, 38.0243)	(118, 38.0197)	(119, 37.9891)	(120, 38.0222)	(121, 38.0053)	(122, 37.983)	(123, 37.9987)	(124, 38.0086)	(125, 37.9925)	(126, 37.9513)	(127, 37.9363)	(128, 37.9348)	(129, 37.9414)	(130, 37.9295)	(131, 37.9128)	(132, 37.8973)	(133, 37.8993)	(134, 37.8824)	(135, 37.8607)	(136, 37.8476)	(137, 37.8312)	(138, 37.8034)	(139, 37.8052)	(140, 37.7676)	(141, 37.7759)	(142, 37.7434)	(143, 37.7101)	(144, 37.72)	(145, 37.7293)	(146, 37.6901)	(147, 37.6777)	(148, 37.6524)	(149, 37.6167)	(150, 37.6219)
GW_P2	(1, 38.4365)	(2, 38.8824)	(3, 39.125)	(4, 39.0171)	(5, 38.8852)	(6, 38.851)	(7, 38.9433)	(8, 38.9681)	(9, 38.9228)	(10, 38.8108)	(11, 38.9388)	(12, 38.8827)	(13, 38.9355)	(14, 38.8883)	(15, 38.8921)	(16, 39.2202)	(17, 39.2338)	(18, 39.2302)	(19, 39.2314)	(20, 39.2286)	(21, 39.2189)	(22, 39.2342)	(23, 39.1984)	(24, 39.2324)	(25, 39.1619)	(26, 38.894)	(27, 38.8772)	(28, 38.8735)	(29, 38.8864)	(30, 38.8608)	(31, 38.8661)	(32, 38.8567)	(33, 38.8596)	(34, 38.827)	(35, 38.856)	(36, 38.8479)	(37, 38.8385)	(38, 38.837)	(39, 38.8396)	(40, 38.836)	(41, 38.7993)	(42, 38.8323)	(43, 38.8414)	(44, 38.7928)	(45, 38.8178)	(46, 38.6583)	(47, 38.6829)	(48, 38.6624)	(49, 38.8051)	(50, 38.7613)	(51, 38.7385)	(52, 38.6519)	(53, 38.7112)	(54, 38.6155)	(55, 38.5085)	(56, 38.5467)	(57, 38.5218)	(58, 38.4771)	(59, 38.4258)	(60, 38.4087)	(61, 38.3917)	(62, 38.3899)	(63, 38.392)	(64, 38.3926)	(65, 38.3823)	(66, 38.3813)	(67, 38.3549)	(68, 38.3452)	(69, 38.3483)	(70, 38.3641)	(71, 38.3497)	(72, 38.3503)	(73, 38.3519)	(74, 38.3896)	(75, 38.4317)	(76, 38.4481)	(77, 38.455)	(78, 38.4243)	(79, 38.4192)	(80, 38.4166)	(81, 38.4053)	(82, 38.4016)	(83, 38.404)	(84, 38.3799)	(85, 38.3726)	(86, 38.3741)	(87, 38.3891)	(88, 38.3702)	(89, 38.3776)	(90, 38.3759)	(91, 38.3802)	(92, 38.3491)	(93, 38.3441)	(94, 38.316)	(95, 38.3019)	(96, 38.3155)	(97, 38.2901)	(98, 38.2825)	(99, 38.2473)	(100, 38.239)	(101, 38.2134)	(102, 38.1734)	(103, 38.1344)	(104, 38.1352)	(105, 38.104)	(106, 38.0693)	(107, 38.0679)	(108, 38.0477)	(109, 38.0283)	(110, 37.9984)	(111, 37.9821)	(112, 38.0036)	(113, 37.9977)	(114, 38.0032)	(115, 37.9928)	(116, 38.0139)	(117, 38.0109)	(118, 38.0067)	(119, 37.9808)	(120, 38.0155)	(121, 37.9971)	(122, 37.978)	(123, 37.9909)	(124, 38.0053)	(125, 37.9889)	(126, 37.9479)	(127, 37.9373)	(128, 37.9475)	(129, 37.9482)	(130, 37.9362)	(131, 37.9197)	(132, 37.9056)	(133, 37.9066)	(134, 37.8892)	(135, 37.8775)	(136, 37.8654)	(137, 37.8474)	(138, 37.8215)	(139, 37.8302)	(140, 37.791)	(141, 37.7961)	(142, 37.7683)	(143, 37.7369)	(144, 37.746)	(145, 37.7559)	(146, 37.7189)	(147, 37.7055)	(148, 37.6811)	(149, 37.6497)	(150, 37.6535)
GW_P3	(1, 38.3121)	(2, 38.815)	(3, 39.0711)	(4, 38.9694)	(5, 38.8174)	(6, 38.7985)	(7, 38.9015)	(8, 38.9278)	(9, 38.8863)	(10, 38.7556)	(11, 38.9075)	(12, 38.8432)	(13, 38.8882)	(14, 38.8448)	(15, 38.8464)	(16, 39.1844)	(17, 39.2058)	(18, 39.1939)	(19, 39.2013)	(20, 39.1945)	(21, 39.1793)	(22, 39.1974)	(23, 39.1624)	(24, 39.1936)	(25, 39.1289)	(26, 38.8256)	(27, 38.8136)	(28, 38.8178)	(29, 38.823)	(30, 38.7967)	(31, 38.8164)	(32, 38.7927)	(33, 38.8265)	(34, 38.7617)	(35, 38.8033)	(36, 38.79)	(37, 38.7706)	(38, 38.7761)	(39, 38.7798)	(40, 38.7685)	(41, 38.6822)	(42, 38.7702)	(43, 38.7874)	(44, 38.7293)	(45, 38.7599)	(46, 38.6119)	(47, 38.6382)	(48, 38.6764)	(49, 38.745)	(50, 38.6087)	(51, 38.5437)	(52, 38.4561)	(53, 38.6149)	(54, 38.4581)	(55, 38.4306)	(56, 38.4457)	(57, 38.4101)	(58, 38.3995)	(59, 38.3977)	(60, 38.4056)	(61, 38.35)	(62, 38.3812)	(63, 38.3523)	(64, 38.3531)	(65, 38.377)	(66, 38.4045)	(67, 38.3244)	(68, 38.3071)	(69, 38.2956)	(70, 38.3192)	(71, 38.304)	(72, 38.3016)	(73, 38.3024)	(74, 38.3519)	(75, 38.3885)	(76, 38.3909)	(77, 38.3927)	(78, 38.3628)	(79, 38.3571)	(80, 38.3565)	(81, 38.3464)	(82, 38.3434)	(83, 38.3434)	(84, 38.3194)	(85, 38.3126)	(86, 38.312)	(87, 38.3277)	(88, 38.3051)	(89, 38.3112)	(90, 38.3106)	(91, 38.3073)	(92, 38.2795)	(93, 38.2738)	(94, 38.2465)	(95, 38.2346)	(96, 38.2523)	(97, 38.2283)	(98, 38.2216)	(99, 38.1881)	(100, 38.1711)	(101, 38.1449)	(102, 38.1059)	(103, 38.061)	(104, 38.0578)	(105, 38.0264)	(106, 37.9943)	(107, 37.99)	(108, 37.9657)	(109, 37.9478)	(110, 37.9091)	(111, 37.896)	(112, 37.9182)	(113, 37.9102)	(114, 37.9235)	(115, 37.9048)	(116, 37.9316)	(117, 37.9252)	(118, 37.9221)	(119, 37.8908)	(120, 37.9274)	(121, 37.9153)	(122, 37.8984)	(123, 37.9019)	(124, 37.9188)	(125, 37.9022)	(126, 37.8529)	(127, 37.84)	(128, 37.8505)	(129, 37.8504)	(130, 37.8351)	(131, 37.8176)	(132, 37.799)	(133, 37.7996)	(134, 37.7817)	(135, 37.7709)	(136, 37.7539)	(137, 37.7312)	(138, 37.7089)	(139, 37.7052)	(140, 37.6608)	(141, 37.667)	(142, 37.6296)	(143, 37.5988)	(144, 37.6072)	(145, 37.615)	(146, 37.5751)	(147, 37.5546)	(148, 37.5345)	(149, 37.4939)	(150, 37.4986)
SFZ_Mock1	(1, 38.3766)	(2, 38.8523)	(3, 39.0995)	(4, 38.9982)	(5, 38.8525)	(6, 38.8459)	(7, 38.9542)	(8, 38.9784)	(9, 38.9282)	(10, 38.8025)	(11, 38.9477)	(12, 38.8894)	(13, 38.9423)	(14, 38.8943)	(15, 38.8999)	(16, 39.2133)	(17, 39.2375)	(18, 39.2291)	(19, 39.2331)	(20, 39.2267)	(21, 39.2172)	(22, 39.2323)	(23, 39.1989)	(24, 39.2363)	(25, 39.1678)	(26, 38.8862)	(27, 38.8818)	(28, 38.8805)	(29, 38.884)	(30, 38.8585)	(31, 38.8767)	(32, 38.8563)	(33, 38.8821)	(34, 38.8343)	(35, 38.863)	(36, 38.8514)	(37, 38.8349)	(38, 38.8345)	(39, 38.8458)	(40, 38.8436)	(41, 38.8043)	(42, 38.8419)	(43, 38.8573)	(44, 38.812)	(45, 38.8362)	(46, 38.7812)	(47, 38.7894)	(48, 38.7979)	(49, 38.8321)	(50, 38.754)	(51, 38.7258)	(52, 38.6767)	(53, 38.7448)	(54, 38.6862)	(55, 38.6794)	(56, 38.652)	(57, 38.6539)	(58, 38.6528)	(59, 38.6456)	(60, 38.6423)	(61, 38.6031)	(62, 38.6196)	(63, 38.6022)	(64, 38.6092)	(65, 38.6188)	(66, 38.6221)	(67, 38.579)	(68, 38.5529)	(69, 38.5468)	(70, 38.5697)	(71, 38.5555)	(72, 38.5493)	(73, 38.5378)	(74, 38.5543)	(75, 38.5705)	(76, 38.5666)	(77, 38.5744)	(78, 38.5469)	(79, 38.5455)	(80, 38.5426)	(81, 38.5344)	(82, 38.5325)	(83, 38.5319)	(84, 38.51)	(85, 38.4967)	(86, 38.4932)	(87, 38.5084)	(88, 38.4889)	(89, 38.4979)	(90, 38.4934)	(91, 38.489)	(92, 38.4589)	(93, 38.4492)	(94, 38.4192)	(95, 38.4065)	(96, 38.4161)	(97, 38.3872)	(98, 38.3837)	(99, 38.3503)	(100, 38.3323)	(101, 38.3056)	(102, 38.2637)	(103, 38.224)	(104, 38.2164)	(105, 38.1852)	(106, 38.1483)	(107, 38.1397)	(108, 38.1185)	(109, 38.1016)	(110, 38.0608)	(111, 38.0491)	(112, 38.0673)	(113, 38.0569)	(114, 38.0678)	(115, 38.048)	(116, 38.072)	(117, 38.0632)	(118, 38.0542)	(119, 38.0194)	(120, 38.0578)	(121, 38.0421)	(122, 38.0257)	(123, 38.03)	(124, 38.0381)	(125, 38.0251)	(126, 37.9743)	(127, 37.9605)	(128, 37.9646)	(129, 37.9711)	(130, 37.9512)	(131, 37.933)	(132, 37.9161)	(133, 37.9178)	(134, 37.8944)	(135, 37.8871)	(136, 37.8747)	(137, 37.8488)	(138, 37.8241)	(139, 37.8221)	(140, 37.7796)	(141, 37.7832)	(142, 37.7452)	(143, 37.7171)	(144, 37.7219)	(145, 37.7261)	(146, 37.691)	(147, 37.6717)	(148, 37.6515)	(149, 37.6111)	(150, 37.6172)
SFZ_Mock2	(1, 38.3395)	(2, 38.8413)	(3, 39.1116)	(4, 39.029)	(5, 38.8996)	(6, 38.897)	(7, 38.9602)	(8, 39.0161)	(9, 38.9862)	(10, 38.8672)	(11, 39.0114)	(12, 38.9641)	(13, 38.9969)	(14, 38.9685)	(15, 38.9645)	(16, 39.2411)	(17, 39.2605)	(18, 39.2555)	(19, 39.2402)	(20, 39.2575)	(21, 39.2471)	(22, 39.2555)	(23, 39.2166)	(24, 39.2677)	(25, 39.205)	(26, 38.9203)	(27, 38.9158)	(28, 38.9035)	(29, 38.9116)	(30, 38.8942)	(31, 38.9111)	(32, 38.8798)	(33, 38.912)	(34, 38.8648)	(35, 38.8951)	(36, 38.8708)	(37, 38.8707)	(38, 38.8638)	(39, 38.8442)	(40, 38.8629)	(41, 38.8285)	(42, 38.8572)	(43, 38.8747)	(44, 38.8219)	(45, 38.8496)	(46, 38.5004)	(47, 38.5762)	(48, 38.1697)	(49, 38.8272)	(50, 38.3759)	(51, 38.1351)	(52, 38.0713)	(53, 38.4085)	(54, 38.061)	(55, 38.3118)	(56, 38.0323)	(57, 38.1262)	(58, 38.044)	(59, 38.1464)	(60, 38.352)	(61, 37.9851)	(62, 38.1382)	(63, 37.9703)	(64, 37.9741)	(65, 38.1248)	(66, 38.3295)	(67, 37.9513)	(68, 37.9379)	(69, 37.9795)	(70, 38.0384)	(71, 38.0089)	(72, 37.9581)	(73, 37.9375)	(74, 38.0603)	(75, 38.1984)	(76, 38.2349)	(77, 38.2443)	(78, 38.2175)	(79, 38.2105)	(80, 38.2052)	(81, 38.1972)	(82, 38.192)	(83, 38.1943)	(84, 38.1795)	(85, 38.171)	(86, 38.1759)	(87, 38.2008)	(88, 38.2001)	(89, 38.2288)	(90, 38.2485)	(91, 38.2646)	(92, 38.2554)	(93, 38.2635)	(94, 38.2507)	(95, 38.2509)	(96, 38.2683)	(97, 38.2483)	(98, 38.2484)	(99, 38.2223)	(100, 38.2069)	(101, 38.1836)	(102, 38.1463)	(103, 38.1074)	(104, 38.1028)	(105, 38.0743)	(106, 38.042)	(107, 38.032)	(108, 38.0107)	(109, 37.995)	(110, 37.9628)	(111, 37.9507)	(112, 37.9664)	(113, 37.9603)	(114, 37.9724)	(115, 37.958)	(116, 37.9841)	(117, 37.981)	(118, 37.9765)	(119, 37.9549)	(120, 37.9919)	(121, 37.9842)	(122, 37.9715)	(123, 37.9838)	(124, 37.9941)	(125, 37.9872)	(126, 37.9457)	(127, 37.9378)	(128, 37.9469)	(129, 37.9502)	(130, 37.9352)	(131, 37.9185)	(132, 37.9081)	(133, 37.9094)	(134, 37.8881)	(135, 37.8847)	(136, 37.8707)	(137, 37.8498)	(138, 37.8257)	(139, 37.8307)	(140, 37.7888)	(141, 37.7949)	(142, 37.7661)	(143, 37.7447)	(144, 37.7484)	(145, 37.7566)	(146, 37.7271)	(147, 37.7106)	(148, 37.6907)	(149, 37.6585)	(150, 37.6638)
SFZ_Mock3	(1, 38.3879)	(2, 38.8603)	(3, 39.0984)	(4, 39.0355)	(5, 38.9153)	(6, 38.9132)	(7, 39.0088)	(8, 39.0438)	(9, 39.0086)	(10, 38.8969)	(11, 39.0315)	(12, 38.9905)	(13, 39.0227)	(14, 38.9905)	(15, 38.9982)	(16, 39.2563)	(17, 39.2755)	(18, 39.2683)	(19, 39.2713)	(20, 39.2666)	(21, 39.2614)	(22, 39.2748)	(23, 39.2391)	(24, 39.2756)	(25, 39.2223)	(26, 38.941)	(27, 38.937)	(28, 38.9373)	(29, 38.9381)	(30, 38.9169)	(31, 38.937)	(32, 38.9122)	(33, 38.9366)	(34, 38.8905)	(35, 38.9153)	(36, 38.9112)	(37, 38.8988)	(38, 38.9041)	(39, 38.9039)	(40, 38.8956)	(41, 38.8716)	(42, 38.9002)	(43, 38.9112)	(44, 38.8712)	(45, 38.8909)	(46, 38.8091)	(47, 38.8075)	(48, 38.7552)	(49, 38.8851)	(50, 38.742)	(51, 38.7539)	(52, 38.6984)	(53, 38.7897)	(54, 38.7017)	(55, 38.6942)	(56, 38.6845)	(57, 38.672)	(58, 38.6712)	(59, 38.6683)	(60, 38.6769)	(61, 38.6303)	(62, 38.6474)	(63, 38.6231)	(64, 38.6296)	(65, 38.6433)	(66, 38.6619)	(67, 38.5959)	(68, 38.5853)	(69, 38.5777)	(70, 38.5948)	(71, 38.5805)	(72, 38.57)	(73, 38.5676)	(74, 38.5997)	(75, 38.6197)	(76, 38.6182)	(77, 38.6174)	(78, 38.5943)	(79, 38.5931)	(80, 38.591)	(81, 38.582)	(82, 38.5746)	(83, 38.5757)	(84, 38.5557)	(85, 38.5438)	(86, 38.5399)	(87, 38.552)	(88, 38.5342)	(89, 38.5398)	(90, 38.5374)	(91, 38.5352)	(92, 38.5082)	(93, 38.5052)	(94, 38.4808)	(95, 38.4717)	(96, 38.4791)	(97, 38.4606)	(98, 38.4572)	(99, 38.4289)	(100, 38.4161)	(101, 38.3923)	(102, 38.3614)	(103, 38.3272)	(104, 38.3209)	(105, 38.2977)	(106, 38.2682)	(107, 38.258)	(108, 38.2404)	(109, 38.2245)	(110, 38.1966)	(111, 38.1836)	(112, 38.1967)	(113, 38.1895)	(114, 38.2015)	(115, 38.1815)	(116, 38.2027)	(117, 38.1937)	(118, 38.1882)	(119, 38.1573)	(120, 38.1901)	(121, 38.1747)	(122, 38.1618)	(123, 38.161)	(124, 38.1696)	(125, 38.1565)	(126, 38.1192)	(127, 38.1057)	(128, 38.109)	(129, 38.1125)	(130, 38.0959)	(131, 38.0812)	(132, 38.0716)	(133, 38.0701)	(134, 38.049)	(135, 38.0448)	(136, 38.0306)	(137, 38.0143)	(138, 37.9912)	(139, 37.9908)	(140, 37.9542)	(141, 37.9575)	(142, 37.9233)	(143, 37.9048)	(144, 37.9055)	(145, 37.9091)	(146, 37.8798)	(147, 37.8621)	(148, 37.8436)	(149, 37.8094)	(150, 37.8106)
SFZ_P1	(1, 38.3911)	(2, 38.8569)	(3, 39.1006)	(4, 39.0228)	(5, 38.8936)	(6, 38.8837)	(7, 38.9858)	(8, 39.0188)	(9, 38.9796)	(10, 38.8613)	(11, 39.0043)	(12, 38.9566)	(13, 38.9921)	(14, 38.9561)	(15, 38.9606)	(16, 39.2379)	(17, 39.2568)	(18, 39.2503)	(19, 39.249)	(20, 39.2481)	(21, 39.2406)	(22, 39.2525)	(23, 39.2185)	(24, 39.2512)	(25, 39.1967)	(26, 38.9052)	(27, 38.9036)	(28, 38.8975)	(29, 38.9021)	(30, 38.8835)	(31, 38.8991)	(32, 38.8775)	(33, 38.9029)	(34, 38.8555)	(35, 38.8878)	(36, 38.8731)	(37, 38.8554)	(38, 38.8625)	(39, 38.8662)	(40, 38.8638)	(41, 38.8307)	(42, 38.8619)	(43, 38.8634)	(44, 38.8276)	(45, 38.8513)	(46, 38.7715)	(47, 38.7972)	(48, 38.6633)	(49, 38.84)	(50, 38.6475)	(51, 38.7031)	(52, 38.622)	(53, 38.7272)	(54, 38.6138)	(55, 38.5827)	(56, 38.5839)	(57, 38.5662)	(58, 38.5573)	(59, 38.5512)	(60, 38.558)	(61, 38.5155)	(62, 38.5327)	(63, 38.5118)	(64, 38.5141)	(65, 38.5286)	(66, 38.5523)	(67, 38.4865)	(68, 38.4694)	(69, 38.4596)	(70, 38.4795)	(71, 38.4648)	(72, 38.4541)	(73, 38.4546)	(74, 38.4882)	(75, 38.5191)	(76, 38.5256)	(77, 38.5295)	(78, 38.5033)	(79, 38.5003)	(80, 38.4972)	(81, 38.4887)	(82, 38.4809)	(83, 38.4783)	(84, 38.4632)	(85, 38.4472)	(86, 38.4453)	(87, 38.4588)	(88, 38.4416)	(89, 38.4482)	(90, 38.4428)	(91, 38.4379)	(92, 38.4148)	(93, 38.408)	(94, 38.3856)	(95, 38.3764)	(96, 38.3875)	(97, 38.3663)	(98, 38.3662)	(99, 38.3422)	(100, 38.3236)	(101, 38.303)	(102, 38.2701)	(103, 38.2372)	(104, 38.2284)	(105, 38.2028)	(106, 38.1732)	(107, 38.1645)	(108, 38.1437)	(109, 38.1307)	(110, 38.0981)	(111, 38.0862)	(112, 38.1008)	(113, 38.0913)	(114, 38.1011)	(115, 38.0822)	(116, 38.1063)	(117, 38.0931)	(118, 38.0876)	(119, 38.0598)	(120, 38.0927)	(121, 38.0757)	(122, 38.0628)	(123, 38.064)	(124, 38.0747)	(125, 38.0606)	(126, 38.0207)	(127, 38.0089)	(128, 38.014)	(129, 38.0176)	(130, 38.0024)	(131, 37.9841)	(132, 37.9784)	(133, 37.9803)	(134, 37.954)	(135, 37.9512)	(136, 37.9364)	(137, 37.9199)	(138, 37.8945)	(139, 37.8948)	(140, 37.8575)	(141, 37.859)	(142, 37.8246)	(143, 37.8084)	(144, 37.8078)	(145, 37.8099)	(146, 37.7829)	(147, 37.7644)	(148, 37.7468)	(149, 37.7137)	(150, 37.7119)
SFZ_P2	(1, 38.3611)	(2, 38.8416)	(3, 39.0896)	(4, 39.0088)	(5, 38.8784)	(6, 38.8737)	(7, 38.9717)	(8, 39.0075)	(9, 38.9671)	(10, 38.8491)	(11, 38.993)	(12, 38.9413)	(13, 38.9829)	(14, 38.9461)	(15, 38.9499)	(16, 39.2307)	(17, 39.2497)	(18, 39.2435)	(19, 39.2371)	(20, 39.2417)	(21, 39.2324)	(22, 39.2461)	(23, 39.2097)	(24, 39.2517)	(25, 39.189)	(26, 38.895)	(27, 38.8923)	(28, 38.8894)	(29, 38.8939)	(30, 38.8715)	(31, 38.8898)	(32, 38.8654)	(33, 38.892)	(34, 38.8437)	(35, 38.8756)	(36, 38.8595)	(37, 38.8454)	(38, 38.8474)	(39, 38.8538)	(40, 38.8534)	(41, 38.8195)	(42, 38.8391)	(43, 38.8448)	(44, 38.8228)	(45, 38.8381)	(46, 38.7154)	(47, 38.7298)	(48, 38.6033)	(49, 38.8268)	(50, 38.6691)	(51, 38.6528)	(52, 38.5639)	(53, 38.7095)	(54, 38.5605)	(55, 38.5254)	(56, 38.5497)	(57, 38.5111)	(58, 38.4987)	(59, 38.4904)	(60, 38.4998)	(61, 38.4534)	(62, 38.479)	(63, 38.4526)	(64, 38.454)	(65, 38.4713)	(66, 38.4997)	(67, 38.4216)	(68, 38.4196)	(69, 38.4025)	(70, 38.4212)	(71, 38.4039)	(72, 38.3995)	(73, 38.4081)	(74, 38.4606)	(75, 38.4875)	(76, 38.4882)	(77, 38.4899)	(78, 38.4624)	(79, 38.4585)	(80, 38.4531)	(81, 38.4464)	(82, 38.4409)	(83, 38.4394)	(84, 38.4211)	(85, 38.4106)	(86, 38.4062)	(87, 38.4199)	(88, 38.4029)	(89, 38.4078)	(90, 38.4057)	(91, 38.4018)	(92, 38.3794)	(93, 38.3739)	(94, 38.351)	(95, 38.3426)	(96, 38.3568)	(97, 38.3339)	(98, 38.3308)	(99, 38.3059)	(100, 38.2857)	(101, 38.2661)	(102, 38.2311)	(103, 38.1976)	(104, 38.1844)	(105, 38.1616)	(106, 38.1323)	(107, 38.1183)	(108, 38.0963)	(109, 38.0811)	(110, 38.046)	(111, 38.0352)	(112, 38.0494)	(113, 38.0405)	(114, 38.0487)	(115, 38.0286)	(116, 38.049)	(117, 38.0392)	(118, 38.0339)	(119, 38.0008)	(120, 38.0334)	(121, 38.0184)	(122, 38.002)	(123, 38.009)	(124, 38.0165)	(125, 38.0009)	(126, 37.9585)	(127, 37.9462)	(128, 37.9505)	(129, 37.9528)	(130, 37.9363)	(131, 37.9174)	(132, 37.9122)	(133, 37.9105)	(134, 37.8851)	(135, 37.8817)	(136, 37.8685)	(137, 37.8494)	(138, 37.8206)	(139, 37.8211)	(140, 37.7803)	(141, 37.7841)	(142, 37.7507)	(143, 37.7275)	(144, 37.7283)	(145, 37.7301)	(146, 37.7022)	(147, 37.682)	(148, 37.6635)	(149, 37.6296)	(150, 37.6308)
SFZ_P3	(1, 38.4822)	(2, 38.9014)	(3, 39.1302)	(4, 39.022)	(5, 38.9135)	(6, 38.8825)	(7, 38.99)	(8, 39.0073)	(9, 38.9526)	(10, 38.8504)	(11, 38.9646)	(12, 38.9222)	(13, 38.972)	(14, 38.924)	(15, 38.9331)	(16, 39.236)	(17, 39.2446)	(18, 39.2454)	(19, 39.2487)	(20, 39.2411)	(21, 39.2378)	(22, 39.2511)	(23, 39.2152)	(24, 39.2504)	(25, 39.182)	(26, 38.9078)	(27, 38.9016)	(28, 38.8906)	(29, 38.907)	(30, 38.8792)	(31, 38.8777)	(32, 38.8781)	(33, 38.8713)	(34, 38.8516)	(35, 38.8702)	(36, 38.8739)	(37, 38.859)	(38, 38.8618)	(39, 38.8657)	(40, 38.8602)	(41, 38.8331)	(42, 38.8585)	(43, 38.8613)	(44, 38.834)	(45, 38.8462)	(46, 38.7836)	(47, 38.7986)	(48, 38.7692)	(49, 38.8429)	(50, 38.7638)	(51, 38.7599)	(52, 38.7131)	(53, 38.7689)	(54, 38.7102)	(55, 38.6919)	(56, 38.6912)	(57, 38.6803)	(58, 38.6771)	(59, 38.6503)	(60, 38.6534)	(61, 38.6335)	(62, 38.6338)	(63, 38.6291)	(64, 38.6347)	(65, 38.6306)	(66, 38.6298)	(67, 38.5927)	(68, 38.5798)	(69, 38.5677)	(70, 38.5781)	(71, 38.5704)	(72, 38.5631)	(73, 38.5563)	(74, 38.5761)	(75, 38.5844)	(76, 38.5824)	(77, 38.5773)	(78, 38.5527)	(79, 38.5483)	(80, 38.5458)	(81, 38.5414)	(82, 38.5344)	(83, 38.5375)	(84, 38.5135)	(85, 38.5046)	(86, 38.502)	(87, 38.5103)	(88, 38.4927)	(89, 38.4961)	(90, 38.4865)	(91, 38.4847)	(92, 38.4561)	(93, 38.4524)	(94, 38.4244)	(95, 38.4097)	(96, 38.4157)	(97, 38.3902)	(98, 38.3839)	(99, 38.3518)	(100, 38.3407)	(101, 38.3193)	(102, 38.2798)	(103, 38.2446)	(104, 38.2337)	(105, 38.2139)	(106, 38.1753)	(107, 38.1688)	(108, 38.1488)	(109, 38.1319)	(110, 38.0987)	(111, 38.0843)	(112, 38.097)	(113, 38.0875)	(114, 38.0894)	(115, 38.0793)	(116, 38.0927)	(117, 38.0813)	(118, 38.0751)	(119, 38.0475)	(120, 38.0795)	(121, 38.0464)	(122, 38.0319)	(123, 38.0467)	(124, 38.0562)	(125, 38.0436)	(126, 38.001)	(127, 37.9749)	(128, 37.9901)	(129, 37.9897)	(130, 37.9794)	(131, 37.9593)	(132, 37.9485)	(133, 37.9444)	(134, 37.9242)	(135, 37.9148)	(136, 37.9012)	(137, 37.8807)	(138, 37.8531)	(139, 37.8596)	(140, 37.8274)	(141, 37.8273)	(142, 37.7955)	(143, 37.7709)	(144, 37.7709)	(145, 37.7723)	(146, 37.738)	(147, 37.7306)	(148, 37.7039)	(149, 37.6721)	(150, 37.6678)
