Sample	0	1	2	3	4	5	6	7	8	9	10	11	12	13	14	15	16	17	18	19	20	21	22	23	24	25	26	27	28	29	30	31	32	33	34	35	36	37	38	39	40	41	42	43	44	45	46	47	48	49	50	51	52	53	54	55	56	57	58	59	60	61	62	63	64	65	66	67	68	69	70	71	72	73	74	75	76	77	78	79	80	81	82	83	84	85	86	87	88	89	90	91	92	93	94	95	96	97	98	99	100	101	102	103	104	105	106	107	108	109	110	111	112	113	114	115	116	117	118	119	120	121	122	123	124	125	126	127	128	129	130	131	132	133	134	135	136	137	138	139	140	141	142	143	144	145	146	147	148	149
GW_Mock1	(1, 63.49399999999999)	(2, 42.6612)	(3, 43.975500000000004)	(4, 47.3196)	(5, 43.1473)	(6, 38.185)	(7, 39.5698)	(8, 47.8652)	(9, 47.1794)	(10, 37.087199999999996)	(11, 49.6914)	(12, 46.949000000000005)	(13, 41.253499999999995)	(14, 42.651)	(15, 43.8826)	(16, 43.4981)	(17, 43.9347)	(18, 43.4138)	(19, 43.9302)	(20, 45.081700000000005)	(21, 44.0141)	(22, 44.644)	(23, 43.9698)	(24, 43.9351)	(25, 44.3603)	(26, 44.8247)	(27, 43.8649)	(28, 44.7309)	(29, 44.4407)	(30, 43.788199999999996)	(31, 44.2421)	(32, 45.0528)	(33, 44.3905)	(34, 43.7949)	(35, 44.3104)	(36, 44.0375)	(37, 44.6692)	(38, 44.837900000000005)	(39, 44.3893)	(40, 44.298700000000004)	(41, 44.2518)	(42, 44.366699999999994)	(43, 45.0996)	(44, 45.2903)	(45, 45.2297)	(46, 45.3146)	(47, 45.0581)	(48, 44.6998)	(49, 44.6989)	(50, 45.6887)	(51, 44.9291)	(52, 45.4301)	(53, 44.894800000000004)	(54, 44.9752)	(55, 45.0813)	(56, 44.9167)	(57, 44.5984)	(58, 45.1978)	(59, 44.7534)	(60, 44.8764)	(61, 44.912400000000005)	(62, 45.4975)	(63, 45.7838)	(64, 45.1027)	(65, 44.4386)	(66, 44.3414)	(67, 45.5)	(68, 45.853100000000005)	(69, 45.4874)	(70, 45.162400000000005)	(71, 45.0851)	(72, 44.3664)	(73, 45.3163)	(74, 45.1193)	(75, 44.536)	(76, 44.8537)	(77, 45.2225)	(78, 44.5232)	(79, 45.413599999999995)	(80, 45.2576)	(81, 45.2378)	(82, 44.7519)	(83, 44.776700000000005)	(84, 45.5181)	(85, 45.4968)	(86, 44.6651)	(87, 44.6974)	(88, 45.2687)	(89, 45.1032)	(90, 45.419)	(91, 45.0676)	(92, 45.1926)	(93, 44.8982)	(94, 45.3175)	(95, 44.4675)	(96, 44.975500000000004)	(97, 45.2676)	(98, 45.143699999999995)	(99, 44.7232)	(100, 44.5333)	(101, 45.3151)	(102, 45.2451)	(103, 44.8346)	(104, 45.2539)	(105, 44.663000000000004)	(106, 44.8412)	(107, 45.109)	(108, 45.4512)	(109, 45.2123)	(110, 45.1321)	(111, 45.020700000000005)	(112, 44.8072)	(113, 45.453900000000004)	(114, 45.4048)	(115, 44.827)	(116, 45.4934)	(117, 44.864599999999996)	(118, 45.3054)	(119, 45.9854)	(120, 45.8569)	(121, 45.5049)	(122, 45.9034)	(123, 45.2986)	(124, 45.486)	(125, 45.541)	(126, 45.7331)	(127, 45.7308)	(128, 45.8089)	(129, 45.3024)	(130, 45.0264)	(131, 45.2284)	(132, 45.5246)	(133, 45.1447)	(134, 44.8924)	(135, 44.6162)	(136, 44.827600000000004)	(137, 45.316)	(138, 45.073299999999996)	(139, 45.3095)	(140, 45.3686)	(141, 44.5561)	(142, 45.1409)	(143, 45.951)	(144, 44.5745)	(145, 44.7576)	(146, 45.9063)	(147, 44.4742)	(148, 44.633)	(149, 45.2002)	(150, 44.7988)
GW_Mock2	(1, 63.4482)	(2, 42.6494)	(3, 43.919000000000004)	(4, 47.1984)	(5, 42.991299999999995)	(6, 38.0522)	(7, 39.326899999999995)	(8, 47.6184)	(9, 47.0079)	(10, 36.8895)	(11, 49.5038)	(12, 46.8395)	(13, 41.1734)	(14, 42.503800000000005)	(15, 43.7934)	(16, 43.3621)	(17, 43.9213)	(18, 43.3718)	(19, 43.8513)	(20, 44.9801)	(21, 43.9035)	(22, 44.5274)	(23, 43.8414)	(24, 43.8011)	(25, 44.2571)	(26, 44.7619)	(27, 43.7891)	(28, 44.6668)	(29, 44.398199999999996)	(30, 43.7201)	(31, 44.1798)	(32, 44.9416)	(33, 44.2829)	(34, 43.7285)	(35, 44.2567)	(36, 43.985800000000005)	(37, 44.5559)	(38, 44.7066)	(39, 44.2697)	(40, 44.1885)	(41, 44.131)	(42, 44.268299999999996)	(43, 44.9233)	(44, 45.1398)	(45, 45.076100000000004)	(46, 45.1871)	(47, 44.911899999999996)	(48, 44.5926)	(49, 44.583600000000004)	(50, 45.5281)	(51, 44.7898)	(52, 45.3189)	(53, 44.8066)	(54, 44.873200000000004)	(55, 44.952799999999996)	(56, 44.7577)	(57, 44.528400000000005)	(58, 45.042100000000005)	(59, 44.6156)	(60, 44.779)	(61, 44.7827)	(62, 45.3364)	(63, 45.65)	(64, 44.9766)	(65, 44.2934)	(66, 44.257600000000004)	(67, 45.3542)	(68, 45.6931)	(69, 45.341300000000004)	(70, 45.0096)	(71, 44.9336)	(72, 44.1762)	(73, 45.1599)	(74, 44.9487)	(75, 44.3565)	(76, 44.7132)	(77, 45.0341)	(78, 44.409)	(79, 45.2519)	(80, 45.1114)	(81, 45.0593)	(82, 44.6275)	(83, 44.6588)	(84, 45.3443)	(85, 45.3768)	(86, 44.5296)	(87, 44.5469)	(88, 45.0783)	(89, 44.9396)	(90, 45.2558)	(91, 44.9801)	(92, 45.0636)	(93, 44.7624)	(94, 45.2347)	(95, 44.3498)	(96, 44.8237)	(97, 45.1178)	(98, 45.0144)	(99, 44.601600000000005)	(100, 44.335)	(101, 45.1603)	(102, 45.0824)	(103, 44.6397)	(104, 45.071099999999994)	(105, 44.4805)	(106, 44.6609)	(107, 44.934200000000004)	(108, 45.2625)	(109, 45.0595)	(110, 44.95)	(111, 44.8779)	(112, 44.6655)	(113, 45.2691)	(114, 45.242)	(115, 44.6233)	(116, 45.3219)	(117, 44.7262)	(118, 45.1397)	(119, 45.79)	(120, 45.704499999999996)	(121, 45.3655)	(122, 45.7543)	(123, 45.1177)	(124, 45.3227)	(125, 45.3964)	(126, 45.549099999999996)	(127, 45.6097)	(128, 45.6742)	(129, 45.176500000000004)	(130, 44.8567)	(131, 45.062999999999995)	(132, 45.3613)	(133, 44.9869)	(134, 44.7691)	(135, 44.4818)	(136, 44.6082)	(137, 45.1338)	(138, 44.9144)	(139, 45.1592)	(140, 45.1733)	(141, 44.4081)	(142, 44.9852)	(143, 45.8006)	(144, 44.427)	(145, 44.6113)	(146, 45.7766)	(147, 44.3268)	(148, 44.5322)	(149, 45.0236)	(150, 44.6869)
GW_Mock3	(1, 63.4394)	(2, 42.4962)	(3, 43.588300000000004)	(4, 47.0189)	(5, 42.8935)	(6, 38.0318)	(7, 39.2878)	(8, 47.7014)	(9, 47.0098)	(10, 36.8037)	(11, 49.525000000000006)	(12, 46.851)	(13, 41.1468)	(14, 42.506699999999995)	(15, 43.6886)	(16, 43.3968)	(17, 43.8711)	(18, 43.3752)	(19, 43.8285)	(20, 44.9414)	(21, 43.8676)	(22, 44.4193)	(23, 43.7931)	(24, 43.7312)	(25, 44.136199999999995)	(26, 44.621100000000006)	(27, 43.7582)	(28, 44.567499999999995)	(29, 44.276199999999996)	(30, 43.677899999999994)	(31, 44.0513)	(32, 44.8309)	(33, 44.2036)	(34, 43.6874)	(35, 44.2025)	(36, 43.9396)	(37, 44.4467)	(38, 44.5766)	(39, 44.144)	(40, 44.085)	(41, 44.0728)	(42, 44.113)	(43, 44.8167)	(44, 45.0199)	(45, 44.9013)	(46, 45.0248)	(47, 44.8411)	(48, 44.5169)	(49, 44.4681)	(50, 45.393899999999995)	(51, 44.637)	(52, 45.172000000000004)	(53, 44.724599999999995)	(54, 44.7328)	(55, 44.7457)	(56, 44.623400000000004)	(57, 44.3873)	(58, 44.9902)	(59, 44.5146)	(60, 44.6983)	(61, 44.702)	(62, 45.2812)	(63, 45.549800000000005)	(64, 44.9129)	(65, 44.2818)	(66, 44.2003)	(67, 45.2284)	(68, 45.6311)	(69, 45.262299999999996)	(70, 44.874900000000004)	(71, 44.844899999999996)	(72, 44.1059)	(73, 45.075500000000005)	(74, 44.8774)	(75, 44.290800000000004)	(76, 44.624900000000004)	(77, 44.973800000000004)	(78, 44.3842)	(79, 45.163399999999996)	(80, 45.0025)	(81, 45.0037)	(82, 44.5254)	(83, 44.545)	(84, 45.223400000000005)	(85, 45.2145)	(86, 44.5093)	(87, 44.4666)	(88, 45.0034)	(89, 44.9146)	(90, 45.169)	(91, 44.8585)	(92, 44.9715)	(93, 44.6287)	(94, 45.170500000000004)	(95, 44.2438)	(96, 44.7893)	(97, 45.0052)	(98, 44.9438)	(99, 44.5449)	(100, 44.2196)	(101, 45.0516)	(102, 44.9262)	(103, 44.4733)	(104, 44.967400000000005)	(105, 44.358599999999996)	(106, 44.5529)	(107, 44.8811)	(108, 45.1457)	(109, 44.9353)	(110, 44.8611)	(111, 44.785000000000004)	(112, 44.5909)	(113, 45.151799999999994)	(114, 45.1779)	(115, 44.553399999999996)	(116, 45.2051)	(117, 44.6053)	(118, 45.0267)	(119, 45.7259)	(120, 45.5746)	(121, 45.2714)	(122, 45.6038)	(123, 44.9842)	(124, 45.2066)	(125, 45.3042)	(126, 45.3657)	(127, 45.4587)	(128, 45.547)	(129, 45.0861)	(130, 44.7355)	(131, 44.9245)	(132, 45.2908)	(133, 44.8556)	(134, 44.6674)	(135, 44.4071)	(136, 44.5002)	(137, 45.0002)	(138, 44.8275)	(139, 45.097500000000004)	(140, 45.1028)	(141, 44.363)	(142, 44.888600000000004)	(143, 45.6826)	(144, 44.3772)	(145, 44.5057)	(146, 45.7258)	(147, 44.3604)	(148, 44.4992)	(149, 44.992399999999996)	(150, 44.6678)
GW_P1	(1, 64.0859)	(2, 45.9351)	(3, 46.363)	(4, 49.233399999999996)	(5, 44.2391)	(6, 38.486599999999996)	(7, 39.0723)	(8, 46.8773)	(9, 46.4904)	(10, 37.3061)	(11, 48.9555)	(12, 46.3515)	(13, 41.3891)	(14, 42.735)	(15, 43.955)	(16, 43.682500000000005)	(17, 44.127300000000005)	(18, 43.5786)	(19, 43.9467)	(20, 45.022)	(21, 43.9392)	(22, 44.544)	(23, 43.9735)	(24, 43.8116)	(25, 44.4698)	(26, 44.8854)	(27, 43.9579)	(28, 44.949)	(29, 44.6574)	(30, 43.9505)	(31, 44.4663)	(32, 45.2122)	(33, 44.6191)	(34, 44.2096)	(35, 44.6647)	(36, 44.124)	(37, 44.8046)	(38, 44.7967)	(39, 44.3049)	(40, 44.3693)	(41, 44.3266)	(42, 44.2587)	(43, 45.0387)	(44, 45.2263)	(45, 44.9568)	(46, 45.3532)	(47, 45.2571)	(48, 45.0324)	(49, 44.919799999999995)	(50, 45.7236)	(51, 44.9608)	(52, 45.671299999999995)	(53, 44.996)	(54, 45.156)	(55, 45.2909)	(56, 44.9725)	(57, 44.8378)	(58, 45.4631)	(59, 44.826100000000004)	(60, 45.2014)	(61, 45.1349)	(62, 45.413199999999996)	(63, 45.8656)	(64, 45.1805)	(65, 44.4922)	(66, 44.7261)	(67, 45.584799999999994)	(68, 45.8791)	(69, 45.8227)	(70, 45.3885)	(71, 45.054)	(72, 44.602199999999996)	(73, 45.5404)	(74, 45.2074)	(75, 44.658500000000004)	(76, 44.8814)	(77, 45.1614)	(78, 44.5559)	(79, 45.2873)	(80, 45.366800000000005)	(81, 45.385999999999996)	(82, 45.0227)	(83, 45.284400000000005)	(84, 45.803)	(85, 45.6164)	(86, 45.1344)	(87, 44.8562)	(88, 45.2482)	(89, 45.069900000000004)	(90, 45.571400000000004)	(91, 45.2613)	(92, 45.4688)	(93, 45.1006)	(94, 45.5212)	(95, 44.754599999999996)	(96, 45.309)	(97, 45.504)	(98, 45.2951)	(99, 44.9818)	(100, 44.701299999999996)	(101, 45.4428)	(102, 45.4851)	(103, 45.0127)	(104, 45.2613)	(105, 44.6245)	(106, 44.935399999999994)	(107, 45.165)	(108, 45.2793)	(109, 45.4304)	(110, 45.1621)	(111, 45.076)	(112, 45.0289)	(113, 45.7173)	(114, 45.5805)	(115, 44.9293)	(116, 45.501599999999996)	(117, 44.8123)	(118, 45.3866)	(119, 46.1475)	(120, 45.876400000000004)	(121, 45.7396)	(122, 45.9953)	(123, 45.347)	(124, 45.7701)	(125, 45.79)	(126, 45.8512)	(127, 46.085)	(128, 46.008300000000006)	(129, 45.5696)	(130, 45.3484)	(131, 45.358)	(132, 45.81)	(133, 45.5527)	(134, 45.2982)	(135, 44.878800000000005)	(136, 44.847500000000004)	(137, 45.3017)	(138, 45.119)	(139, 45.366299999999995)	(140, 45.3087)	(141, 44.6125)	(142, 45.1992)	(143, 46.1402)	(144, 44.8546)	(145, 45.0295)	(146, 46.0109)	(147, 44.9829)	(148, 45.192)	(149, 45.2745)	(150, 44.9482)
GW_P2	(1, 63.963)	(2, 46.1476)	(3, 46.440799999999996)	(4, 49.2705)	(5, 44.2305)	(6, 38.5101)	(7, 39.0403)	(8, 46.8482)	(9, 46.445100000000004)	(10, 37.2747)	(11, 48.931799999999996)	(12, 46.3535)	(13, 41.3814)	(14, 42.7436)	(15, 43.8938)	(16, 43.631)	(17, 44.0537)	(18, 43.5653)	(19, 43.910199999999996)	(20, 44.931)	(21, 43.9434)	(22, 44.4771)	(23, 43.982)	(24, 43.8051)	(25, 44.434000000000005)	(26, 44.8229)	(27, 43.9359)	(28, 44.9148)	(29, 44.6421)	(30, 43.9146)	(31, 44.462)	(32, 45.1582)	(33, 44.5746)	(34, 44.2305)	(35, 44.653999999999996)	(36, 44.142399999999995)	(37, 44.8037)	(38, 44.7809)	(39, 44.3403)	(40, 44.330799999999996)	(41, 44.2919)	(42, 44.203399999999995)	(43, 45.0045)	(44, 45.1803)	(45, 44.9411)	(46, 45.338699999999996)	(47, 45.2152)	(48, 44.9644)	(49, 44.893699999999995)	(50, 45.6537)	(51, 44.9172)	(52, 45.612399999999994)	(53, 44.949099999999994)	(54, 45.1236)	(55, 45.3321)	(56, 44.9511)	(57, 44.8641)	(58, 45.4469)	(59, 44.847500000000004)	(60, 45.184999999999995)	(61, 45.130700000000004)	(62, 45.354299999999995)	(63, 45.8303)	(64, 45.1458)	(65, 44.508399999999995)	(66, 44.7428)	(67, 45.5532)	(68, 45.818599999999996)	(69, 45.8163)	(70, 45.3947)	(71, 45.061800000000005)	(72, 44.5847)	(73, 45.4728)	(74, 45.195)	(75, 44.665)	(76, 44.8683)	(77, 45.1461)	(78, 44.5458)	(79, 45.2258)	(80, 45.333600000000004)	(81, 45.3608)	(82, 45.0023)	(83, 45.2447)	(84, 45.7018)	(85, 45.5633)	(86, 45.0893)	(87, 44.804300000000005)	(88, 45.248)	(89, 45.0722)	(90, 45.5109)	(91, 45.222)	(92, 45.4172)	(93, 45.116299999999995)	(94, 45.4839)	(95, 44.7691)	(96, 45.2836)	(97, 45.4749)	(98, 45.2986)	(99, 44.9544)	(100, 44.656800000000004)	(101, 45.4343)	(102, 45.480199999999996)	(103, 45.013999999999996)	(104, 45.2395)	(105, 44.581900000000005)	(106, 44.8998)	(107, 45.1809)	(108, 45.2833)	(109, 45.4167)	(110, 45.1397)	(111, 45.1)	(112, 45.0236)	(113, 45.6529)	(114, 45.5177)	(115, 44.9615)	(116, 45.4111)	(117, 44.7734)	(118, 45.3607)	(119, 46.090199999999996)	(120, 45.804899999999996)	(121, 45.718599999999995)	(122, 45.9784)	(123, 45.311800000000005)	(124, 45.6911)	(125, 45.7097)	(126, 45.7632)	(127, 46.0195)	(128, 45.9557)	(129, 45.5248)	(130, 45.2899)	(131, 45.3759)	(132, 45.781)	(133, 45.5278)	(134, 45.278400000000005)	(135, 44.8626)	(136, 44.857200000000006)	(137, 45.29)	(138, 45.1005)	(139, 45.362)	(140, 45.2457)	(141, 44.642900000000004)	(142, 45.1608)	(143, 46.0542)	(144, 44.865300000000005)	(145, 45.0098)	(146, 46.0124)	(147, 44.927)	(148, 45.1579)	(149, 45.2222)	(150, 44.9365)
GW_P3	(1, 64.0658)	(2, 45.0127)	(3, 45.563900000000004)	(4, 48.718)	(5, 43.9356)	(6, 38.4334)	(7, 39.3779)	(8, 47.454499999999996)	(9, 46.8277)	(10, 37.3498)	(11, 49.5241)	(12, 46.785399999999996)	(13, 41.4331)	(14, 42.8183)	(15, 44.0707)	(16, 43.839299999999994)	(17, 44.1855)	(18, 43.713800000000006)	(19, 44.1104)	(20, 45.1239)	(21, 44.1577)	(22, 44.7034)	(23, 44.1182)	(24, 44.000699999999995)	(25, 44.5498)	(26, 44.967)	(27, 44.0907)	(28, 44.9716)	(29, 44.6969)	(30, 44.0648)	(31, 44.5239)	(32, 45.2961)	(33, 44.663599999999995)	(34, 44.2338)	(35, 44.6817)	(36, 44.2395)	(37, 44.891799999999996)	(38, 44.9104)	(39, 44.5137)	(40, 44.4514)	(41, 44.411)	(42, 44.419599999999996)	(43, 45.157599999999995)	(44, 45.3346)	(45, 45.124399999999994)	(46, 45.3789)	(47, 45.2769)	(48, 45.025)	(49, 44.8784)	(50, 45.7622)	(51, 45.0246)	(52, 45.609300000000005)	(53, 45.0403)	(54, 45.21)	(55, 45.3841)	(56, 45.0525)	(57, 44.8975)	(58, 45.5272)	(59, 44.887100000000004)	(60, 45.252700000000004)	(61, 45.265899999999995)	(62, 45.576499999999996)	(63, 45.9435)	(64, 45.2622)	(65, 44.6809)	(66, 44.791799999999995)	(67, 45.6065)	(68, 46.0434)	(69, 45.8472)	(70, 45.4212)	(71, 45.2211)	(72, 44.65)	(73, 45.669)	(74, 45.3328)	(75, 44.731700000000004)	(76, 44.9932)	(77, 45.321600000000004)	(78, 44.749)	(79, 45.4629)	(80, 45.4974)	(81, 45.4938)	(82, 45.0725)	(83, 45.2635)	(84, 45.8106)	(85, 45.632400000000004)	(86, 45.2166)	(87, 44.9612)	(88, 45.434200000000004)	(89, 45.274300000000004)	(90, 45.6343)	(91, 45.3731)	(92, 45.480399999999996)	(93, 45.1459)	(94, 45.6148)	(95, 44.8601)	(96, 45.3771)	(97, 45.5081)	(98, 45.3724)	(99, 45.0504)	(100, 44.752700000000004)	(101, 45.576)	(102, 45.4918)	(103, 45.0462)	(104, 45.4118)	(105, 44.7528)	(106, 45.021499999999996)	(107, 45.2992)	(108, 45.4988)	(109, 45.4927)	(110, 45.2011)	(111, 45.163599999999995)	(112, 45.0603)	(113, 45.7024)	(114, 45.6368)	(115, 44.975500000000004)	(116, 45.567099999999996)	(117, 44.9542)	(118, 45.4586)	(119, 46.253899999999994)	(120, 45.962199999999996)	(121, 45.7907)	(122, 46.084399999999995)	(123, 45.4511)	(124, 45.8117)	(125, 45.8015)	(126, 45.8951)	(127, 46.0657)	(128, 46.0343)	(129, 45.628299999999996)	(130, 45.3519)	(131, 45.427099999999996)	(132, 45.8845)	(133, 45.5586)	(134, 45.291199999999996)	(135, 44.9168)	(136, 44.921499999999995)	(137, 45.3977)	(138, 45.2177)	(139, 45.501000000000005)	(140, 45.420500000000004)	(141, 44.701299999999996)	(142, 45.3412)	(143, 46.2017)	(144, 44.9166)	(145, 45.0856)	(146, 46.1289)	(147, 45.0186)	(148, 45.1964)	(149, 45.3697)	(150, 45.0888)
SFZ_Mock1	(1, 63.334500000000006)	(2, 42.3078)	(3, 43.5173)	(4, 46.9065)	(5, 42.6706)	(6, 38.0248)	(7, 39.0656)	(8, 47.612500000000004)	(9, 46.937400000000004)	(10, 36.6444)	(11, 49.327799999999996)	(12, 46.677600000000005)	(13, 40.923700000000004)	(14, 42.2607)	(15, 43.607600000000005)	(16, 43.3088)	(17, 43.6984)	(18, 43.2062)	(19, 43.7266)	(20, 44.778600000000004)	(21, 43.742599999999996)	(22, 44.2559)	(23, 43.5373)	(24, 43.5158)	(25, 44.0112)	(26, 44.4063)	(27, 43.5112)	(28, 44.397999999999996)	(29, 44.128299999999996)	(30, 43.5525)	(31, 43.9832)	(32, 44.7634)	(33, 44.1712)	(34, 43.4602)	(35, 43.8762)	(36, 43.728899999999996)	(37, 44.3106)	(38, 44.326100000000004)	(39, 44.1188)	(40, 43.9114)	(41, 43.8135)	(42, 43.88)	(43, 44.719300000000004)	(44, 44.8806)	(45, 44.6699)	(46, 44.9105)	(47, 44.6297)	(48, 44.3979)	(49, 44.1968)	(50, 45.2005)	(51, 44.5767)	(52, 45.0567)	(53, 44.5818)	(54, 44.5769)	(55, 44.5873)	(56, 44.3912)	(57, 44.3807)	(58, 44.8977)	(59, 44.28)	(60, 44.6134)	(61, 44.514199999999995)	(62, 45.313700000000004)	(63, 45.5619)	(64, 44.7273)	(65, 44.1316)	(66, 44.062200000000004)	(67, 44.9651)	(68, 45.4156)	(69, 45.116499999999995)	(70, 44.662800000000004)	(71, 44.7964)	(72, 43.8619)	(73, 44.9011)	(74, 44.6605)	(75, 44.0593)	(76, 44.4932)	(77, 44.859100000000005)	(78, 44.358799999999995)	(79, 44.9199)	(80, 44.7499)	(81, 44.7725)	(82, 44.252399999999994)	(83, 44.364799999999995)	(84, 45.049099999999996)	(85, 45.144099999999995)	(86, 44.3291)	(87, 44.304500000000004)	(88, 44.7333)	(89, 44.7423)	(90, 44.9932)	(91, 44.6718)	(92, 44.8435)	(93, 44.4545)	(94, 44.9226)	(95, 44.004599999999996)	(96, 44.5964)	(97, 44.9153)	(98, 44.5243)	(99, 44.370599999999996)	(100, 44.042500000000004)	(101, 44.7743)	(102, 44.8015)	(103, 44.2679)	(104, 44.8518)	(105, 44.3)	(106, 44.3513)	(107, 44.635999999999996)	(108, 44.903999999999996)	(109, 44.8741)	(110, 44.663799999999995)	(111, 44.5965)	(112, 44.3275)	(113, 44.9237)	(114, 44.964999999999996)	(115, 44.3536)	(116, 45.0546)	(117, 44.4499)	(118, 44.804899999999996)	(119, 45.6073)	(120, 45.5083)	(121, 45.0946)	(122, 45.3966)	(123, 44.9585)	(124, 44.917699999999996)	(125, 45.1293)	(126, 45.232)	(127, 45.3828)	(128, 45.4225)	(129, 44.9699)	(130, 44.5908)	(131, 44.8647)	(132, 45.2082)	(133, 44.7334)	(134, 44.4292)	(135, 44.317)	(136, 44.2805)	(137, 44.853500000000004)	(138, 44.818000000000005)	(139, 44.9805)	(140, 44.889)	(141, 44.1353)	(142, 44.7397)	(143, 45.4642)	(144, 44.2472)	(145, 44.28)	(146, 45.4995)	(147, 44.0924)	(148, 44.1046)	(149, 44.6937)	(150, 44.5307)
SFZ_Mock2	(1, 63.293)	(2, 43.194)	(3, 44.1517)	(4, 47.363499999999995)	(5, 42.932199999999995)	(6, 38.2538)	(7, 39.021699999999996)	(8, 47.3542)	(9, 46.8084)	(10, 36.795899999999996)	(11, 49.0747)	(12, 46.504400000000004)	(13, 40.9927)	(14, 42.3044)	(15, 43.6854)	(16, 43.3403)	(17, 43.784600000000005)	(18, 43.2404)	(19, 43.735800000000005)	(20, 44.8016)	(21, 43.7279)	(22, 44.2875)	(23, 43.609700000000004)	(24, 43.5666)	(25, 44.1494)	(26, 44.5479)	(27, 43.635400000000004)	(28, 44.5575)	(29, 44.277899999999995)	(30, 43.6338)	(31, 44.1374)	(32, 44.8811)	(33, 44.312000000000005)	(34, 43.5843)	(35, 43.9904)	(36, 43.8076)	(37, 44.3592)	(38, 44.4405)	(39, 44.2622)	(40, 44.045)	(41, 43.9187)	(42, 43.9619)	(43, 44.7879)	(44, 44.9642)	(45, 44.804100000000005)	(46, 45.149699999999996)	(47, 44.7516)	(48, 44.5403)	(49, 44.4131)	(50, 45.3579)	(51, 44.7091)	(52, 45.210699999999996)	(53, 44.7297)	(54, 44.6886)	(55, 44.7324)	(56, 44.5501)	(57, 44.5417)	(58, 45.0053)	(59, 44.422)	(60, 44.7218)	(61, 44.587500000000006)	(62, 45.3813)	(63, 45.7086)	(64, 44.8232)	(65, 44.1812)	(66, 44.1591)	(67, 45.0871)	(68, 45.4622)	(69, 45.2793)	(70, 44.7891)	(71, 44.914100000000005)	(72, 44.0215)	(73, 44.9843)	(74, 44.7451)	(75, 44.1574)	(76, 44.5598)	(77, 44.9745)	(78, 44.3952)	(79, 44.9639)	(80, 44.839400000000005)	(81, 44.8671)	(82, 44.4339)	(83, 44.5177)	(84, 45.217600000000004)	(85, 45.3007)	(86, 44.3952)	(87, 44.422)	(88, 44.792300000000004)	(89, 44.7603)	(90, 45.1538)	(91, 44.809)	(92, 44.9747)	(93, 44.6442)	(94, 44.9937)	(95, 44.1521)	(96, 44.762299999999996)	(97, 45.0475)	(98, 44.643899999999995)	(99, 44.474999999999994)	(100, 44.209700000000005)	(101, 44.8911)	(102, 45.0121)	(103, 44.4628)	(104, 44.9563)	(105, 44.4195)	(106, 44.4387)	(107, 44.772400000000005)	(108, 44.9886)	(109, 45.0121)	(110, 44.7975)	(111, 44.7504)	(112, 44.4915)	(113, 45.0709)	(114, 45.0877)	(115, 44.4696)	(116, 45.204899999999995)	(117, 44.5514)	(118, 44.9358)	(119, 45.7009)	(120, 45.6802)	(121, 45.2825)	(122, 45.5578)	(123, 45.0797)	(124, 45.1081)	(125, 45.3045)	(126, 45.4663)	(127, 45.5993)	(128, 45.6056)	(129, 45.1839)	(130, 44.751200000000004)	(131, 45.0331)	(132, 45.353500000000004)	(133, 44.9227)	(134, 44.609500000000004)	(135, 44.440400000000004)	(136, 44.447399999999995)	(137, 44.913399999999996)	(138, 44.9672)	(139, 45.0299)	(140, 44.989000000000004)	(141, 44.2417)	(142, 44.8515)	(143, 45.6663)	(144, 44.4264)	(145, 44.4735)	(146, 45.6068)	(147, 44.2243)	(148, 44.2601)	(149, 44.832300000000004)	(150, 44.5941)
SFZ_Mock3	(1, 64.0089)	(2, 43.884699999999995)	(3, 45.0064)	(4, 47.896)	(5, 43.0268)	(6, 38.014700000000005)	(7, 38.604)	(8, 46.903099999999995)	(9, 46.441700000000004)	(10, 36.6612)	(11, 48.7147)	(12, 46.1849)	(13, 41.010799999999996)	(14, 42.330600000000004)	(15, 43.553999999999995)	(16, 43.1715)	(17, 43.7235)	(18, 43.168)	(19, 43.6632)	(20, 44.6197)	(21, 43.6295)	(22, 44.1666)	(23, 43.561299999999996)	(24, 43.493500000000004)	(25, 44.0218)	(26, 44.514700000000005)	(27, 43.5462)	(28, 44.573499999999996)	(29, 44.2434)	(30, 43.668099999999995)	(31, 44.1404)	(32, 44.788)	(33, 44.2884)	(34, 43.6365)	(35, 44.0363)	(36, 43.7279)	(37, 44.344)	(38, 44.291799999999995)	(39, 44.0523)	(40, 43.9038)	(41, 43.8583)	(42, 43.8654)	(43, 44.6603)	(44, 44.806200000000004)	(45, 44.6533)	(46, 45.0845)	(47, 44.7279)	(48, 44.4874)	(49, 44.3527)	(50, 45.244)	(51, 44.626900000000006)	(52, 45.2768)	(53, 44.724799999999995)	(54, 44.7297)	(55, 44.7194)	(56, 44.4009)	(57, 44.4934)	(58, 44.9663)	(59, 44.4297)	(60, 44.778)	(61, 44.5986)	(62, 45.208)	(63, 45.635)	(64, 44.8146)	(65, 44.1603)	(66, 44.229)	(67, 45.036300000000004)	(68, 45.3135)	(69, 45.2919)	(70, 44.8508)	(71, 44.8086)	(72, 44.0385)	(73, 44.9323)	(74, 44.6071)	(75, 44.1647)	(76, 44.570100000000004)	(77, 44.9285)	(78, 44.3806)	(79, 44.9046)	(80, 44.7382)	(81, 44.888099999999994)	(82, 44.4113)	(83, 44.569199999999995)	(84, 45.207300000000004)	(85, 45.2616)	(86, 44.4259)	(87, 44.407799999999995)	(88, 44.727)	(89, 44.7271)	(90, 45.062400000000004)	(91, 44.6749)	(92, 44.9327)	(93, 44.592)	(94, 45.0192)	(95, 44.170700000000004)	(96, 44.7328)	(97, 44.9752)	(98, 44.609700000000004)	(99, 44.4044)	(100, 44.1488)	(101, 44.8103)	(102, 44.904500000000006)	(103, 44.337700000000005)	(104, 44.8307)	(105, 44.2938)	(106, 44.3747)	(107, 44.7004)	(108, 44.818000000000005)	(109, 44.9199)	(110, 44.74)	(111, 44.6852)	(112, 44.5531)	(113, 45.034)	(114, 45.0274)	(115, 44.4586)	(116, 45.0396)	(117, 44.4)	(118, 44.8678)	(119, 45.5685)	(120, 45.4837)	(121, 45.1921)	(122, 45.4671)	(123, 45.0168)	(124, 45.049499999999995)	(125, 45.2151)	(126, 45.3441)	(127, 45.5428)	(128, 45.5184)	(129, 45.067800000000005)	(130, 44.7184)	(131, 45.0111)	(132, 45.2973)	(133, 44.8589)	(134, 44.592999999999996)	(135, 44.492599999999996)	(136, 44.4705)	(137, 44.871)	(138, 44.8625)	(139, 45.0173)	(140, 44.9394)	(141, 44.2555)	(142, 44.7967)	(143, 45.574999999999996)	(144, 44.4037)	(145, 44.4561)	(146, 45.5455)	(147, 44.294200000000004)	(148, 44.3211)	(149, 44.727)	(150, 44.556200000000004)
SFZ_P1	(1, 63.5513)	(2, 43.227900000000005)	(3, 44.122499999999995)	(4, 47.528999999999996)	(5, 42.915)	(6, 38.185900000000004)	(7, 38.8639)	(8, 47.5914)	(9, 47.0107)	(10, 36.8807)	(11, 49.2661)	(12, 46.908100000000005)	(13, 41.320299999999996)	(14, 42.6482)	(15, 43.8548)	(16, 43.640499999999996)	(17, 43.8678)	(18, 43.3985)	(19, 43.8838)	(20, 44.610499999999995)	(21, 43.883100000000006)	(22, 44.2666)	(23, 43.736000000000004)	(24, 43.7871)	(25, 44.1805)	(26, 44.5053)	(27, 43.7744)	(28, 44.471199999999996)	(29, 44.3673)	(30, 43.863)	(31, 44.2595)	(32, 44.705600000000004)	(33, 44.2937)	(34, 43.8537)	(35, 44.257200000000005)	(36, 44.041799999999995)	(37, 44.461600000000004)	(38, 44.3976)	(39, 44.2849)	(40, 44.1706)	(41, 44.123200000000004)	(42, 44.2537)	(43, 44.7088)	(44, 44.9214)	(45, 44.7812)	(46, 44.895)	(47, 44.7793)	(48, 44.66)	(49, 44.5033)	(50, 45.1736)	(51, 44.6802)	(52, 45.1478)	(53, 44.738499999999995)	(54, 44.7146)	(55, 44.8835)	(56, 44.6227)	(57, 44.655899999999995)	(58, 45.040400000000005)	(59, 44.6286)	(60, 44.8427)	(61, 44.6901)	(62, 45.3013)	(63, 45.473)	(64, 44.883)	(65, 44.4427)	(66, 44.3641)	(67, 45.1254)	(68, 45.4183)	(69, 45.1687)	(70, 44.8529)	(71, 44.995000000000005)	(72, 44.2446)	(73, 45.007999999999996)	(74, 44.8492)	(75, 44.390299999999996)	(76, 44.6293)	(77, 45.0434)	(78, 44.6256)	(79, 44.9533)	(80, 44.9351)	(81, 44.9217)	(82, 44.7001)	(83, 44.6888)	(84, 45.1653)	(85, 45.319900000000004)	(86, 44.635799999999996)	(87, 44.592999999999996)	(88, 45.0104)	(89, 44.918200000000006)	(90, 45.1878)	(91, 44.9099)	(92, 45.1736)	(93, 44.875)	(94, 45.0859)	(95, 44.5948)	(96, 44.9436)	(97, 45.1174)	(98, 44.8463)	(99, 44.6863)	(100, 44.5276)	(101, 45.028)	(102, 45.028400000000005)	(103, 44.719500000000004)	(104, 45.0032)	(105, 44.6663)	(106, 44.7179)	(107, 44.9123)	(108, 45.0837)	(109, 45.144099999999995)	(110, 44.9024)	(111, 44.8416)	(112, 44.743)	(113, 45.2098)	(114, 45.159)	(115, 44.6486)	(116, 45.2194)	(117, 44.7263)	(118, 45.0754)	(119, 45.6206)	(120, 45.617200000000004)	(121, 45.2959)	(122, 45.463)	(123, 45.1361)	(124, 45.1608)	(125, 45.3152)	(126, 45.4165)	(127, 45.5645)	(128, 45.5293)	(129, 45.205)	(130, 44.9675)	(131, 45.1314)	(132, 45.3377)	(133, 45.1003)	(134, 44.744099999999996)	(135, 44.641799999999996)	(136, 44.5952)	(137, 45.0449)	(138, 45.0532)	(139, 45.1544)	(140, 45.0826)	(141, 44.5669)	(142, 44.9997)	(143, 45.633)	(144, 44.623400000000004)	(145, 44.7795)	(146, 45.5644)	(147, 44.4598)	(148, 44.6)	(149, 44.9777)	(150, 44.6994)
SFZ_P2	(1, 63.796)	(2, 43.1434)	(3, 44.3342)	(4, 47.6558)	(5, 43.024699999999996)	(6, 38.2045)	(7, 39.0009)	(8, 47.6294)	(9, 46.9793)	(10, 36.9879)	(11, 49.349900000000005)	(12, 46.9663)	(13, 41.3576)	(14, 42.7427)	(15, 43.9424)	(16, 43.7132)	(17, 43.9628)	(18, 43.5167)	(19, 43.989200000000004)	(20, 44.7613)	(21, 43.9925)	(22, 44.414300000000004)	(23, 43.8145)	(24, 43.850699999999996)	(25, 44.3183)	(26, 44.6169)	(27, 43.872699999999995)	(28, 44.6216)	(29, 44.4858)	(30, 43.9998)	(31, 44.4089)	(32, 44.8705)	(33, 44.460100000000004)	(34, 43.9664)	(35, 44.37)	(36, 44.121)	(37, 44.5723)	(38, 44.5259)	(39, 44.412800000000004)	(40, 44.2853)	(41, 44.2156)	(42, 44.3469)	(43, 44.8575)	(44, 45.0498)	(45, 44.9349)	(46, 45.0436)	(47, 44.8158)	(48, 44.7033)	(49, 44.5917)	(50, 45.2594)	(51, 44.7857)	(52, 45.304899999999996)	(53, 44.8459)	(54, 44.8416)	(55, 45.0042)	(56, 44.7346)	(57, 44.758900000000004)	(58, 45.121)	(59, 44.7182)	(60, 45.002900000000004)	(61, 44.8087)	(62, 45.4286)	(63, 45.616800000000005)	(64, 44.9865)	(65, 44.541599999999995)	(66, 44.4643)	(67, 45.261)	(68, 45.5658)	(69, 45.3003)	(70, 44.9764)	(71, 45.0824)	(72, 44.316100000000006)	(73, 45.1445)	(74, 44.9553)	(75, 44.515100000000004)	(76, 44.746399999999994)	(77, 45.169399999999996)	(78, 44.695800000000006)	(79, 45.0986)	(80, 45.0664)	(81, 44.9703)	(82, 44.7631)	(83, 44.7956)	(84, 45.275999999999996)	(85, 45.481100000000005)	(86, 44.7286)	(87, 44.679)	(88, 45.1142)	(89, 45.020700000000005)	(90, 45.313199999999995)	(91, 45.0122)	(92, 45.2223)	(93, 44.926300000000005)	(94, 45.1949)	(95, 44.667)	(96, 45.0204)	(97, 45.2161)	(98, 44.8847)	(99, 44.7444)	(100, 44.5637)	(101, 45.0925)	(102, 45.103300000000004)	(103, 44.7637)	(104, 45.0986)	(105, 44.7398)	(106, 44.799499999999995)	(107, 45.0066)	(108, 45.1809)	(109, 45.2081)	(110, 44.9797)	(111, 44.9369)	(112, 44.8163)	(113, 45.2769)	(114, 45.257999999999996)	(115, 44.7343)	(116, 45.3013)	(117, 44.7819)	(118, 45.2022)	(119, 45.7303)	(120, 45.7201)	(121, 45.3766)	(122, 45.5963)	(123, 45.2625)	(124, 45.2799)	(125, 45.43)	(126, 45.549299999999995)	(127, 45.6964)	(128, 45.6237)	(129, 45.2714)	(130, 45.0783)	(131, 45.226)	(132, 45.452799999999996)	(133, 45.183800000000005)	(134, 44.8012)	(135, 44.7336)	(136, 44.7011)	(137, 45.142900000000004)	(138, 45.142500000000005)	(139, 45.2127)	(140, 45.1682)	(141, 44.6353)	(142, 45.0928)	(143, 45.6893)	(144, 44.6692)	(145, 44.8523)	(146, 45.665800000000004)	(147, 44.534400000000005)	(148, 44.6994)	(149, 45.0696)	(150, 44.809599999999996)
SFZ_P3	(1, 63.609700000000004)	(2, 43.3731)	(3, 44.484899999999996)	(4, 47.604800000000004)	(5, 42.9033)	(6, 38.1622)	(7, 38.8212)	(8, 47.4424)	(9, 46.8692)	(10, 36.9282)	(11, 49.1687)	(12, 46.759)	(13, 41.3228)	(14, 42.674800000000005)	(15, 43.894800000000004)	(16, 43.6435)	(17, 43.9097)	(18, 43.4129)	(19, 43.8733)	(20, 44.682100000000005)	(21, 43.9099)	(22, 44.2996)	(23, 43.7806)	(24, 43.7777)	(25, 44.2288)	(26, 44.5797)	(27, 43.7826)	(28, 44.5618)	(29, 44.4272)	(30, 43.9009)	(31, 44.345)	(32, 44.8081)	(33, 44.377100000000006)	(34, 43.8755)	(35, 44.2824)	(36, 44.0817)	(37, 44.5097)	(38, 44.473600000000005)	(39, 44.3309)	(40, 44.2413)	(41, 44.1442)	(42, 44.3153)	(43, 44.7979)	(44, 45.0049)	(45, 44.866299999999995)	(46, 45.0139)	(47, 44.8865)	(48, 44.7088)	(49, 44.5528)	(50, 45.265)	(51, 44.768)	(52, 45.2318)	(53, 44.8189)	(54, 44.7594)	(55, 44.9803)	(56, 44.7081)	(57, 44.7047)	(58, 45.0788)	(59, 44.674)	(60, 44.9181)	(61, 44.761)	(62, 45.3393)	(63, 45.567800000000005)	(64, 44.9366)	(65, 44.4347)	(66, 44.3764)	(67, 45.1937)	(68, 45.5254)	(69, 45.2552)	(70, 44.9328)	(71, 45.0571)	(72, 44.2687)	(73, 45.0831)	(74, 44.9111)	(75, 44.427699999999994)	(76, 44.7031)	(77, 45.1204)	(78, 44.6657)	(79, 45.0132)	(80, 45.0039)	(81, 44.9636)	(82, 44.7073)	(83, 44.7528)	(84, 45.22)	(85, 45.3987)	(86, 44.6753)	(87, 44.607)	(88, 45.0464)	(89, 44.959700000000005)	(90, 45.266600000000004)	(91, 44.943)	(92, 45.193)	(93, 44.905)	(94, 45.138400000000004)	(95, 44.6488)	(96, 44.9672)	(97, 45.1674)	(98, 44.8503)	(99, 44.729)	(100, 44.5215)	(101, 45.063700000000004)	(102, 45.0658)	(103, 44.7459)	(104, 45.0537)	(105, 44.727)	(106, 44.7845)	(107, 45.022400000000005)	(108, 45.1347)	(109, 45.1611)	(110, 44.9662)	(111, 44.915699999999994)	(112, 44.751999999999995)	(113, 45.3052)	(114, 45.2632)	(115, 44.707)	(116, 45.2919)	(117, 44.7401)	(118, 45.1603)	(119, 45.6716)	(120, 45.6707)	(121, 45.3402)	(122, 45.549499999999995)	(123, 45.2013)	(124, 45.2338)	(125, 45.422000000000004)	(126, 45.5112)	(127, 45.658)	(128, 45.5998)	(129, 45.2731)	(130, 45.0685)	(131, 45.2042)	(132, 45.4329)	(133, 45.2089)	(134, 44.8294)	(135, 44.7067)	(136, 44.6414)	(137, 45.136199999999995)	(138, 45.128299999999996)	(139, 45.1863)	(140, 45.1462)	(141, 44.616699999999994)	(142, 45.0384)	(143, 45.7106)	(144, 44.6544)	(145, 44.7892)	(146, 45.6198)	(147, 44.4965)	(148, 44.6419)	(149, 45.0189)	(150, 44.7418)
