Sample	0	1	2	3	4	5	6	7	8	9	10	11	12	13	14	15	16	17	18	19	20	21	22	23	24	25	26	27	28	29	30	31	32	33	34	35	36	37	38	39	40	41	42	43	44	45	46	47	48	49	50	51	52	53	54	55	56	57	58	59	60	61	62	63	64	65	66	67	68	69	70	71	72	73	74	75	76	77	78	79	80	81	82	83	84	85	86	87	88	89	90	91	92	93	94	95	96	97	98	99	100	101	102	103	104	105	106	107	108	109	110	111	112	113	114	115	116	117	118	119	120	121	122	123	124	125	126	127	128	129	130	131	132	133	134	135	136	137	138	139	140	141	142	143	144	145	146	147	148	149
GW_Mock1	(1, 0.0)	(2, 0.13225599999999998)	(3, 0.0)	(4, 0.00559358)	(5, 0.0276183)	(6, 0.026690699999999998)	(7, 0.046911499999999995)	(8, 0.0)	(9, 0.0)	(10, 0.0424087)	(11, 0.0)	(12, 0.103136)	(13, 0.007924239999999999)	(14, 0.0488739)	(15, 0.14238)	(16, 0.00254974)	(17, 0.0)	(18, 0.041606899999999995)	(19, 0.0)	(20, 0.0)	(21, 0.0)	(22, 0.0)	(23, 0.0429867)	(24, 0.0)	(25, 0.09716520000000001)	(26, 0.0)	(27, 0.000149162)	(28, 0.0181139)	(29, 0.0)	(30, 0.03076)	(31, 0.042115)	(32, 0.0329415)	(33, 0.00784966)	(34, 0.0914271)	(35, 0.0)	(36, 0.0)	(37, 0.0558006)	(38, 0.062112099999999996)	(39, 0.0)	(40, 0.0166129)	(41, 0.10427399999999999)	(42, 1.3983999999999999e-05)	(43, 0.0)	(44, 0.018281699999999998)	(45, 0.00554697)	(46, 0.000438164)	(47, 0.0)	(48, 0.00270356)	(49, 1.3983999999999999e-05)	(50, 0.0)	(51, 0.0)	(52, 0.0346382)	(53, 0.0)	(54, 0.0)	(55, 6.05971e-05)	(56, 0.0395606)	(57, 0.0)	(58, 6.05971e-05)	(59, 0.0)	(60, 0.0)	(61, 0.0509482)	(62, 0.0)	(63, 8.39037e-05)	(64, 0.0)	(65, 0.0)	(66, 0.00184588)	(67, 0.000209759)	(68, 0.0343259)	(69, 0.0698918)	(70, 0.00020043699999999998)	(71, 0.0015755300000000001)	(72, 0.0008343760000000001)	(73, 0.0)	(74, 0.0175965)	(75, 0.0199598)	(76, 0.045783500000000005)	(77, 0.0)	(78, 0.033142000000000005)	(79, 0.039695799999999996)	(80, 0.00042417999999999997)	(81, 0.0)	(82, 1.8645300000000003e-05)	(83, 0.0)	(84, 0.015862499999999998)	(85, 0.0316084)	(86, 0.045322)	(87, 0.0)	(88, 0.0322843)	(89, 0.0023959199999999997)	(90, 0.00170604)	(91, 0.0)	(92, 0.00465199)	(93, 0.00020509799999999997)	(94, 0.06614880000000001)	(95, 0.0667827)	(96, 0.0)	(97, 0.016874)	(98, 0.0)	(99, 0.0008856500000000001)	(100, 0.0)	(101, 0.0)	(102, 0.0)	(103, 0.0309185)	(104, 0.0)	(105, 0.0)	(106, 0.0)	(107, 1.3983999999999999e-05)	(108, 0.00299257)	(109, 0.00159883)	(110, 0.0449957)	(111, 0.0325546)	(112, 9.32263e-06)	(113, 0.00118864)	(114, 0.0)	(115, 0.06496009999999999)	(116, 0.0)	(117, 6.99198e-05)	(118, 0.0)	(119, 0.076399)	(120, 0.0)	(121, 0.0032209699999999996)	(122, 3.26292e-05)	(123, 0.0)	(124, 0.0)	(125, 0.00257771)	(126, 0.0679434)	(127, 0.0)	(128, 0.00053139)	(129, 1.8645300000000003e-05)	(130, 0.000125856)	(131, 9.32263e-06)	(132, 9.32263e-05)	(133, 0.0)	(134, 7.45811e-05)	(135, 0.0)	(136, 0.0)	(137, 0.0)	(138, 0.00038222800000000003)	(139, 0.0)	(140, 0.06460590000000001)	(141, 0.0)	(142, 0.050938899999999995)	(143, 0.0353281)	(144, 0.0)	(145, 0.0007131819999999999)	(146, 0.00011187199999999999)	(147, 5.59358e-05)	(148, 0.0)	(149, 0.021833599999999998)	(150, 1.8645300000000003e-05)
GW_Mock2	(1, 0.0)	(2, 0.134724)	(3, 0.0)	(4, 0.00537081)	(5, 0.026185999999999997)	(6, 0.0238124)	(7, 0.0421292)	(8, 0.0)	(9, 0.0)	(10, 0.045919100000000004)	(11, 0.0)	(12, 0.0933745)	(13, 0.00872422)	(14, 0.045064)	(15, 0.12759900000000002)	(16, 0.00308621)	(17, 0.0)	(18, 0.0386956)	(19, 0.0)	(20, 0.0)	(21, 0.0)	(22, 0.0)	(23, 0.0453089)	(24, 0.0)	(25, 0.0898964)	(26, 0.0)	(27, 0.000133602)	(28, 0.0165756)	(29, 0.0)	(30, 0.027856000000000002)	(31, 0.0392256)	(32, 0.030465700000000002)	(33, 0.00880883)	(34, 0.0869394)	(35, 0.0)	(36, 0.0)	(37, 0.0494773)	(38, 0.055845700000000005)	(39, 0.0)	(40, 0.015297400000000001)	(41, 0.0930851)	(42, 4.4534000000000004e-06)	(43, 0.0)	(44, 0.0164197)	(45, 0.00604327)	(46, 0.000574489)	(47, 0.0)	(48, 0.00313074)	(49, 1.3360200000000001e-05)	(50, 0.0)	(51, 0.0)	(52, 0.0312006)	(53, 0.0)	(54, 0.0)	(55, 3.5627200000000003e-05)	(56, 0.0356139)	(57, 0.0)	(58, 4.00806e-05)	(59, 0.0)	(60, 0.0)	(61, 0.045549400000000004)	(62, 0.0)	(63, 0.000124695)	(64, 0.0)	(65, 0.0)	(66, 0.00219998)	(67, 0.00023157699999999998)	(68, 0.0319175)	(69, 0.06567440000000001)	(70, 0.00021821700000000001)	(71, 0.0017101100000000001)	(72, 0.000979749)	(73, 0.0)	(74, 0.015342)	(75, 0.0187533)	(76, 0.041706099999999996)	(77, 0.0)	(78, 0.0301807)	(79, 0.0360325)	(80, 0.00043643400000000003)	(81, 0.0)	(82, 1.7813600000000002e-05)	(83, 0.0)	(84, 0.0140015)	(85, 0.0299002)	(86, 0.0400005)	(87, 0.0)	(88, 0.030719599999999996)	(89, 0.00266314)	(90, 0.0019060599999999998)	(91, 0.0)	(92, 0.00502789)	(93, 0.000240484)	(94, 0.061296699999999996)	(95, 0.0591278)	(96, 0.0)	(97, 0.0158942)	(98, 0.0)	(99, 0.000970842)	(100, 0.0)	(101, 0.0)	(102, 0.0)	(103, 0.0288402)	(104, 0.0)	(105, 0.0)	(106, 0.0)	(107, 4.4534000000000004e-06)	(108, 0.00317528)	(109, 0.00191496)	(110, 0.039341400000000006)	(111, 0.0295038)	(112, 4.00806e-05)	(113, 0.00132711)	(114, 8.90681e-06)	(115, 0.058352999999999995)	(116, 0.0)	(117, 5.34409e-05)	(118, 0.0)	(119, 0.0697893)	(120, 1.3360200000000001e-05)	(121, 0.00342467)	(122, 8.01613e-05)	(123, 0.0)	(124, 0.0)	(125, 0.00291253)	(126, 0.062458999999999994)	(127, 0.0)	(128, 0.000467607)	(129, 5.34409e-05)	(130, 0.000164776)	(131, 8.90681e-06)	(132, 0.000133602)	(133, 0.0)	(134, 5.34409e-05)	(135, 0.0)	(136, 0.0)	(137, 0.0)	(138, 0.00043643400000000003)	(139, 0.0)	(140, 0.0588785)	(141, 0.0)	(142, 0.0469433)	(143, 0.0323139)	(144, 0.0)	(145, 0.000855054)	(146, 0.000151416)	(147, 5.34409e-05)	(148, 0.0)	(149, 0.0199513)	(150, 3.11738e-05)
GW_Mock3	(1, 0.0)	(2, 0.128502)	(3, 0.0)	(4, 0.00476031)	(5, 0.0292134)	(6, 0.0257648)	(7, 0.0468691)	(8, 0.0)	(9, 0.0)	(10, 0.0420523)	(11, 0.0)	(12, 0.10030099999999999)	(13, 0.00773117)	(14, 0.0492102)	(15, 0.139986)	(16, 0.00275369)	(17, 0.0)	(18, 0.041153300000000004)	(19, 0.0)	(20, 0.0)	(21, 0.0)	(22, 0.0)	(23, 0.0418656)	(24, 0.0)	(25, 0.0987157)	(26, 0.0)	(27, 0.000143331)	(28, 0.0172648)	(29, 0.0)	(30, 0.031589200000000005)	(31, 0.0444108)	(32, 0.0329356)	(33, 0.00767036)	(34, 0.0931606)	(35, 0.0)	(36, 0.0)	(37, 0.054678500000000005)	(38, 0.0644249)	(39, 0.0)	(40, 0.0164787)	(41, 0.102056)	(42, 4.3433500000000005e-06)	(43, 0.0)	(44, 0.018129199999999998)	(45, 0.00558989)	(46, 0.0005298890000000001)	(47, 0.0)	(48, 0.00282752)	(49, 1.7373400000000002e-05)	(50, 0.0)	(51, 0.0)	(52, 0.0360933)	(53, 0.0)	(54, 0.0)	(55, 8.686700000000001e-06)	(56, 0.0406972)	(57, 0.0)	(58, 6.08069e-05)	(59, 0.0)	(60, 0.0)	(61, 0.0501831)	(62, 0.0)	(63, 5.21202e-05)	(64, 0.0)	(65, 0.0)	(66, 0.0018980499999999999)	(67, 0.000221511)	(68, 0.0358978)	(69, 0.072977)	(70, 0.000191108)	(71, 0.0017069399999999999)	(72, 0.000864327)	(73, 0.0)	(74, 0.0178859)	(75, 0.020326900000000002)	(76, 0.0477334)	(77, 0.0)	(78, 0.0323493)	(79, 0.039858899999999996)	(80, 0.000373528)	(81, 0.0)	(82, 8.686700000000001e-06)	(83, 0.0)	(84, 0.0157577)	(85, 0.0332744)	(86, 0.044363)	(87, 0.0)	(88, 0.0332831)	(89, 0.00227592)	(90, 0.00184158)	(91, 0.0)	(92, 0.0046387)	(93, 0.000134644)	(94, 0.06715259999999999)	(95, 0.0663534)	(96, 0.0)	(97, 0.017738300000000002)	(98, 0.0)	(99, 0.000755743)	(100, 0.0)	(101, 0.0)	(102, 0.0)	(103, 0.031359)	(104, 0.0)	(105, 0.0)	(106, 0.0)	(107, 0.0)	(108, 0.00300994)	(109, 0.00171562)	(110, 0.0439764)	(111, 0.032722799999999996)	(112, 2.1716800000000002e-05)	(113, 0.0011118999999999999)	(114, 0.0)	(115, 0.0654369)	(116, 0.0)	(117, 5.21202e-05)	(118, 0.0)	(119, 0.0783063)	(120, 3.0403499999999998e-05)	(121, 0.0031315600000000002)	(122, 5.64636e-05)	(123, 0.0)	(124, 0.0)	(125, 0.00248005)	(126, 0.0703362)	(127, 0.0)	(128, 0.000482112)	(129, 3.90902e-05)	(130, 0.000108584)	(131, 8.686700000000001e-06)	(132, 0.000108584)	(133, 0.0)	(134, 3.4746800000000004e-05)	(135, 0.0)	(136, 4.3433500000000005e-06)	(137, 0.0)	(138, 0.000256258)	(139, 0.0)	(140, 0.06470290000000001)	(141, 0.0)	(142, 0.05147310000000001)	(143, 0.035837)	(144, 0.0)	(145, 0.000651503)	(146, 0.00011727100000000001)	(147, 2.60601e-05)	(148, 0.0)	(149, 0.021986099999999998)	(150, 3.4746800000000004e-05)
GW_P1	(1, 0.0)	(2, 0.129438)	(3, 0.00043587899999999996)	(4, 0.0275476)	(5, 0.031346599999999995)	(6, 0.0385363)	(7, 0.0445377)	(8, 3.67056e-05)	(9, 0.0200321)	(10, 0.044207300000000005)	(11, 0.019756799999999998)	(12, 0.10894699999999999)	(13, 0.00667583)	(14, 0.053801299999999996)	(15, 0.14021999999999998)	(16, 0.00242716)	(17, 0.0215416)	(18, 0.040454199999999996)	(19, 0.0040926800000000004)	(20, 0.0)	(21, 0.0)	(22, 0.0)	(23, 0.0451387)	(24, 0.0)	(25, 0.106951)	(26, 0.0)	(27, 0.000123881)	(28, 0.0391649)	(29, 9.1764e-06)	(30, 0.033076299999999996)	(31, 0.0682082)	(32, 0.0312365)	(33, 0.049534199999999994)	(34, 0.092567)	(35, 0.0174902)	(36, 0.0)	(37, 0.051864999999999994)	(38, 0.0597567)	(39, 5.9646600000000006e-05)	(40, 0.0199082)	(41, 0.09695329999999999)	(42, 0.000105529)	(43, 0.0142326)	(44, 0.0174306)	(45, 0.014021500000000001)	(46, 0.022840100000000002)	(47, 0.00019270400000000003)	(48, 0.00249598)	(49, 7.79994e-05)	(50, 9.1764e-05)	(51, 0.008561580000000001)	(52, 0.0471621)	(53, 0.00879099)	(54, 0.0178802)	(55, 0.0189309)	(56, 0.0375682)	(57, 0.0)	(58, 0.000261528)	(59, 0.0266116)	(60, 0.008557)	(61, 0.048029300000000004)	(62, 0.00852029)	(63, 4.5882e-05)	(64, 0.0)	(65, 4.5882e-06)	(66, 0.0105529)	(67, 0.000325762)	(68, 0.03337)	(69, 0.0760953)	(70, 0.013627)	(71, 0.00628584)	(72, 0.0008212879999999999)	(73, 0.0036384399999999997)	(74, 0.0163156)	(75, 0.01805)	(76, 0.044069699999999996)	(77, 0.0)	(78, 0.031052899999999998)	(79, 0.0420646)	(80, 0.00479467)	(81, 0.00014682199999999998)	(82, 2.2941e-05)	(83, 4.5882e-06)	(84, 0.0149071)	(85, 0.0320211)	(86, 0.0412755)	(87, 1.3764599999999999e-05)	(88, 0.0315439)	(89, 0.00208304)	(90, 0.00146822)	(91, 0.0)	(92, 0.0041982)	(93, 0.000165175)	(94, 0.0638632)	(95, 0.0607661)	(96, 0.0)	(97, 0.016834099999999998)	(98, 0.000298233)	(99, 0.00853864)	(100, 0.0)	(101, 4.5882e-06)	(102, 0.0)	(103, 0.029722400000000003)	(104, 0.0)	(105, 9.1764e-06)	(106, 0.00538196)	(107, 9.1764e-06)	(108, 0.00254186)	(109, 0.0016609300000000001)	(110, 0.0397843)	(111, 0.0306859)	(112, 9.635219999999999e-05)	(113, 0.000991052)	(114, 0.0135306)	(115, 0.06282170000000001)	(116, 0.000169763)	(117, 0.00445056)	(118, 0.0)	(119, 0.0768386)	(120, 3.21174e-05)	(121, 0.0254186)	(122, 0.0231704)	(123, 0.000325762)	(124, 0.000183528)	(125, 0.00230328)	(126, 0.0664555)	(127, 0.00444138)	(128, 0.000367056)	(129, 2.7529199999999997e-05)	(130, 0.000105529)	(131, 0.000247763)	(132, 0.00016058699999999999)	(133, 5.5058399999999994e-05)	(134, 0.00106905)	(135, 0.0038908000000000002)	(136, 0.00806606)	(137, 0.00856617)	(138, 0.0141638)	(139, 9.635219999999999e-05)	(140, 0.06112859999999999)	(141, 0.00022941000000000001)	(142, 0.049102900000000005)	(143, 0.033136)	(144, 2.2941e-05)	(145, 0.000619407)	(146, 0.004592789999999999)	(147, 3.67056e-05)	(148, 0.00017894)	(149, 0.0205506)	(150, 2.7529199999999997e-05)
GW_P2	(1, 0.0)	(2, 0.12678999999999999)	(3, 0.000498059)	(4, 0.0300343)	(5, 0.030783699999999997)	(6, 0.0391182)	(7, 0.0423899)	(8, 5.48322e-05)	(9, 0.0232489)	(10, 0.0446517)	(11, 0.0214394)	(12, 0.106781)	(13, 0.006726080000000001)	(14, 0.052479000000000005)	(15, 0.13422499999999998)	(16, 0.00254513)	(17, 0.0226731)	(18, 0.039278099999999996)	(19, 0.00412612)	(20, 0.0)	(21, 0.0)	(22, 0.0)	(23, 0.0466074)	(24, 0.0)	(25, 0.10479300000000001)	(26, 0.0)	(27, 0.000123372)	(28, 0.041297799999999996)	(29, 9.1387e-06)	(30, 0.0326708)	(31, 0.06903369999999999)	(32, 0.030386200000000002)	(33, 0.054060000000000004)	(34, 0.09044110000000001)	(35, 0.0190496)	(36, 0.0)	(37, 0.0494998)	(38, 0.0590908)	(39, 4.11241e-05)	(40, 0.0202651)	(41, 0.0926299)	(42, 0.000173635)	(43, 0.0154947)	(44, 0.0166553)	(45, 0.014589900000000001)	(46, 0.0240211)	(47, 0.00027873)	(48, 0.00233494)	(49, 7.31096e-05)	(50, 7.76789e-05)	(51, 0.00917982)	(52, 0.0480056)	(53, 0.0100389)	(54, 0.0196893)	(55, 0.0209231)	(56, 0.036586799999999996)	(57, 0.0)	(58, 0.000260453)	(59, 0.0288189)	(60, 0.008978769999999999)	(61, 0.0453645)	(62, 0.00890566)	(63, 4.11241e-05)	(64, 0.0)	(65, 0.0)	(66, 0.0112178)	(67, 0.000360979)	(68, 0.033506999999999995)	(69, 0.0761573)	(70, 0.0153256)	(71, 0.00657986)	(72, 0.000731096)	(73, 0.0042083699999999995)	(74, 0.0165182)	(75, 0.0186201)	(76, 0.0435048)	(77, 0.0)	(78, 0.0302125)	(79, 0.0410693)	(80, 0.00486636)	(81, 0.00011880300000000001)	(82, 9.1387e-06)	(83, 3.19854e-05)	(84, 0.0140736)	(85, 0.0309391)	(86, 0.0399087)	(87, 1.3708000000000002e-05)	(88, 0.030724300000000003)	(89, 0.00205621)	(90, 0.00151702)	(91, 0.0)	(92, 0.00398904)	(93, 0.00021019000000000002)	(94, 0.0620746)	(95, 0.0606855)	(96, 0.0)	(97, 0.0168061)	(98, 0.000310716)	(99, 0.00957279)	(100, 0.0)	(101, 0.0)	(102, 0.0)	(103, 0.029115899999999997)	(104, 0.0)	(105, 3.65548e-05)	(106, 0.0057528100000000006)	(107, 0.0)	(108, 0.00241262)	(109, 0.00145305)	(110, 0.0387618)	(111, 0.0298973)	(112, 7.31096e-05)	(113, 0.00108751)	(114, 0.0146311)	(115, 0.060585)	(116, 0.000169066)	(117, 0.005049130000000001)	(118, 0.0)	(119, 0.07518409999999999)	(120, 9.1387e-06)	(121, 0.027991799999999997)	(122, 0.025464999999999998)	(123, 0.00045693499999999995)	(124, 0.000201051)	(125, 0.00218872)	(126, 0.0652914)	(127, 0.00483894)	(128, 0.00042494999999999995)	(129, 3.19854e-05)	(130, 0.000100526)	(131, 0.000287869)	(132, 0.00014165)	(133, 0.00010966400000000001)	(134, 0.00113777)	(135, 0.00456021)	(136, 0.009083869999999999)	(137, 0.00963676)	(138, 0.0149738)	(139, 9.59563e-05)	(140, 0.0588624)	(141, 0.000251314)	(142, 0.0477817)	(143, 0.032629700000000005)	(144, 3.19854e-05)	(145, 0.000648848)	(146, 0.00485265)	(147, 1.82774e-05)	(148, 0.000187343)	(149, 0.0205301)	(150, 1.82774e-05)
GW_P3	(1, 0.0)	(2, 0.130272)	(3, 0.0)	(4, 0.00494919)	(5, 0.0311315)	(6, 0.0281933)	(7, 0.0478136)	(8, 0.0)	(9, 0.0)	(10, 0.0400623)	(11, 0.0)	(12, 0.106262)	(13, 0.00757499)	(14, 0.05456709999999999)	(15, 0.141778)	(16, 0.00276691)	(17, 0.0)	(18, 0.045137500000000004)	(19, 0.0)	(20, 0.0)	(21, 0.0)	(22, 0.0)	(23, 0.0414684)	(24, 0.0)	(25, 0.102713)	(26, 0.0)	(27, 0.000136078)	(28, 0.018531799999999998)	(29, 0.0)	(30, 0.0326485)	(31, 0.048005200000000005)	(32, 0.034442799999999996)	(33, 0.00779674)	(34, 0.09238160000000001)	(35, 0.0)	(36, 0.0)	(37, 0.0573038)	(38, 0.0687343)	(39, 0.0)	(40, 0.0176246)	(41, 0.10409900000000001)	(42, 1.00798e-05)	(43, 0.0)	(44, 0.01894)	(45, 0.00511551)	(46, 0.0005795899999999999)	(47, 0.0)	(48, 0.00297355)	(49, 1.51197e-05)	(50, 0.0)	(51, 0.0)	(52, 0.037124)	(53, 0.0)	(54, 0.0)	(55, 4.53592e-05)	(56, 0.0421992)	(57, 0.0)	(58, 3.52794e-05)	(59, 0.0)	(60, 0.0)	(61, 0.0507973)	(62, 0.0)	(63, 3.0239499999999997e-05)	(64, 0.0)	(65, 0.0)	(66, 0.0020562799999999997)	(67, 0.000171357)	(68, 0.0365746)	(69, 0.0738095)	(70, 0.000171357)	(71, 0.00150693)	(72, 0.0008870239999999999)	(73, 0.0)	(74, 0.018370499999999998)	(75, 0.0209308)	(76, 0.0478691)	(77, 0.0)	(78, 0.034342)	(79, 0.0416599)	(80, 0.00028223500000000004)	(81, 0.0)	(82, 1.00798e-05)	(83, 0.0)	(84, 0.0156842)	(85, 0.0343117)	(86, 0.0454953)	(87, 0.0)	(88, 0.0348107)	(89, 0.00207644)	(90, 0.00169845)	(91, 0.0)	(92, 0.0042385700000000005)	(93, 0.000211676)	(94, 0.07135000000000001)	(95, 0.0694853)	(96, 0.0)	(97, 0.018461199999999997)	(98, 0.0)	(99, 0.0007509470000000001)	(100, 0.0)	(101, 0.0)	(102, 0.0)	(103, 0.034291600000000005)	(104, 0.0)	(105, 0.0)	(106, 0.0)	(107, 5.03991e-06)	(108, 0.00284251)	(109, 0.00185973)	(110, 0.042859400000000006)	(111, 0.0351383)	(112, 2.01596e-05)	(113, 0.0009827829999999999)	(114, 5.03991e-06)	(115, 0.0704076)	(116, 0.0)	(117, 6.04789e-05)	(118, 0.0)	(119, 0.0806739)	(120, 1.51197e-05)	(121, 0.00300883)	(122, 2.01596e-05)	(123, 0.0)	(124, 0.0)	(125, 0.00223772)	(126, 0.0723026)	(127, 0.0)	(128, 0.000458632)	(129, 5.03991e-06)	(130, 0.000105838)	(131, 5.03991e-06)	(132, 7.55987e-05)	(133, 0.0)	(134, 5.03991e-05)	(135, 0.0)	(136, 0.0)	(137, 0.0)	(138, 0.000362874)	(139, 0.0)	(140, 0.0666629)	(141, 0.0)	(142, 0.0544613)	(143, 0.036751)	(144, 0.0)	(145, 0.000604789)	(146, 0.000171357)	(147, 3.0239499999999997e-05)	(148, 0.0)	(149, 0.021480100000000002)	(150, 1.51197e-05)
SFZ_Mock1	(1, 0.0)	(2, 0.133572)	(3, 0.0)	(4, 0.00530789)	(5, 0.029208800000000004)	(6, 0.0270144)	(7, 0.045924)	(8, 0.0)	(9, 0.0)	(10, 0.0423576)	(11, 0.0)	(12, 0.101457)	(13, 0.00807398)	(14, 0.0517025)	(15, 0.13730599999999998)	(16, 0.00277928)	(17, 0.0)	(18, 0.042735800000000004)	(19, 0.0)	(20, 0.0)	(21, 0.0)	(22, 0.0)	(23, 0.042269600000000004)	(24, 0.0)	(25, 0.0984533)	(26, 0.0)	(27, 0.00013192800000000001)	(28, 0.0182236)	(29, 0.0)	(30, 0.031214099999999998)	(31, 0.0446004)	(32, 0.032823599999999994)	(33, 0.00799042)	(34, 0.0913555)	(35, 0.0)	(36, 0.0)	(37, 0.0560693)	(38, 0.0639146)	(39, 0.0)	(40, 0.0171198)	(41, 0.10313699999999999)	(42, 4.397589999999999e-06)	(43, 0.0)	(44, 0.018417100000000002)	(45, 0.005615719999999999)	(46, 0.0005145179999999999)	(47, 0.0)	(48, 0.00307831)	(49, 1.3192799999999998e-05)	(50, 0.0)	(51, 0.0)	(52, 0.0354578)	(53, 0.0)	(54, 0.0)	(55, 2.63855e-05)	(56, 0.0397586)	(57, 0.0)	(58, 8.35542e-05)	(59, 0.0)	(60, 0.0)	(61, 0.051056)	(62, 0.0)	(63, 7.91566e-05)	(64, 0.0)	(65, 0.0)	(66, 0.00219)	(67, 0.000224277)	(68, 0.0355017)	(69, 0.0711222)	(70, 0.00018909599999999998)	(71, 0.0016007200000000001)	(72, 0.00105542)	(73, 0.0)	(74, 0.017867400000000002)	(75, 0.0197276)	(76, 0.0454139)	(77, 0.0)	(78, 0.0336592)	(79, 0.0397278)	(80, 0.000299036)	(81, 0.0)	(82, 1.75904e-05)	(83, 0.0)	(84, 0.0151585)	(85, 0.0334789)	(86, 0.042964499999999996)	(87, 0.0)	(88, 0.0344551)	(89, 0.0023659)	(90, 0.0017810200000000001)	(91, 0.0)	(92, 0.0047494)	(93, 0.00021988)	(94, 0.0683342)	(95, 0.065722)	(96, 0.0)	(97, 0.0174408)	(98, 0.0)	(99, 0.000751988)	(100, 0.0)	(101, 0.0)	(102, 0.0)	(103, 0.0314604)	(104, 0.0)	(105, 0.0)	(106, 0.0)	(107, 4.397589999999999e-06)	(108, 0.00288922)	(109, 0.00199211)	(110, 0.0425643)	(111, 0.0318957)	(112, 2.1988e-05)	(113, 0.00103783)	(114, 0.0)	(115, 0.06615739999999999)	(116, 0.0)	(117, 8.35542e-05)	(118, 0.0)	(119, 0.0758408)	(120, 1.75904e-05)	(121, 0.0031618700000000002)	(122, 5.27711e-05)	(123, 0.0)	(124, 0.0)	(125, 0.002555)	(126, 0.0694424)	(127, 0.0)	(128, 0.0005233130000000001)	(129, 3.07831e-05)	(130, 0.00013192800000000001)	(131, 8.795179999999999e-06)	(132, 0.00010994)	(133, 0.0)	(134, 8.35542e-05)	(135, 0.0)	(136, 0.0)	(137, 0.0)	(138, 0.00039578300000000003)	(139, 0.0)	(140, 0.0635804)	(141, 0.0)	(142, 0.0522961)	(143, 0.0348949)	(144, 0.0)	(145, 0.000593675)	(146, 0.00014512)	(147, 2.1988e-05)	(148, 0.0)	(149, 0.020387199999999998)	(150, 2.63855e-05)
SFZ_Mock2	(1, 0.0)	(2, 0.136297)	(3, 0.0)	(4, 0.0055005900000000005)	(5, 0.0251401)	(6, 0.0237309)	(7, 0.040454)	(8, 0.0)	(9, 0.0)	(10, 0.0474022)	(11, 0.0)	(12, 0.0905937)	(13, 0.00913217)	(14, 0.0444943)	(15, 0.122507)	(16, 0.00301426)	(17, 0.0)	(18, 0.0362605)	(19, 0.0)	(20, 0.0)	(21, 0.0)	(22, 0.0)	(23, 0.0480876)	(24, 0.0)	(25, 0.0859659)	(26, 0.0)	(27, 0.000102178)	(28, 0.015931300000000002)	(29, 0.0)	(30, 0.027950000000000003)	(31, 0.0372695)	(32, 0.029022899999999997)	(33, 0.00912366)	(34, 0.0848462)	(35, 0.0)	(36, 0.0)	(37, 0.0473766)	(38, 0.054226800000000006)	(39, 0.0)	(40, 0.0147562)	(41, 0.0885416)	(42, 1.2772300000000001e-05)	(43, 0.0)	(44, 0.016199500000000002)	(45, 0.00624138)	(46, 0.0006002970000000001)	(47, 0.0)	(48, 0.0032143600000000003)	(49, 8.51485e-06)	(50, 0.0)	(51, 0.0)	(52, 0.0301809)	(53, 0.0)	(54, 0.0)	(55, 3.40594e-05)	(56, 0.034566)	(57, 0.0)	(58, 7.23762e-05)	(59, 0.0)	(60, 0.0)	(61, 0.044149499999999994)	(62, 0.0)	(63, 5.96039e-05)	(64, 0.0)	(65, 0.0)	(66, 0.00216277)	(67, 0.000208614)	(68, 0.0301426)	(69, 0.06212429999999999)	(70, 0.00022990100000000002)	(71, 0.0018817800000000002)	(72, 0.000940891)	(73, 0.0)	(74, 0.0151607)	(75, 0.0174852)	(76, 0.039806900000000006)	(77, 0.0)	(78, 0.0292272)	(79, 0.0346639)	(80, 0.000417228)	(81, 0.0)	(82, 1.70297e-05)	(83, 0.0)	(84, 0.013061799999999998)	(85, 0.029031400000000002)	(86, 0.0394195)	(87, 0.0)	(88, 0.029597599999999998)	(89, 0.00275881)	(90, 0.00201802)	(91, 0.0)	(92, 0.00515148)	(93, 0.00016604)	(94, 0.0579606)	(95, 0.056943)	(96, 0.0)	(97, 0.0149095)	(98, 0.0)	(99, 0.0011197)	(100, 0.0)	(101, 0.0)	(102, 0.0)	(103, 0.0274391)	(104, 0.0)	(105, 0.0)	(106, 0.0)	(107, 8.51485e-06)	(108, 0.00341445)	(109, 0.00196693)	(110, 0.0373334)	(111, 0.028082)	(112, 4.25742e-05)	(113, 0.00145604)	(114, 0.0)	(115, 0.0582543)	(116, 0.0)	(117, 5.5346499999999996e-05)	(118, 0.0)	(119, 0.0661902)	(120, 1.2772300000000001e-05)	(121, 0.00368693)	(122, 6.386139999999999e-05)	(123, 0.0)	(124, 0.0)	(125, 0.00296742)	(126, 0.0594634)	(127, 0.0)	(128, 0.0005236630000000001)	(129, 1.70297e-05)	(130, 0.000119208)	(131, 8.51485e-06)	(132, 8.94059e-05)	(133, 0.0)	(134, 7.23762e-05)	(135, 0.0)	(136, 0.0)	(137, 0.0)	(138, 0.000349109)	(139, 0.0)	(140, 0.056321500000000004)	(141, 0.0)	(142, 0.0450095)	(143, 0.030576799999999998)	(144, 0.0)	(145, 0.000953663)	(146, 0.00012346499999999998)	(147, 3.40594e-05)	(148, 0.0)	(149, 0.0189498)	(150, 8.51485e-06)
SFZ_Mock3	(1, 0.0)	(2, 0.13613)	(3, 0.0)	(4, 0.00585864)	(5, 0.0222208)	(6, 0.0203851)	(7, 0.035760799999999995)	(8, 0.0)	(9, 0.0)	(10, 0.0513596)	(11, 0.0)	(12, 0.0814891)	(13, 0.009873050000000001)	(14, 0.0391662)	(15, 0.10664299999999999)	(16, 0.00352976)	(17, 0.0)	(18, 0.0326257)	(19, 0.0)	(20, 0.0)	(21, 0.0)	(22, 0.0)	(23, 0.050394600000000005)	(24, 0.0)	(25, 0.0741422)	(26, 0.0)	(27, 8.5778e-05)	(28, 0.014144799999999999)	(29, 0.0)	(30, 0.024768400000000003)	(31, 0.0337879)	(32, 0.0260036)	(33, 0.00904958)	(34, 0.0781437)	(35, 0.0)	(36, 0.0)	(37, 0.0419883)	(38, 0.0485932)	(39, 0.0)	(40, 0.0132656)	(41, 0.0788643)	(42, 1.28667e-05)	(43, 0.0)	(44, 0.0141191)	(45, 0.00690084)	(46, 0.0005661349999999999)	(47, 0.0)	(48, 0.0034611399999999997)	(49, 2.14445e-05)	(50, 0.0)	(51, 0.0)	(52, 0.027200199999999997)	(53, 0.0)	(54, 0.0)	(55, 3.43112e-05)	(56, 0.030927299999999998)	(57, 0.0)	(58, 4.71779e-05)	(59, 0.0)	(60, 0.0)	(61, 0.0376008)	(62, 0.0)	(63, 7.72002e-05)	(64, 0.0)	(65, 0.0)	(66, 0.00233316)	(67, 0.000188712)	(68, 0.0271745)	(69, 0.054752100000000005)	(70, 0.000235889)	(71, 0.00198147)	(72, 0.00112369)	(73, 0.0)	(74, 0.0132956)	(75, 0.0154572)	(76, 0.033843700000000004)	(77, 0.0)	(78, 0.0256476)	(79, 0.0313776)	(80, 0.00041173399999999997)	(81, 0.0)	(82, 1.71556e-05)	(83, 0.0)	(84, 0.0115071)	(85, 0.0241422)	(86, 0.0351432)	(87, 0.0)	(88, 0.0271273)	(89, 0.00281352)	(90, 0.00215732)	(91, 0.0)	(92, 0.0057171)	(93, 0.000235889)	(94, 0.0517842)	(95, 0.0499657)	(96, 0.0)	(97, 0.013492899999999999)	(98, 0.0)	(99, 0.00102505)	(100, 0.0)	(101, 0.0)	(102, 0.0)	(103, 0.0236619)	(104, 0.0)	(105, 0.0)	(106, 0.0)	(107, 1.71556e-05)	(108, 0.0035083200000000005)	(109, 0.00202865)	(110, 0.0335778)	(111, 0.024674)	(112, 1.28667e-05)	(113, 0.00131669)	(114, 4.2889e-06)	(115, 0.0513596)	(116, 0.0)	(117, 4.2889e-05)	(118, 0.0)	(119, 0.0606322)	(120, 8.5778e-06)	(121, 0.0037527899999999998)	(122, 5.14668e-05)	(123, 0.0)	(124, 0.0)	(125, 0.00303654)	(126, 0.0522774)	(127, 0.0)	(128, 0.000523246)	(129, 2.14445e-05)	(130, 9.43558e-05)	(131, 4.2889e-06)	(132, 9.864470000000001e-05)	(133, 0.0)	(134, 5.5755700000000006e-05)	(135, 0.0)	(136, 0.0)	(137, 0.0)	(138, 0.00041173399999999997)	(139, 0.0)	(140, 0.050064300000000006)	(141, 0.0)	(142, 0.0399768)	(143, 0.0278521)	(144, 0.0)	(145, 0.000866358)	(146, 0.000150111)	(147, 3.86001e-05)	(148, 0.0)	(149, 0.0160877)	(150, 3.43112e-05)
SFZ_P1	(1, 0.0)	(2, 0.135561)	(3, 0.0)	(4, 0.0058334300000000006)	(5, 0.024585600000000003)	(6, 0.0223146)	(7, 0.0386948)	(8, 0.0)	(9, 0.0)	(10, 0.0488242)	(11, 0.0)	(12, 0.0863374)	(13, 0.008798460000000001)	(14, 0.0415676)	(15, 0.115623)	(16, 0.0033955100000000005)	(17, 0.0)	(18, 0.035417899999999995)	(19, 0.0)	(20, 0.0)	(21, 0.0)	(22, 0.0)	(23, 0.0476558)	(24, 0.0)	(25, 0.0804073)	(26, 0.0)	(27, 9.22455e-05)	(28, 0.0147549)	(29, 0.0)	(30, 0.0262197)	(31, 0.0361954)	(32, 0.026957599999999998)	(33, 0.008930239999999999)	(34, 0.08387750000000001)	(35, 0.0)	(36, 0.0)	(37, 0.0454023)	(38, 0.0521538)	(39, 0.0)	(40, 0.0135249)	(41, 0.0851426)	(42, 8.78528e-06)	(43, 0.0)	(44, 0.014877900000000001)	(45, 0.00625512)	(46, 0.000544688)	(47, 0.0)	(48, 0.00339112)	(49, 1.75706e-05)	(50, 0.0)	(51, 0.0)	(52, 0.0299446)	(53, 0.0)	(54, 0.0)	(55, 2.6355800000000003e-05)	(56, 0.033788200000000004)	(57, 0.0)	(58, 7.02823e-05)	(59, 0.0)	(60, 0.0)	(61, 0.0405089)	(62, 0.0)	(63, 6.1497e-05)	(64, 0.0)	(65, 0.0)	(66, 0.00236324)	(67, 0.000250381)	(68, 0.030168699999999996)	(69, 0.060789800000000005)	(70, 0.00023720299999999999)	(71, 0.0017878)	(72, 0.000988344)	(73, 0.0)	(74, 0.0154533)	(75, 0.0172279)	(76, 0.0373287)	(77, 0.0)	(78, 0.0274057)	(79, 0.033678400000000004)	(80, 0.00043926400000000003)	(81, 0.0)	(82, 2.19632e-05)	(83, 0.0)	(84, 0.013033000000000001)	(85, 0.027620900000000004)	(86, 0.0370475)	(87, 0.0)	(88, 0.0271597)	(89, 0.00269269)	(90, 0.0019239799999999998)	(91, 0.0)	(92, 0.00520528)	(93, 0.00021523900000000002)	(94, 0.0564982)	(95, 0.0543853)	(96, 0.0)	(97, 0.0149042)	(98, 0.0)	(99, 0.0009971300000000002)	(100, 0.0)	(101, 0.0)	(102, 0.0)	(103, 0.025407000000000002)	(104, 0.0)	(105, 0.0)	(106, 0.0)	(107, 4.39264e-06)	(108, 0.00343065)	(109, 0.00209968)	(110, 0.036256899999999995)	(111, 0.026874199999999997)	(112, 1.75706e-05)	(113, 0.0013749)	(114, 4.39264e-06)	(115, 0.0551408)	(116, 0.0)	(117, 6.1497e-05)	(118, 0.0)	(119, 0.0638514)	(120, 1.75706e-05)	(121, 0.00367664)	(122, 5.2711700000000006e-05)	(123, 0.0)	(124, 0.0)	(125, 0.00290354)	(126, 0.0582947)	(127, 0.0)	(128, 0.0005139389999999999)	(129, 3.07485e-05)	(130, 0.000140565)	(131, 8.78528e-06)	(132, 0.00010981600000000001)	(133, 0.0)	(134, 6.1497e-05)	(135, 0.0)	(136, 0.0)	(137, 0.0)	(138, 0.000426086)	(139, 0.0)	(140, 0.052843499999999995)	(141, 0.0)	(142, 0.0423451)	(143, 0.029439499999999997)	(144, 0.0)	(145, 0.000803853)	(146, 0.000140565)	(147, 2.6355800000000003e-05)	(148, 0.0)	(149, 0.0189191)	(150, 3.95338e-05)
SFZ_P2	(1, 0.0)	(2, 0.134946)	(3, 0.0)	(4, 0.00596704)	(5, 0.024574699999999998)	(6, 0.022274099999999998)	(7, 0.0404208)	(8, 0.0)	(9, 0.0)	(10, 0.0470297)	(11, 0.0)	(12, 0.0865845)	(13, 0.00916813)	(14, 0.0425232)	(15, 0.11960799999999999)	(16, 0.0030502999999999997)	(17, 0.0)	(18, 0.035914299999999996)	(19, 0.0)	(20, 0.0)	(21, 0.0)	(22, 0.0)	(23, 0.0478397)	(24, 0.0)	(25, 0.0852016)	(26, 0.0)	(27, 0.000150792)	(28, 0.015566000000000002)	(29, 0.0)	(30, 0.0262808)	(31, 0.0364485)	(32, 0.0295982)	(33, 0.00855635)	(34, 0.08341359999999999)	(35, 0.0)	(36, 0.0)	(37, 0.0466463)	(38, 0.053660299999999994)	(39, 0.0)	(40, 0.0141572)	(41, 0.0862356)	(42, 1.72333e-05)	(43, 0.0)	(44, 0.0160098)	(45, 0.00632032)	(46, 0.000547158)	(47, 0.0)	(48, 0.0032484799999999998)	(49, 3.44667e-05)	(50, 0.0)	(51, 0.0)	(52, 0.029848100000000002)	(53, 0.0)	(54, 0.0)	(55, 2.5849999999999998e-05)	(56, 0.034178)	(57, 0.0)	(58, 9.0475e-05)	(59, 0.0)	(60, 0.0)	(61, 0.0423638)	(62, 0.0)	(63, 9.47833e-05)	(64, 0.0)	(65, 0.0)	(66, 0.00226187)	(67, 0.000254192)	(68, 0.031256900000000004)	(69, 0.062376)	(70, 0.00024126699999999998)	(71, 0.00171472)	(72, 0.00110724)	(73, 0.0)	(74, 0.0149025)	(75, 0.0178236)	(76, 0.0409507)	(77, 0.0)	(78, 0.027569)	(79, 0.0336351)	(80, 0.000452375)	(81, 0.0)	(82, 4.3083299999999995e-05)	(83, 0.0)	(84, 0.013192100000000002)	(85, 0.0282239)	(86, 0.037525600000000006)	(87, 0.0)	(88, 0.0286504)	(89, 0.00255484)	(90, 0.0017793400000000001)	(91, 0.0)	(92, 0.0052734)	(93, 0.000280042)	(94, 0.058175399999999995)	(95, 0.056439100000000006)	(96, 0.0)	(97, 0.014881)	(98, 0.0)	(99, 0.000999533)	(100, 0.0)	(101, 0.0)	(102, 0.0)	(103, 0.026716)	(104, 0.0)	(105, 0.0)	(106, 0.0)	(107, 2.15417e-05)	(108, 0.0033174199999999997)	(109, 0.00203784)	(110, 0.0363709)	(111, 0.0269357)	(112, 3.0158300000000002e-05)	(113, 0.00137867)	(114, 0.0)	(115, 0.056508100000000006)	(116, 0.0)	(117, 9.0475e-05)	(118, 0.0)	(119, 0.0656288)	(120, 1.72333e-05)	(121, 0.00352422)	(122, 7.755e-05)	(123, 0.0)	(124, 0.0)	(125, 0.0028391899999999997)	(126, 0.058821700000000005)	(127, 0.0)	(128, 0.000577316)	(129, 3.0158300000000002e-05)	(130, 0.000185258)	(131, 4.30833e-06)	(132, 0.000120633)	(133, 0.0)	(134, 0.00010339999999999999)	(135, 0.0)	(136, 0.0)	(137, 0.0)	(138, 0.00045668299999999994)	(139, 0.0)	(140, 0.0559954)	(141, 0.0)	(142, 0.0439924)	(143, 0.030550400000000002)	(144, 0.0)	(145, 0.000844433)	(146, 0.00010339999999999999)	(147, 3.44667e-05)	(148, 0.0)	(149, 0.0185129)	(150, 1.72333e-05)
SFZ_P3	(1, 0.0)	(2, 0.129653)	(3, 0.000570525)	(4, 0.0393078)	(5, 0.026864100000000002)	(6, 0.038984399999999995)	(7, 0.0349098)	(8, 7.187710000000001e-05)	(9, 0.030264799999999998)	(10, 0.0493122)	(11, 0.0293708)	(12, 0.0953765)	(13, 0.00745276)	(14, 0.044267299999999996)	(15, 0.11674599999999999)	(16, 0.00246179)	(17, 0.031855)	(18, 0.0316933)	(19, 0.00602869)	(20, 0.0)	(21, 0.0)	(22, 0.0)	(23, 0.0523625)	(24, 4.49232e-06)	(25, 0.09065949999999999)	(26, 0.0)	(27, 0.000112308)	(28, 0.0484587)	(29, 4.49232e-06)	(30, 0.0287104)	(31, 0.073701)	(32, 0.0245371)	(33, 0.0720299)	(34, 0.08233080000000001)	(35, 0.026697899999999997)	(36, 0.0)	(37, 0.0409879)	(38, 0.0484003)	(39, 2.69539e-05)	(40, 0.019379900000000002)	(41, 0.07822029999999999)	(42, 0.000211139)	(43, 0.021055499999999998)	(44, 0.0137465)	(45, 0.0182253)	(46, 0.0343303)	(47, 0.000350401)	(48, 0.0025651199999999997)	(49, 8.53541e-05)	(50, 8.08618e-05)	(51, 0.0127133)	(52, 0.0464326)	(53, 0.0135219)	(54, 0.0267473)	(55, 0.029056299999999997)	(56, 0.0299413)	(57, 0.0)	(58, 0.000350401)	(59, 0.0410778)	(60, 0.013261300000000002)	(61, 0.0376636)	(62, 0.0131311)	(63, 4.94155e-05)	(64, 0.0)	(65, 0.0)	(66, 0.0152874)	(67, 0.000449232)	(68, 0.026181199999999998)	(69, 0.06699400000000001)	(70, 0.021086999999999998)	(71, 0.00880944)	(72, 0.000804125)	(73, 0.00550309)	(74, 0.0126639)	(75, 0.0150403)	(76, 0.0347706)	(77, 0.0)	(78, 0.024474199999999998)	(79, 0.0378613)	(80, 0.0072551000000000004)	(81, 0.00010781600000000001)	(82, 4.49232e-06)	(83, 2.2461600000000002e-05)	(84, 0.0116171)	(85, 0.025022199999999998)	(86, 0.0336026)	(87, 0.0)	(88, 0.0250671)	(89, 0.00197213)	(90, 0.00164419)	(91, 4.49232e-06)	(92, 0.00407903)	(93, 0.000211139)	(94, 0.0504308)	(95, 0.049586200000000004)	(96, 0.0)	(97, 0.0136072)	(98, 0.00036837)	(99, 0.012776199999999998)	(100, 0.0)	(101, 0.0)	(102, 0.0)	(103, 0.024299)	(104, 0.0)	(105, 3.14462e-05)	(106, 0.007744759999999999)	(107, 0.0)	(108, 0.00271336)	(109, 0.00159927)	(110, 0.032919699999999996)	(111, 0.0241777)	(112, 8.08618e-05)	(113, 0.000956864)	(114, 0.0214823)	(115, 0.0492134)	(116, 0.00021563099999999998)	(117, 0.00699904)	(118, 0.0)	(119, 0.06552949999999999)	(120, 1.79693e-05)	(121, 0.0383509)	(122, 0.0367786)	(123, 0.000552555)	(124, 0.00024258499999999997)	(125, 0.00214284)	(126, 0.0520615)	(127, 0.00697208)	(128, 0.000449232)	(129, 2.2461600000000002e-05)	(130, 0.000121293)	(131, 0.00038634)	(132, 0.000175201)	(133, 9.88311e-05)	(134, 0.0015543400000000002)	(135, 0.00589392)	(136, 0.0117025)	(137, 0.0133781)	(138, 0.0212082)	(139, 8.08618e-05)	(140, 0.0478387)	(141, 0.00034590900000000004)	(142, 0.039662699999999995)	(143, 0.0262711)	(144, 4.04309e-05)	(145, 0.000660371)	(146, 0.006724999999999999)	(147, 4.4923200000000004e-05)	(148, 0.000220124)	(149, 0.0167249)	(150, 2.2461600000000002e-05)
