Sample	0	1	2	3	4	5	6	7	8	9	10	11	12	13	14	15	16	17	18	19	20	21	22	23	24	25	26	27	28	29	30	31	32	33	34	35	36	37	38	39	40	41	42	43	44	45	46	47	48	49	50	51	52	53	54	55	56	57	58	59	60	61	62	63	64	65	66	67	68	69	70	71	72	73	74	75	76	77	78	79	80	81	82	83	84	85	86	87	88	89	90	91	92	93	94	95	96	97	98	99	100	101	102	103	104	105	106	107	108	109	110	111	112	113	114	115	116	117	118	119	120	121	122	123	124	125	126	127	128	129	130	131	132	133	134	135	136	137	138	139	140	141	142	143	144	145	146	147	148	149
GW_Mock1	(1, 38.4659)	(2, 38.9229)	(3, 39.1664)	(4, 39.06)	(5, 38.9111)	(6, 38.8931)	(7, 39.0057)	(8, 39.0239)	(9, 38.9685)	(10, 38.8468)	(11, 38.9918)	(12, 38.9253)	(13, 38.9781)	(14, 38.9301)	(15, 38.9296)	(16, 39.2496)	(17, 39.2755)	(18, 39.263)	(19, 39.2694)	(20, 39.262)	(21, 39.2519)	(22, 39.2682)	(23, 39.2329)	(24, 39.2718)	(25, 39.1994)	(26, 38.9692)	(27, 38.9645)	(28, 38.9658)	(29, 38.9737)	(30, 38.9539)	(31, 38.9695)	(32, 38.948)	(33, 38.9771)	(34, 38.9239)	(35, 38.9599)	(36, 38.9457)	(37, 38.9293)	(38, 38.9361)	(39, 38.9441)	(40, 38.9417)	(41, 38.9023)	(42, 38.9416)	(43, 38.9588)	(44, 38.9156)	(45, 38.9429)	(46, 38.9192)	(47, 38.924)	(48, 38.9352)	(49, 38.9459)	(50, 38.9139)	(51, 38.909)	(52, 38.8796)	(53, 38.9058)	(54, 38.8893)	(55, 38.8843)	(56, 38.8485)	(57, 38.863)	(58, 38.8652)	(59, 38.8485)	(60, 38.8293)	(61, 38.8147)	(62, 38.8146)	(63, 38.8162)	(64, 38.8227)	(65, 38.8204)	(66, 38.8064)	(67, 38.7927)	(68, 38.7701)	(69, 38.7665)	(70, 38.7895)	(71, 38.7699)	(72, 38.7656)	(73, 38.7534)	(74, 38.7581)	(75, 38.76)	(76, 38.7538)	(77, 38.7587)	(78, 38.7346)	(79, 38.7337)	(80, 38.7329)	(81, 38.7224)	(82, 38.7244)	(83, 38.7245)	(84, 38.7062)	(85, 38.6954)	(86, 38.6913)	(87, 38.7093)	(88, 38.6876)	(89, 38.7008)	(90, 38.6971)	(91, 38.6923)	(92, 38.6565)	(93, 38.6484)	(94, 38.6181)	(95, 38.6011)	(96, 38.6094)	(97, 38.582)	(98, 38.5787)	(99, 38.5418)	(100, 38.5253)	(101, 38.4949)	(102, 38.4558)	(103, 38.412)	(104, 38.4134)	(105, 38.3794)	(106, 38.3441)	(107, 38.3398)	(108, 38.3185)	(109, 38.3003)	(110, 38.2648)	(111, 38.2526)	(112, 38.2795)	(113, 38.2697)	(114, 38.2831)	(115, 38.2707)	(116, 38.2966)	(117, 38.2895)	(118, 38.2867)	(119, 38.2557)	(120, 38.299)	(121, 38.2944)	(122, 38.2759)	(123, 38.2841)	(124, 38.2997)	(125, 38.2857)	(126, 38.2413)	(127, 38.2371)	(128, 38.2442)	(129, 38.2494)	(130, 38.2372)	(131, 38.22)	(132, 38.207)	(133, 38.2142)	(134, 38.19)	(135, 38.1896)	(136, 38.1757)	(137, 38.1537)	(138, 38.1338)	(139, 38.1353)	(140, 38.0892)	(141, 38.1006)	(142, 38.0696)	(143, 38.0438)	(144, 38.0508)	(145, 38.0599)	(146, 38.0276)	(147, 38.01)	(148, 37.9869)	(149, 37.9506)	(150, 37.9611)
GW_Mock2	(1, 38.4599)	(2, 38.9175)	(3, 39.1537)	(4, 39.0634)	(5, 38.928)	(6, 38.9225)	(7, 39.0314)	(8, 39.055)	(9, 39.0067)	(10, 38.8938)	(11, 39.0325)	(12, 38.9779)	(13, 39.0216)	(14, 38.9782)	(15, 38.9847)	(16, 39.2758)	(17, 39.2995)	(18, 39.2881)	(19, 39.2953)	(20, 39.2872)	(21, 39.281)	(22, 39.2978)	(23, 39.2593)	(24, 39.2968)	(25, 39.2351)	(26, 39.0021)	(27, 39.0)	(28, 39.0022)	(29, 39.0099)	(30, 38.9903)	(31, 39.0036)	(32, 38.9854)	(33, 39.0128)	(34, 38.9622)	(35, 38.997)	(36, 38.9871)	(37, 38.9712)	(38, 38.9771)	(39, 38.985)	(40, 38.9843)	(41, 38.9464)	(42, 38.9838)	(43, 38.9975)	(44, 38.959)	(45, 38.9832)	(46, 38.9611)	(47, 38.9651)	(48, 38.9739)	(49, 38.9867)	(50, 38.9548)	(51, 38.9497)	(52, 38.9225)	(53, 38.9465)	(54, 38.938)	(55, 38.9301)	(56, 38.8969)	(57, 38.9079)	(58, 38.9092)	(59, 38.897)	(60, 38.8783)	(61, 38.8661)	(62, 38.8699)	(63, 38.8693)	(64, 38.8763)	(65, 38.8705)	(66, 38.8583)	(67, 38.844)	(68, 38.8241)	(69, 38.8189)	(70, 38.8381)	(71, 38.8216)	(72, 38.8176)	(73, 38.8082)	(74, 38.8123)	(75, 38.8152)	(76, 38.8061)	(77, 38.8054)	(78, 38.7832)	(79, 38.7868)	(80, 38.7817)	(81, 38.7765)	(82, 38.775)	(83, 38.7788)	(84, 38.7591)	(85, 38.7488)	(86, 38.7485)	(87, 38.7621)	(88, 38.7406)	(89, 38.7493)	(90, 38.7488)	(91, 38.7412)	(92, 38.7097)	(93, 38.7022)	(94, 38.6716)	(95, 38.656)	(96, 38.6666)	(97, 38.6395)	(98, 38.6367)	(99, 38.6005)	(100, 38.5848)	(101, 38.5554)	(102, 38.5232)	(103, 38.4817)	(104, 38.483)	(105, 38.4534)	(106, 38.4207)	(107, 38.4164)	(108, 38.3981)	(109, 38.3815)	(110, 38.3478)	(111, 38.3377)	(112, 38.3572)	(113, 38.3537)	(114, 38.3637)	(115, 38.3502)	(116, 38.3747)	(117, 38.3679)	(118, 38.3648)	(119, 38.3368)	(120, 38.3732)	(121, 38.3646)	(122, 38.3505)	(123, 38.3559)	(124, 38.3694)	(125, 38.3552)	(126, 38.3177)	(127, 38.3078)	(128, 38.3131)	(129, 38.3168)	(130, 38.3072)	(131, 38.2897)	(132, 38.2789)	(133, 38.2814)	(134, 38.2626)	(135, 38.2607)	(136, 38.2473)	(137, 38.2245)	(138, 38.2027)	(139, 38.2058)	(140, 38.1623)	(141, 38.176)	(142, 38.1414)	(143, 38.1171)	(144, 38.1248)	(145, 38.1308)	(146, 38.1012)	(147, 38.083)	(148, 38.0631)	(149, 38.0291)	(150, 38.0358)
GW_Mock3	(1, 38.4294)	(2, 38.8745)	(3, 39.1087)	(4, 38.9981)	(5, 38.8456)	(6, 38.8353)	(7, 38.9495)	(8, 38.9711)	(9, 38.9148)	(10, 38.7883)	(11, 38.9354)	(12, 38.8749)	(13, 38.9295)	(14, 38.881)	(15, 38.8874)	(16, 39.2166)	(17, 39.2446)	(18, 39.2327)	(19, 39.2388)	(20, 39.2301)	(21, 39.2224)	(22, 39.2408)	(23, 39.2039)	(24, 39.2434)	(25, 39.1717)	(26, 38.9153)	(27, 38.9128)	(28, 38.916)	(29, 38.9214)	(30, 38.8985)	(31, 38.9169)	(32, 38.9006)	(33, 38.9305)	(34, 38.8754)	(35, 38.913)	(36, 38.9003)	(37, 38.885)	(38, 38.8919)	(39, 38.9002)	(40, 38.9021)	(41, 38.8622)	(42, 38.9007)	(43, 38.9168)	(44, 38.875)	(45, 38.9007)	(46, 38.8807)	(47, 38.8841)	(48, 38.8933)	(49, 38.9068)	(50, 38.8746)	(51, 38.8699)	(52, 38.8378)	(53, 38.8681)	(54, 38.8546)	(55, 38.8458)	(56, 38.8099)	(57, 38.8223)	(58, 38.826)	(59, 38.8092)	(60, 38.7906)	(61, 38.7749)	(62, 38.7775)	(63, 38.7829)	(64, 38.7892)	(65, 38.7872)	(66, 38.7707)	(67, 38.7589)	(68, 38.7311)	(69, 38.7265)	(70, 38.7508)	(71, 38.736)	(72, 38.7313)	(73, 38.7197)	(74, 38.7246)	(75, 38.7278)	(76, 38.7187)	(77, 38.7229)	(78, 38.6974)	(79, 38.6987)	(80, 38.6977)	(81, 38.6878)	(82, 38.6916)	(83, 38.6923)	(84, 38.6727)	(85, 38.6618)	(86, 38.661)	(87, 38.6754)	(88, 38.6534)	(89, 38.6629)	(90, 38.6628)	(91, 38.6542)	(92, 38.6239)	(93, 38.6109)	(94, 38.5821)	(95, 38.5668)	(96, 38.5761)	(97, 38.5483)	(98, 38.5402)	(99, 38.5079)	(100, 38.4878)	(101, 38.458)	(102, 38.4189)	(103, 38.3766)	(104, 38.3739)	(105, 38.3422)	(106, 38.3057)	(107, 38.3019)	(108, 38.2793)	(109, 38.2641)	(110, 38.225)	(111, 38.2147)	(112, 38.2357)	(113, 38.2295)	(114, 38.2453)	(115, 38.228)	(116, 38.2555)	(117, 38.2518)	(118, 38.2468)	(119, 38.2166)	(120, 38.2565)	(121, 38.2432)	(122, 38.2319)	(123, 38.2383)	(124, 38.2539)	(125, 38.244)	(126, 38.1971)	(127, 38.186)	(128, 38.1965)	(129, 38.202)	(130, 38.1866)	(131, 38.1716)	(132, 38.1583)	(133, 38.1614)	(134, 38.1428)	(135, 38.1382)	(136, 38.124)	(137, 38.0991)	(138, 38.0792)	(139, 38.0818)	(140, 38.0346)	(141, 38.046)	(142, 38.0139)	(143, 37.9802)	(144, 37.9941)	(145, 38.0035)	(146, 37.9649)	(147, 37.9466)	(148, 37.925)	(149, 37.8883)	(150, 37.897)
GW_P1	(1, 38.5215)	(2, 38.9614)	(3, 39.1904)	(4, 39.0896)	(5, 38.9631)	(6, 38.9322)	(7, 39.0403)	(8, 39.0558)	(9, 39.0079)	(10, 38.8948)	(11, 39.0212)	(12, 38.9665)	(13, 39.0203)	(14, 38.9698)	(15, 38.9746)	(16, 39.2936)	(17, 39.3086)	(18, 39.3018)	(19, 39.3098)	(20, 39.3011)	(21, 39.2957)	(22, 39.313)	(23, 39.2792)	(24, 39.313)	(25, 39.2389)	(26, 39.0303)	(27, 39.0239)	(28, 39.018)	(29, 39.0336)	(30, 39.0089)	(31, 39.0168)	(32, 39.012)	(33, 39.0226)	(34, 38.9833)	(35, 39.0173)	(36, 39.0146)	(37, 38.9969)	(38, 39.0039)	(39, 39.0119)	(40, 39.0093)	(41, 38.972)	(42, 39.0097)	(43, 39.0193)	(44, 38.9801)	(45, 39.0077)	(46, 38.9792)	(47, 38.9923)	(48, 38.9987)	(49, 39.0075)	(50, 38.9805)	(51, 38.971)	(52, 38.9392)	(53, 38.9718)	(54, 38.9561)	(55, 38.9446)	(56, 38.9209)	(57, 38.9292)	(58, 38.9315)	(59, 38.9062)	(60, 38.897)	(61, 38.8861)	(62, 38.8873)	(63, 38.8945)	(64, 38.8964)	(65, 38.8871)	(66, 38.8726)	(67, 38.8629)	(68, 38.8388)	(69, 38.8346)	(70, 38.852)	(71, 38.8434)	(72, 38.8383)	(73, 38.8296)	(74, 38.8374)	(75, 38.8384)	(76, 38.8321)	(77, 38.8307)	(78, 38.8039)	(79, 38.8025)	(80, 38.802)	(81, 38.7936)	(82, 38.794)	(83, 38.7915)	(84, 38.7713)	(85, 38.7646)	(86, 38.7651)	(87, 38.7772)	(88, 38.7589)	(89, 38.7626)	(90, 38.7581)	(91, 38.7587)	(92, 38.7266)	(93, 38.7179)	(94, 38.6864)	(95, 38.67)	(96, 38.6814)	(97, 38.6565)	(98, 38.6438)	(99, 38.6099)	(100, 38.5998)	(101, 38.5696)	(102, 38.5315)	(103, 38.493)	(104, 38.4919)	(105, 38.4623)	(106, 38.4294)	(107, 38.4299)	(108, 38.4131)	(109, 38.3921)	(110, 38.3601)	(111, 38.347)	(112, 38.3699)	(113, 38.3639)	(114, 38.3698)	(115, 38.3592)	(116, 38.3823)	(117, 38.3794)	(118, 38.3759)	(119, 38.3459)	(120, 38.3807)	(121, 38.3653)	(122, 38.344)	(123, 38.3612)	(124, 38.3723)	(125, 38.3573)	(126, 38.3168)	(127, 38.3034)	(128, 38.3024)	(129, 38.31)	(130, 38.3)	(131, 38.2846)	(132, 38.2706)	(133, 38.273)	(134, 38.2581)	(135, 38.2359)	(136, 38.2242)	(137, 38.2089)	(138, 38.1827)	(139, 38.1864)	(140, 38.1486)	(141, 38.1585)	(142, 38.1275)	(143, 38.0951)	(144, 38.1068)	(145, 38.1177)	(146, 38.0793)	(147, 38.0677)	(148, 38.0431)	(149, 38.0092)	(150, 38.0156)
GW_P2	(1, 38.5229)	(2, 38.9508)	(3, 39.1775)	(4, 39.0682)	(5, 38.9372)	(6, 38.9028)	(7, 39.0134)	(8, 39.0258)	(9, 38.9735)	(10, 38.8634)	(11, 38.9874)	(12, 38.9346)	(13, 38.9885)	(14, 38.936)	(15, 38.9436)	(16, 39.2695)	(17, 39.2856)	(18, 39.2808)	(19, 39.2872)	(20, 39.28)	(21, 39.2733)	(22, 39.2909)	(23, 39.2563)	(24, 39.2907)	(25, 39.2189)	(26, 39.0071)	(27, 38.9997)	(28, 38.9944)	(29, 39.0088)	(30, 38.9845)	(31, 38.9923)	(32, 38.9877)	(33, 38.997)	(34, 38.961)	(35, 38.991)	(36, 38.9918)	(37, 38.9758)	(38, 38.9812)	(39, 38.9859)	(40, 38.9844)	(41, 38.9487)	(42, 38.9844)	(43, 38.9959)	(44, 38.9548)	(45, 38.9798)	(46, 38.9513)	(47, 38.9685)	(48, 38.9763)	(49, 38.9857)	(50, 38.9566)	(51, 38.9493)	(52, 38.9186)	(53, 38.948)	(54, 38.9298)	(55, 38.9181)	(56, 38.8973)	(57, 38.9043)	(58, 38.9061)	(59, 38.8827)	(60, 38.8718)	(61, 38.8646)	(62, 38.8627)	(63, 38.8675)	(64, 38.8712)	(65, 38.8627)	(66, 38.8477)	(67, 38.8352)	(68, 38.8173)	(69, 38.811)	(70, 38.8304)	(71, 38.8198)	(72, 38.8174)	(73, 38.8079)	(74, 38.8123)	(75, 38.8177)	(76, 38.8105)	(77, 38.8127)	(78, 38.7844)	(79, 38.7832)	(80, 38.784)	(81, 38.7742)	(82, 38.7722)	(83, 38.7755)	(84, 38.7514)	(85, 38.7445)	(86, 38.7454)	(87, 38.759)	(88, 38.7389)	(89, 38.745)	(90, 38.742)	(91, 38.7426)	(92, 38.7091)	(93, 38.7013)	(94, 38.6699)	(95, 38.6534)	(96, 38.6655)	(97, 38.6389)	(98, 38.6304)	(99, 38.5929)	(100, 38.5843)	(101, 38.5571)	(102, 38.5172)	(103, 38.4776)	(104, 38.4788)	(105, 38.4481)	(106, 38.414)	(107, 38.4141)	(108, 38.3954)	(109, 38.3777)	(110, 38.3476)	(111, 38.3321)	(112, 38.3549)	(113, 38.3503)	(114, 38.3566)	(115, 38.3465)	(116, 38.3678)	(117, 38.3656)	(118, 38.3622)	(119, 38.3368)	(120, 38.3724)	(121, 38.3546)	(122, 38.3359)	(123, 38.3496)	(124, 38.3652)	(125, 38.3495)	(126, 38.3082)	(127, 38.2982)	(128, 38.3088)	(129, 38.3096)	(130, 38.2987)	(131, 38.2827)	(132, 38.2677)	(133, 38.2687)	(134, 38.2512)	(135, 38.2393)	(136, 38.2268)	(137, 38.208)	(138, 38.1829)	(139, 38.1927)	(140, 38.1526)	(141, 38.1595)	(142, 38.1322)	(143, 38.1001)	(144, 38.1103)	(145, 38.1211)	(146, 38.0842)	(147, 38.0707)	(148, 38.0472)	(149, 38.0164)	(150, 38.0216)
GW_P3	(1, 38.4051)	(2, 38.889)	(3, 39.1303)	(4, 39.0296)	(5, 38.8771)	(6, 38.8581)	(7, 38.9764)	(8, 38.9925)	(9, 38.9459)	(10, 38.8164)	(11, 38.9645)	(12, 38.9001)	(13, 38.9523)	(14, 38.9015)	(15, 38.9077)	(16, 39.2412)	(17, 39.2665)	(18, 39.2532)	(19, 39.261)	(20, 39.2545)	(21, 39.2428)	(22, 39.2631)	(23, 39.2279)	(24, 39.2643)	(25, 39.195)	(26, 38.9564)	(27, 38.9531)	(28, 38.957)	(29, 38.9639)	(30, 38.939)	(31, 38.9599)	(32, 38.9426)	(33, 38.9735)	(34, 38.9151)	(35, 38.9536)	(36, 38.9455)	(37, 38.9282)	(38, 38.9345)	(39, 38.9454)	(40, 38.9426)	(41, 38.905)	(42, 38.9448)	(43, 38.962)	(44, 38.9144)	(45, 38.9435)	(46, 38.9229)	(47, 38.9277)	(48, 38.936)	(49, 38.9468)	(50, 38.9143)	(51, 38.9086)	(52, 38.8801)	(53, 38.9097)	(54, 38.898)	(55, 38.8897)	(56, 38.8522)	(57, 38.8629)	(58, 38.8679)	(59, 38.8548)	(60, 38.8332)	(61, 38.8215)	(62, 38.8238)	(63, 38.8245)	(64, 38.8316)	(65, 38.8272)	(66, 38.8127)	(67, 38.8004)	(68, 38.7753)	(69, 38.773)	(70, 38.796)	(71, 38.7805)	(72, 38.7755)	(73, 38.7665)	(74, 38.7736)	(75, 38.7781)	(76, 38.7692)	(77, 38.7726)	(78, 38.7458)	(79, 38.7439)	(80, 38.7466)	(81, 38.7378)	(82, 38.7371)	(83, 38.7387)	(84, 38.7163)	(85, 38.711)	(86, 38.7108)	(87, 38.7281)	(88, 38.7063)	(89, 38.7126)	(90, 38.712)	(91, 38.7066)	(92, 38.6765)	(93, 38.6666)	(94, 38.6344)	(95, 38.6171)	(96, 38.6307)	(97, 38.6033)	(98, 38.5943)	(99, 38.5588)	(100, 38.54)	(101, 38.5127)	(102, 38.4725)	(103, 38.4271)	(104, 38.4257)	(105, 38.3948)	(106, 38.3641)	(107, 38.3616)	(108, 38.3404)	(109, 38.3237)	(110, 38.286)	(111, 38.2746)	(112, 38.2987)	(113, 38.2925)	(114, 38.3083)	(115, 38.2915)	(116, 38.3187)	(117, 38.3147)	(118, 38.3134)	(119, 38.2828)	(120, 38.321)	(121, 38.3117)	(122, 38.2964)	(123, 38.3019)	(124, 38.3218)	(125, 38.3073)	(126, 38.2597)	(127, 38.2483)	(128, 38.2614)	(129, 38.2629)	(130, 38.2505)	(131, 38.235)	(132, 38.2185)	(133, 38.2221)	(134, 38.2056)	(135, 38.1969)	(136, 38.1818)	(137, 38.1609)	(138, 38.1416)	(139, 38.1419)	(140, 38.0981)	(141, 38.1078)	(142, 38.0733)	(143, 38.0443)	(144, 38.0567)	(145, 38.0675)	(146, 38.0296)	(147, 38.0127)	(148, 37.9942)	(149, 37.9566)	(150, 37.9648)
SFZ_Mock1	(1, 38.4429)	(2, 38.9093)	(3, 39.1493)	(4, 39.0481)	(5, 38.9019)	(6, 38.8961)	(7, 39.0092)	(8, 39.0306)	(9, 38.9783)	(10, 38.8528)	(11, 38.9964)	(12, 38.94)	(13, 38.9936)	(14, 38.9441)	(15, 38.9506)	(16, 39.264)	(17, 39.2889)	(18, 39.2799)	(19, 39.2855)	(20, 39.2785)	(21, 39.2704)	(22, 39.2866)	(23, 39.2535)	(24, 39.2908)	(25, 39.2235)	(26, 38.9942)	(27, 38.9921)	(28, 38.9937)	(29, 38.9983)	(30, 38.9752)	(31, 38.9945)	(32, 38.977)	(33, 39.0059)	(34, 38.9567)	(35, 38.9885)	(36, 38.9798)	(37, 38.9652)	(38, 38.9731)	(39, 38.981)	(40, 38.9792)	(41, 38.9408)	(42, 38.9807)	(43, 38.9972)	(44, 38.9551)	(45, 38.9811)	(46, 38.9622)	(47, 38.9647)	(48, 38.9764)	(49, 38.988)	(50, 38.9569)	(51, 38.9505)	(52, 38.9182)	(53, 38.9471)	(54, 38.9356)	(55, 38.929)	(56, 38.8966)	(57, 38.9083)	(58, 38.9121)	(59, 38.8983)	(60, 38.8795)	(61, 38.8655)	(62, 38.869)	(63, 38.8674)	(64, 38.8768)	(65, 38.8737)	(66, 38.8582)	(67, 38.8482)	(68, 38.8252)	(69, 38.821)	(70, 38.8427)	(71, 38.8288)	(72, 38.8243)	(73, 38.8131)	(74, 38.8189)	(75, 38.8216)	(76, 38.8116)	(77, 38.8195)	(78, 38.7929)	(79, 38.7942)	(80, 38.7938)	(81, 38.7867)	(82, 38.7864)	(83, 38.7868)	(84, 38.7666)	(85, 38.7555)	(86, 38.7531)	(87, 38.7696)	(88, 38.7511)	(89, 38.7617)	(90, 38.7584)	(91, 38.7541)	(92, 38.7247)	(93, 38.7138)	(94, 38.683)	(95, 38.6701)	(96, 38.6793)	(97, 38.6503)	(98, 38.6482)	(99, 38.6147)	(100, 38.5978)	(101, 38.5726)	(102, 38.5329)	(103, 38.4941)	(104, 38.4893)	(105, 38.4607)	(106, 38.4265)	(107, 38.4212)	(108, 38.4039)	(109, 38.3898)	(110, 38.3518)	(111, 38.3436)	(112, 38.3657)	(113, 38.3591)	(114, 38.3738)	(115, 38.3575)	(116, 38.3846)	(117, 38.38)	(118, 38.3742)	(119, 38.3422)	(120, 38.385)	(121, 38.3733)	(122, 38.3602)	(123, 38.3682)	(124, 38.3804)	(125, 38.3708)	(126, 38.3231)	(127, 38.3134)	(128, 38.322)	(129, 38.3319)	(130, 38.3159)	(131, 38.3013)	(132, 38.2889)	(133, 38.2942)	(134, 38.2731)	(135, 38.2703)	(136, 38.2601)	(137, 38.2371)	(138, 38.2153)	(139, 38.2178)	(140, 38.1769)	(141, 38.1851)	(142, 38.1503)	(143, 38.1255)	(144, 38.1335)	(145, 38.1417)	(146, 38.1086)	(147, 38.0926)	(148, 38.0754)	(149, 38.0374)	(150, 38.0476)
SFZ_Mock2	(1, 38.4749)	(2, 38.9299)	(3, 39.1678)	(4, 39.0867)	(5, 38.9576)	(6, 38.9541)	(7, 39.0603)	(8, 39.086)	(9, 39.0412)	(10, 38.9257)	(11, 39.0641)	(12, 39.0147)	(13, 39.0579)	(14, 39.0178)	(15, 39.0213)	(16, 39.2972)	(17, 39.3187)	(18, 39.31)	(19, 39.3161)	(20, 39.31)	(21, 39.3067)	(22, 39.3194)	(23, 39.284)	(24, 39.323)	(25, 39.261)	(26, 39.0367)	(27, 39.0361)	(28, 39.0349)	(29, 39.0419)	(30, 39.0211)	(31, 39.0386)	(32, 39.0181)	(33, 39.0453)	(34, 38.9986)	(35, 39.0272)	(36, 39.0212)	(37, 39.0069)	(38, 39.0138)	(39, 39.0197)	(40, 39.0166)	(41, 38.9845)	(42, 39.0166)	(43, 39.0338)	(44, 38.9938)	(45, 39.0161)	(46, 38.996)	(47, 38.9974)	(48, 39.0094)	(49, 39.0202)	(50, 38.9899)	(51, 38.9851)	(52, 38.9588)	(53, 38.98)	(54, 38.971)	(55, 38.9645)	(56, 38.9356)	(57, 38.9444)	(58, 38.9483)	(59, 38.9371)	(60, 38.9204)	(61, 38.9066)	(62, 38.9069)	(63, 38.9022)	(64, 38.9128)	(65, 38.9104)	(66, 38.8949)	(67, 38.8813)	(68, 38.8656)	(69, 38.8589)	(70, 38.8775)	(71, 38.861)	(72, 38.8571)	(73, 38.8485)	(74, 38.8544)	(75, 38.8575)	(76, 38.8456)	(77, 38.8511)	(78, 38.8284)	(79, 38.8274)	(80, 38.8258)	(81, 38.8206)	(82, 38.8163)	(83, 38.8192)	(84, 38.8027)	(85, 38.7906)	(86, 38.7878)	(87, 38.8019)	(88, 38.785)	(89, 38.7939)	(90, 38.7925)	(91, 38.7863)	(92, 38.7573)	(93, 38.7478)	(94, 38.7195)	(95, 38.7087)	(96, 38.7165)	(97, 38.69)	(98, 38.6867)	(99, 38.6565)	(100, 38.6403)	(101, 38.6162)	(102, 38.5792)	(103, 38.541)	(104, 38.5389)	(105, 38.5125)	(106, 38.4828)	(107, 38.4764)	(108, 38.4586)	(109, 38.445)	(110, 38.4134)	(111, 38.4042)	(112, 38.4206)	(113, 38.4157)	(114, 38.4281)	(115, 38.412)	(116, 38.4352)	(117, 38.4312)	(118, 38.4239)	(119, 38.3996)	(120, 38.4345)	(121, 38.4243)	(122, 38.4089)	(123, 38.4188)	(124, 38.4273)	(125, 38.4185)	(126, 38.375)	(127, 38.3658)	(128, 38.3746)	(129, 38.3796)	(130, 38.3658)	(131, 38.3506)	(132, 38.3412)	(133, 38.3445)	(134, 38.3243)	(135, 38.3225)	(136, 38.3101)	(137, 38.289)	(138, 38.2664)	(139, 38.2721)	(140, 38.2306)	(141, 38.2365)	(142, 38.2085)	(143, 38.1862)	(144, 38.191)	(145, 38.1993)	(146, 38.1687)	(147, 38.1519)	(148, 38.1309)	(149, 38.0988)	(150, 38.1047)
SFZ_Mock3	(1, 38.4639)	(2, 38.9237)	(3, 39.1537)	(4, 39.0892)	(5, 38.97)	(6, 38.9684)	(7, 39.0712)	(8, 39.1012)	(9, 39.0636)	(10, 38.9517)	(11, 39.0851)	(12, 39.0442)	(13, 39.0789)	(14, 39.0449)	(15, 39.0539)	(16, 39.3106)	(17, 39.3311)	(18, 39.3239)	(19, 39.3301)	(20, 39.3231)	(21, 39.3194)	(22, 39.3347)	(23, 39.2995)	(24, 39.3361)	(25, 39.2834)	(26, 39.0606)	(27, 39.0607)	(28, 39.0625)	(29, 39.0638)	(30, 39.0442)	(31, 39.0653)	(32, 39.0448)	(33, 39.0686)	(34, 39.0257)	(35, 39.0527)	(36, 39.0513)	(37, 39.0407)	(38, 39.0458)	(39, 39.0493)	(40, 39.0502)	(41, 39.0195)	(42, 39.0499)	(43, 39.0628)	(44, 39.0252)	(45, 39.0476)	(46, 39.0331)	(47, 39.031)	(48, 39.0435)	(49, 39.0529)	(50, 39.0274)	(51, 39.0226)	(52, 38.997)	(53, 39.0195)	(54, 39.0085)	(55, 39.0056)	(56, 38.979)	(57, 38.9864)	(58, 38.9921)	(59, 38.9786)	(60, 38.9636)	(61, 38.9547)	(62, 38.9525)	(63, 38.9504)	(64, 38.9602)	(65, 38.9538)	(66, 38.9424)	(67, 38.9285)	(68, 38.9155)	(69, 38.913)	(70, 38.9282)	(71, 38.9146)	(72, 38.9068)	(73, 38.9022)	(74, 38.909)	(75, 38.9089)	(76, 38.9007)	(77, 38.9016)	(78, 38.8805)	(79, 38.8827)	(80, 38.8829)	(81, 38.8761)	(82, 38.871)	(83, 38.8733)	(84, 38.8548)	(85, 38.8448)	(86, 38.842)	(87, 38.8561)	(88, 38.8392)	(89, 38.8463)	(90, 38.8454)	(91, 38.8413)	(92, 38.8141)	(93, 38.8076)	(94, 38.7804)	(95, 38.7698)	(96, 38.775)	(97, 38.7556)	(98, 38.7511)	(99, 38.7219)	(100, 38.709)	(101, 38.6851)	(102, 38.6549)	(103, 38.6212)	(104, 38.6173)	(105, 38.5955)	(106, 38.5675)	(107, 38.5602)	(108, 38.5466)	(109, 38.5319)	(110, 38.506)	(111, 38.4954)	(112, 38.5105)	(113, 38.5064)	(114, 38.5208)	(115, 38.5039)	(116, 38.527)	(117, 38.5204)	(118, 38.5171)	(119, 38.4879)	(120, 38.5236)	(121, 38.5116)	(122, 38.5003)	(123, 38.5021)	(124, 38.5131)	(125, 38.502)	(126, 38.4672)	(127, 38.4561)	(128, 38.4617)	(129, 38.468)	(130, 38.454)	(131, 38.4417)	(132, 38.4342)	(133, 38.4352)	(134, 38.4153)	(135, 38.4132)	(136, 38.4002)	(137, 38.3859)	(138, 38.3645)	(139, 38.3678)	(140, 38.3319)	(141, 38.3378)	(142, 38.3053)	(143, 38.289)	(144, 38.2923)	(145, 38.297)	(146, 38.2695)	(147, 38.2541)	(148, 38.2363)	(149, 38.2039)	(150, 38.2088)
SFZ_P1	(1, 38.4765)	(2, 38.9248)	(3, 39.1573)	(4, 39.0791)	(5, 38.95)	(6, 38.9405)	(7, 39.0532)	(8, 39.0793)	(9, 39.0362)	(10, 38.9181)	(11, 39.059)	(12, 39.0117)	(13, 39.0504)	(14, 39.0108)	(15, 39.0179)	(16, 39.2934)	(17, 39.3146)	(18, 39.3072)	(19, 39.3125)	(20, 39.3056)	(21, 39.3005)	(22, 39.3145)	(23, 39.281)	(24, 39.3182)	(25, 39.2593)	(26, 39.0286)	(27, 39.0302)	(28, 39.0285)	(29, 39.0328)	(30, 39.0151)	(31, 39.0309)	(32, 39.0145)	(33, 39.0387)	(34, 38.9956)	(35, 39.0273)	(36, 39.0164)	(37, 39.003)	(38, 39.0117)	(39, 39.0175)	(40, 39.0158)	(41, 38.9843)	(42, 39.0158)	(43, 39.029)	(44, 38.9938)	(45, 39.0152)	(46, 39.0034)	(47, 38.9991)	(48, 39.0082)	(49, 39.0179)	(50, 38.9901)	(51, 38.9887)	(52, 38.9632)	(53, 38.9843)	(54, 38.973)	(55, 38.9656)	(56, 38.9384)	(57, 38.9438)	(58, 38.9481)	(59, 38.9362)	(60, 38.9158)	(61, 38.9083)	(62, 38.9081)	(63, 38.909)	(64, 38.9151)	(65, 38.9118)	(66, 38.8964)	(67, 38.8844)	(68, 38.8657)	(69, 38.8623)	(70, 38.8823)	(71, 38.8669)	(72, 38.8557)	(73, 38.8528)	(74, 38.855)	(75, 38.8541)	(76, 38.8488)	(77, 38.8539)	(78, 38.8313)	(79, 38.8318)	(80, 38.8308)	(81, 38.8241)	(82, 38.8181)	(83, 38.8172)	(84, 38.8032)	(85, 38.7896)	(86, 38.7889)	(87, 38.804)	(88, 38.7872)	(89, 38.7957)	(90, 38.7906)	(91, 38.7844)	(92, 38.7603)	(93, 38.75)	(94, 38.7237)	(95, 38.7104)	(96, 38.7178)	(97, 38.6937)	(98, 38.6917)	(99, 38.6655)	(100, 38.6457)	(101, 38.6233)	(102, 38.5903)	(103, 38.5568)	(104, 38.5486)	(105, 38.5235)	(106, 38.496)	(107, 38.489)	(108, 38.4713)	(109, 38.4603)	(110, 38.429)	(111, 38.4194)	(112, 38.4365)	(113, 38.4295)	(114, 38.4414)	(115, 38.425)	(116, 38.4507)	(117, 38.4397)	(118, 38.4369)	(119, 38.4106)	(120, 38.4459)	(121, 38.4323)	(122, 38.4209)	(123, 38.4247)	(124, 38.4377)	(125, 38.4263)	(126, 38.3879)	(127, 38.378)	(128, 38.3853)	(129, 38.3914)	(130, 38.3791)	(131, 38.3624)	(132, 38.3597)	(133, 38.363)	(134, 38.3387)	(135, 38.3369)	(136, 38.3239)	(137, 38.3087)	(138, 38.2853)	(139, 38.2876)	(140, 38.2522)	(141, 38.2555)	(142, 38.2232)	(143, 38.2088)	(144, 38.2106)	(145, 38.2143)	(146, 38.1884)	(147, 38.1718)	(148, 38.1552)	(149, 38.1243)	(150, 38.125)
SFZ_P2	(1, 38.4527)	(2, 38.9139)	(3, 39.1489)	(4, 39.0675)	(5, 38.9381)	(6, 38.9329)	(7, 39.045)	(8, 39.072)	(9, 39.0264)	(10, 38.9084)	(11, 39.0502)	(12, 39.0029)	(13, 39.0438)	(14, 39.0031)	(15, 39.0102)	(16, 39.2894)	(17, 39.3106)	(18, 39.3032)	(19, 39.3078)	(20, 39.3021)	(21, 39.2955)	(22, 39.3111)	(23, 39.277)	(24, 39.3151)	(25, 39.2537)	(26, 39.0232)	(27, 39.024)	(28, 39.0246)	(29, 39.0299)	(30, 39.0087)	(31, 39.0269)	(32, 39.0082)	(33, 39.0338)	(34, 38.99)	(35, 39.0214)	(36, 39.0131)	(37, 38.9992)	(38, 39.0051)	(39, 39.0104)	(40, 39.0099)	(41, 38.9791)	(42, 39.0106)	(43, 39.0235)	(44, 38.9897)	(45, 39.0106)	(46, 38.9957)	(47, 38.991)	(48, 38.9998)	(49, 39.0123)	(50, 38.982)	(51, 38.9789)	(52, 38.9545)	(53, 38.9748)	(54, 38.9656)	(55, 38.9576)	(56, 38.9298)	(57, 38.9335)	(58, 38.9391)	(59, 38.9252)	(60, 38.9074)	(61, 38.8985)	(62, 38.9014)	(63, 38.8983)	(64, 38.9058)	(65, 38.9007)	(66, 38.8891)	(67, 38.8727)	(68, 38.8556)	(69, 38.8523)	(70, 38.8716)	(71, 38.8541)	(72, 38.8458)	(73, 38.8427)	(74, 38.8475)	(75, 38.8448)	(76, 38.8386)	(77, 38.8436)	(78, 38.8204)	(79, 38.8197)	(80, 38.8171)	(81, 38.8128)	(82, 38.8094)	(83, 38.8097)	(84, 38.7919)	(85, 38.7833)	(86, 38.7799)	(87, 38.795)	(88, 38.7781)	(89, 38.7834)	(90, 38.78)	(91, 38.7735)	(92, 38.7483)	(93, 38.7389)	(94, 38.7103)	(95, 38.697)	(96, 38.7071)	(97, 38.6808)	(98, 38.6759)	(99, 38.6501)	(100, 38.6283)	(101, 38.6085)	(102, 38.5738)	(103, 38.5403)	(104, 38.5287)	(105, 38.5081)	(106, 38.4811)	(107, 38.4709)	(108, 38.4527)	(109, 38.4397)	(110, 38.4072)	(111, 38.3989)	(112, 38.4159)	(113, 38.4095)	(114, 38.4214)	(115, 38.4047)	(116, 38.4267)	(117, 38.4208)	(118, 38.4177)	(119, 38.3883)	(120, 38.4244)	(121, 38.4124)	(122, 38.3989)	(123, 38.408)	(124, 38.4191)	(125, 38.4068)	(126, 38.3663)	(127, 38.3562)	(128, 38.3637)	(129, 38.3701)	(130, 38.3558)	(131, 38.3404)	(132, 38.3375)	(133, 38.3381)	(134, 38.3152)	(135, 38.3133)	(136, 38.3016)	(137, 38.2842)	(138, 38.2582)	(139, 38.2623)	(140, 38.2243)	(141, 38.2306)	(142, 38.1993)	(143, 38.1785)	(144, 38.1823)	(145, 38.1866)	(146, 38.1604)	(147, 38.1425)	(148, 38.1256)	(149, 38.095)	(150, 38.0994)
SFZ_P3	(1, 38.553)	(2, 38.9621)	(3, 39.1834)	(4, 39.0743)	(5, 38.9663)	(6, 38.9351)	(7, 39.0463)	(8, 39.0616)	(9, 39.0053)	(10, 38.9034)	(11, 39.0162)	(12, 38.9738)	(13, 39.0265)	(14, 38.9769)	(15, 38.987)	(16, 39.2886)	(17, 39.298)	(18, 39.2992)	(19, 39.3045)	(20, 39.296)	(21, 39.2943)	(22, 39.3085)	(23, 39.2731)	(24, 39.3091)	(25, 39.2412)	(26, 39.0233)	(27, 39.0198)	(28, 39.0116)	(29, 39.029)	(30, 39.0033)	(31, 39.0037)	(32, 39.0071)	(33, 39.0037)	(34, 38.9833)	(35, 39.0051)	(36, 39.0113)	(37, 38.9967)	(38, 39.0024)	(39, 39.0096)	(40, 39.0056)	(41, 38.9793)	(42, 39.0063)	(43, 39.0149)	(44, 38.9866)	(45, 39.0012)	(46, 38.976)	(47, 38.9872)	(48, 38.9979)	(49, 39.008)	(50, 38.9817)	(51, 38.9744)	(52, 38.9473)	(53, 38.9675)	(54, 38.9511)	(55, 38.941)	(56, 38.9269)	(57, 38.9295)	(58, 38.933)	(59, 38.9051)	(60, 38.899)	(61, 38.8957)	(62, 38.8894)	(63, 38.8938)	(64, 38.9025)	(65, 38.8913)	(66, 38.8767)	(67, 38.8639)	(68, 38.8484)	(69, 38.84)	(70, 38.8515)	(71, 38.8445)	(72, 38.8384)	(73, 38.8297)	(74, 38.8375)	(75, 38.8361)	(76, 38.8305)	(77, 38.8265)	(78, 38.8035)	(79, 38.8015)	(80, 38.801)	(81, 38.7981)	(82, 38.7925)	(83, 38.7975)	(84, 38.7745)	(85, 38.7672)	(86, 38.7657)	(87, 38.775)	(88, 38.759)	(89, 38.7636)	(90, 38.7556)	(91, 38.7532)	(92, 38.726)	(93, 38.7208)	(94, 38.6925)	(95, 38.678)	(96, 38.6848)	(97, 38.659)	(98, 38.6536)	(99, 38.6219)	(100, 38.6115)	(101, 38.5912)	(102, 38.5531)	(103, 38.5184)	(104, 38.5097)	(105, 38.492)	(106, 38.4561)	(107, 38.4527)	(108, 38.4358)	(109, 38.4207)	(110, 38.39)	(111, 38.3782)	(112, 38.3932)	(113, 38.3866)	(114, 38.3916)	(115, 38.3852)	(116, 38.4004)	(117, 38.3919)	(118, 38.388)	(119, 38.3637)	(120, 38.3987)	(121, 38.3682)	(122, 38.3557)	(123, 38.3737)	(124, 38.386)	(125, 38.3757)	(126, 38.3357)	(127, 38.312)	(128, 38.3299)	(129, 38.3329)	(130, 38.3247)	(131, 38.3079)	(132, 38.2995)	(133, 38.2985)	(134, 38.2801)	(135, 38.2726)	(136, 38.2597)	(137, 38.2414)	(138, 38.2161)	(139, 38.2256)	(140, 38.1952)	(141, 38.1979)	(142, 38.1687)	(143, 38.1459)	(144, 38.1477)	(145, 38.1517)	(146, 38.1194)	(147, 38.114)	(148, 38.0885)	(149, 38.0594)	(150, 38.0576)
