Sample	0	1	2	3	4	5	6	7	8	9	10	11	12	13	14	15	16	17	18	19	20	21	22	23	24
GW_Mock1_R1	(30, 2969.0)	(35, 3631.0)	(40, 7360.0)	(45, 11432.0)	(50, 14572.0)	(55, 17167.0)	(60, 20770.0)	(65, 19027.0)	(70, 22643.0)	(75, 21071.0)	(80, 23733.0)	(85, 23178.0)	(90, 24655.0)	(95, 25562.0)	(100, 27416.0)	(105, 28374.0)	(110, 30138.0)	(115, 33382.0)	(120, 35685.0)	(125, 39258.0)	(130, 40447.0)	(135, 46040.0)	(140, 62691.0)	(145, 66694.0)	(150, 20236854.0)
GW_Mock1_R2	(30, 2980.0)	(35, 3637.0)	(40, 7379.0)	(45, 11464.0)	(50, 14584.0)	(55, 17176.0)	(60, 20768.0)	(65, 19027.0)	(70, 22647.0)	(75, 21052.0)	(80, 23714.0)	(85, 23144.0)	(90, 24617.0)	(95, 25500.0)	(100, 27351.0)	(105, 28296.0)	(110, 30053.0)	(115, 33123.0)	(120, 34889.0)	(125, 38941.0)	(130, 40017.0)	(135, 45451.0)	(140, 63021.0)	(145, 80833.0)	(150, 20225085.0)
GW_Mock2_R1	(30, 2744.0)	(35, 3731.0)	(40, 8202.0)	(45, 12244.0)	(50, 16187.0)	(55, 18801.0)	(60, 22711.0)	(65, 21412.0)	(70, 24792.0)	(75, 23242.0)	(80, 25697.0)	(85, 25104.0)	(90, 26879.0)	(95, 27130.0)	(100, 29207.0)	(105, 30366.0)	(110, 32199.0)	(115, 35477.0)	(120, 38006.0)	(125, 41974.0)	(130, 43664.0)	(135, 49264.0)	(140, 66579.0)	(145, 71746.0)	(150, 21166591.0)
GW_Mock2_R2	(30, 2776.0)	(35, 3751.0)	(40, 8213.0)	(45, 12281.0)	(50, 16211.0)	(55, 18808.0)	(60, 22719.0)	(65, 21414.0)	(70, 24787.0)	(75, 23207.0)	(80, 25673.0)	(85, 25066.0)	(90, 26854.0)	(95, 27067.0)	(100, 29144.0)	(105, 30280.0)	(110, 32100.0)	(115, 35374.0)	(120, 37440.0)	(125, 41706.0)	(130, 43327.0)	(135, 48840.0)	(140, 66844.0)	(145, 86096.0)	(150, 21153971.0)
GW_Mock3_R1	(30, 2699.0)	(35, 3497.0)	(40, 7848.0)	(45, 12433.0)	(50, 16366.0)	(55, 19647.0)	(60, 24492.0)	(65, 23270.0)	(70, 27947.0)	(75, 26922.0)	(80, 30638.0)	(85, 30572.0)	(90, 34165.0)	(95, 35480.0)	(100, 39156.0)	(105, 41918.0)	(110, 45656.0)	(115, 53439.0)	(120, 59014.0)	(125, 66707.0)	(130, 70409.0)	(135, 82081.0)	(140, 104353.0)	(145, 117100.0)	(150, 21499344.0)
GW_Mock3_R2	(30, 2703.0)	(35, 3520.0)	(40, 7884.0)	(45, 12455.0)	(50, 16385.0)	(55, 19647.0)	(60, 24485.0)	(65, 23258.0)	(70, 27922.0)	(75, 26879.0)	(80, 30593.0)	(85, 30505.0)	(90, 34103.0)	(95, 35384.0)	(100, 39048.0)	(105, 41779.0)	(110, 45503.0)	(115, 53244.0)	(120, 58363.0)	(125, 66305.0)	(130, 69996.0)	(135, 81519.0)	(140, 104932.0)	(145, 131533.0)	(150, 21487208.0)
GW_P1_R1	(30, 2536.0)	(35, 2985.0)	(40, 5672.0)	(45, 8393.0)	(50, 9461.0)	(55, 11305.0)	(60, 12787.0)	(65, 12204.0)	(70, 14398.0)	(75, 13636.0)	(80, 15269.0)	(85, 16004.0)	(90, 17258.0)	(95, 17442.0)	(100, 19255.0)	(105, 21652.0)	(110, 24342.0)	(115, 27432.0)	(120, 30982.0)	(125, 36571.0)	(130, 39361.0)	(135, 47351.0)	(140, 66020.0)	(145, 74593.0)	(150, 20680072.0)
GW_P1_R2	(30, 2538.0)	(35, 2992.0)	(40, 5670.0)	(45, 8403.0)	(50, 9473.0)	(55, 11326.0)	(60, 12775.0)	(65, 12204.0)	(70, 14385.0)	(75, 13619.0)	(80, 15246.0)	(85, 15974.0)	(90, 17239.0)	(95, 17422.0)	(100, 19197.0)	(105, 21557.0)	(110, 24260.0)	(115, 27256.0)	(120, 30633.0)	(125, 36377.0)	(130, 39106.0)	(135, 46921.0)	(140, 65675.0)	(145, 84614.0)	(150, 20672119.0)
GW_P2_R1	(30, 2638.0)	(35, 3208.0)	(40, 5724.0)	(45, 8291.0)	(50, 9751.0)	(55, 11568.0)	(60, 13373.0)	(65, 12600.0)	(70, 14916.0)	(75, 14207.0)	(80, 16158.0)	(85, 16482.0)	(90, 18151.0)	(95, 18554.0)	(100, 20877.0)	(105, 23429.0)	(110, 26350.0)	(115, 29548.0)	(120, 34258.0)	(125, 40065.0)	(130, 43118.0)	(135, 51385.0)	(140, 71671.0)	(145, 81415.0)	(150, 20639953.0)
GW_P2_R2	(30, 2635.0)	(35, 3219.0)	(40, 5742.0)	(45, 8297.0)	(50, 9759.0)	(55, 11568.0)	(60, 13378.0)	(65, 12601.0)	(70, 14911.0)	(75, 14190.0)	(80, 16158.0)	(85, 16444.0)	(90, 18111.0)	(95, 18512.0)	(100, 20814.0)	(105, 23350.0)	(110, 26261.0)	(115, 29442.0)	(120, 33253.0)	(125, 39724.0)	(130, 42556.0)	(135, 50720.0)	(140, 71578.0)	(145, 91568.0)	(150, 20632899.0)
GW_P3_R1	(30, 2409.0)	(35, 2852.0)	(40, 5251.0)	(45, 7960.0)	(50, 9999.0)	(55, 12942.0)	(60, 16214.0)	(65, 16014.0)	(70, 20175.0)	(75, 19376.0)	(80, 23526.0)	(85, 23814.0)	(90, 27205.0)	(95, 29063.0)	(100, 33170.0)	(105, 37307.0)	(110, 41959.0)	(115, 49280.0)	(120, 56575.0)	(125, 66687.0)	(130, 70575.0)	(135, 83868.0)	(140, 104694.0)	(145, 120769.0)	(150, 18372511.0)
GW_P3_R2	(30, 2414.0)	(35, 2881.0)	(40, 5274.0)	(45, 7993.0)	(50, 10026.0)	(55, 12963.0)	(60, 16236.0)	(65, 16024.0)	(70, 20184.0)	(75, 19360.0)	(80, 23477.0)	(85, 23782.0)	(90, 27152.0)	(95, 29007.0)	(100, 33091.0)	(105, 37195.0)	(110, 41859.0)	(115, 49101.0)	(120, 55746.0)	(125, 66295.0)	(130, 70072.0)	(135, 83258.0)	(140, 104332.0)	(145, 129032.0)	(150, 18367441.0)
SFZ_Mock1_R1	(30, 3281.0)	(35, 3716.0)	(40, 7476.0)	(45, 11724.0)	(50, 15595.0)	(55, 18875.0)	(60, 23459.0)	(65, 22392.0)	(70, 27294.0)	(75, 25812.0)	(80, 29848.0)	(85, 29414.0)	(90, 32617.0)	(95, 33463.0)	(100, 37511.0)	(105, 40177.0)	(110, 44032.0)	(115, 50774.0)	(120, 56553.0)	(125, 64476.0)	(130, 68096.0)	(135, 80202.0)	(140, 100683.0)	(145, 112161.0)	(150, 21336725.0)
SFZ_Mock1_R2	(30, 3286.0)	(35, 3746.0)	(40, 7513.0)	(45, 11754.0)	(50, 15612.0)	(55, 18903.0)	(60, 23463.0)	(65, 22394.0)	(70, 27285.0)	(75, 25798.0)	(80, 29797.0)	(85, 29386.0)	(90, 32563.0)	(95, 33380.0)	(100, 37412.0)	(105, 40067.0)	(110, 43892.0)	(115, 50616.0)	(120, 55921.0)	(125, 64117.0)	(130, 67689.0)	(135, 79535.0)	(140, 99947.0)	(145, 125703.0)	(150, 21326577.0)
SFZ_Mock2_R1	(30, 3474.0)	(35, 4117.0)	(40, 7661.0)	(45, 11176.0)	(50, 14262.0)	(55, 16952.0)	(60, 20626.0)	(65, 19373.0)	(70, 22623.0)	(75, 20994.0)	(80, 23142.0)	(85, 23052.0)	(90, 24506.0)	(95, 24402.0)	(100, 26744.0)	(105, 27847.0)	(110, 29693.0)	(115, 33009.0)	(120, 36819.0)	(125, 40083.0)	(130, 42080.0)	(135, 47968.0)	(140, 64715.0)	(145, 68880.0)	(150, 21718146.0)
SFZ_Mock2_R2	(30, 3492.0)	(35, 4134.0)	(40, 7683.0)	(45, 11230.0)	(50, 14283.0)	(55, 16972.0)	(60, 20643.0)	(65, 19376.0)	(70, 22617.0)	(75, 20980.0)	(80, 23119.0)	(85, 23004.0)	(90, 24466.0)	(95, 24360.0)	(100, 26687.0)	(105, 27787.0)	(110, 29609.0)	(115, 32890.0)	(120, 35167.0)	(125, 39553.0)	(130, 41198.0)	(135, 47083.0)	(140, 63959.0)	(145, 81805.0)	(150, 21710247.0)
SFZ_Mock3_R1	(30, 3148.0)	(35, 3838.0)	(40, 7381.0)	(45, 10792.0)	(50, 13105.0)	(55, 15675.0)	(60, 18404.0)	(65, 17693.0)	(70, 20900.0)	(75, 19828.0)	(80, 21890.0)	(85, 22046.0)	(90, 23687.0)	(95, 24261.0)	(100, 26923.0)	(105, 28372.0)	(110, 31092.0)	(115, 35220.0)	(120, 39060.0)	(125, 44694.0)	(130, 47746.0)	(135, 55363.0)	(140, 73925.0)	(145, 81180.0)	(150, 22099674.0)
SFZ_Mock3_R2	(30, 3152.0)	(35, 3861.0)	(40, 7414.0)	(45, 10837.0)	(50, 13124.0)	(55, 15687.0)	(60, 18418.0)	(65, 17706.0)	(70, 20912.0)	(75, 19812.0)	(80, 21896.0)	(85, 22020.0)	(90, 23663.0)	(95, 24218.0)	(100, 26861.0)	(105, 28286.0)	(110, 31025.0)	(115, 35046.0)	(120, 38579.0)	(125, 44405.0)	(130, 47419.0)	(135, 54932.0)	(140, 73494.0)	(145, 94089.0)	(150, 22089041.0)
SFZ_P1_R1	(30, 3789.0)	(35, 4028.0)	(40, 6703.0)	(45, 10002.0)	(50, 12822.0)	(55, 15584.0)	(60, 18111.0)	(65, 16981.0)	(70, 20485.0)	(75, 19328.0)	(80, 21690.0)	(85, 22136.0)	(90, 23679.0)	(95, 23823.0)	(100, 26471.0)	(105, 28177.0)	(110, 30436.0)	(115, 33745.0)	(120, 36368.0)	(125, 41221.0)	(130, 43541.0)	(135, 50357.0)	(140, 69067.0)	(145, 74241.0)	(150, 21521221.0)
SFZ_P1_R2	(30, 3801.0)	(35, 4040.0)	(40, 6742.0)	(45, 10028.0)	(50, 12837.0)	(55, 15596.0)	(60, 18118.0)	(65, 16986.0)	(70, 20478.0)	(75, 19322.0)	(80, 21674.0)	(85, 22116.0)	(90, 23634.0)	(95, 23784.0)	(100, 26400.0)	(105, 28110.0)	(110, 30360.0)	(115, 33610.0)	(120, 35775.0)	(125, 40968.0)	(130, 43197.0)	(135, 49902.0)	(140, 68790.0)	(145, 88803.0)	(150, 21508935.0)
SFZ_P2_R1	(30, 4230.0)	(35, 4556.0)	(40, 7408.0)	(45, 11612.0)	(50, 15887.0)	(55, 19751.0)	(60, 23853.0)	(65, 22152.0)	(70, 27764.0)	(75, 25777.0)	(80, 29955.0)	(85, 30060.0)	(90, 32580.0)	(95, 32933.0)	(100, 36756.0)	(105, 39267.0)	(110, 42249.0)	(115, 47642.0)	(120, 52468.0)	(125, 58859.0)	(130, 62075.0)	(135, 70838.0)	(140, 92190.0)	(145, 99990.0)	(150, 21672953.0)
SFZ_P2_R2	(30, 4232.0)	(35, 4596.0)	(40, 7464.0)	(45, 11678.0)	(50, 15924.0)	(55, 19808.0)	(60, 23871.0)	(65, 22177.0)	(70, 27761.0)	(75, 25774.0)	(80, 29906.0)	(85, 30021.0)	(90, 32517.0)	(95, 32853.0)	(100, 36681.0)	(105, 39177.0)	(110, 42127.0)	(115, 47467.0)	(120, 51500.0)	(125, 58510.0)	(130, 61521.0)	(135, 70055.0)	(140, 91443.0)	(145, 115100.0)	(150, 21661642.0)
SFZ_P3_R1	(30, 3337.0)	(35, 3775.0)	(40, 6362.0)	(45, 9247.0)	(50, 11886.0)	(55, 14451.0)	(60, 16682.0)	(65, 15491.0)	(70, 19014.0)	(75, 17654.0)	(80, 20162.0)	(85, 20253.0)	(90, 21567.0)	(95, 22013.0)	(100, 24246.0)	(105, 26430.0)	(110, 28425.0)	(115, 31103.0)	(120, 34196.0)	(125, 38640.0)	(130, 41032.0)	(135, 46862.0)	(140, 65171.0)	(145, 69859.0)	(150, 21195326.0)
SFZ_P3_R2	(30, 3346.0)	(35, 3792.0)	(40, 6371.0)	(45, 9269.0)	(50, 11899.0)	(55, 14462.0)	(60, 16673.0)	(65, 15492.0)	(70, 19021.0)	(75, 17645.0)	(80, 20149.0)	(85, 20245.0)	(90, 21537.0)	(95, 21948.0)	(100, 24184.0)	(105, 26350.0)	(110, 28350.0)	(115, 30994.0)	(120, 33462.0)	(125, 38401.0)	(130, 40694.0)	(135, 46338.0)	(140, 64956.0)	(145, 83633.0)	(150, 21183973.0)
