Sample	0	1	2	3	4	5	6	7	8	9	10	11	12	13	14	15	16	17	18	19	20	21	22	23	24	25	26	27	28	29	30	31	32	33	34	35	36	37	38	39	40	41	42	43	44	45	46	47	48	49	50	51	52	53	54	55	56	57	58	59	60	61	62	63	64	65	66	67	68	69	70	71	72	73	74	75	76	77	78	79	80	81	82	83	84	85	86	87	88	89	90	91	92	93	94	95	96	97	98	99	100	101	102	103	104	105	106	107	108	109	110	111	112	113	114	115	116	117	118	119	120	121	122	123	124	125	126	127	128	129	130	131	132	133	134	135	136	137	138	139	140	141	142	143	144	145	146	147	148	149
GW_Mock1	(1, 63.8487)	(2, 43.2975)	(3, 44.600899999999996)	(4, 47.903)	(5, 43.769000000000005)	(6, 38.8793)	(7, 40.2183)	(8, 48.4043)	(9, 47.728)	(10, 37.778099999999995)	(11, 50.205299999999994)	(12, 47.4985)	(13, 41.887)	(14, 43.2635)	(15, 44.4656)	(16, 44.089)	(17, 44.5164)	(18, 44.003)	(19, 44.5126)	(20, 45.637299999999996)	(21, 44.5951)	(22, 45.211800000000004)	(23, 44.5469)	(24, 44.5077)	(25, 44.935399999999994)	(26, 45.384299999999996)	(27, 44.4424)	(28, 45.2879)	(29, 45.000299999999996)	(30, 44.3626)	(31, 44.8044)	(32, 45.6044)	(33, 44.954100000000004)	(34, 44.3708)	(35, 44.879000000000005)	(36, 44.6079)	(37, 45.2278)	(38, 45.3932)	(39, 44.952)	(40, 44.8616)	(41, 44.8137)	(42, 44.9232)	(43, 45.6432)	(44, 45.8301)	(45, 45.7677)	(46, 45.8503)	(47, 45.5981)	(48, 45.2471)	(49, 45.250299999999996)	(50, 46.217999999999996)	(51, 45.4671)	(52, 45.963300000000004)	(53, 45.4317)	(54, 45.5152)	(55, 45.6166)	(56, 45.455400000000004)	(57, 45.1445)	(58, 45.7262)	(59, 45.2892)	(60, 45.4042)	(61, 45.4458)	(62, 46.0248)	(63, 46.3019)	(64, 45.6451)	(65, 44.996399999999994)	(66, 44.8966)	(67, 46.0297)	(68, 46.378)	(69, 46.0255)	(70, 45.7087)	(71, 45.6314)	(72, 44.9346)	(73, 45.8667)	(74, 45.668)	(75, 45.109500000000004)	(76, 45.420700000000004)	(77, 45.773599999999995)	(78, 45.0925)	(79, 45.963)	(80, 45.803399999999996)	(81, 45.7767)	(82, 45.312000000000005)	(83, 45.3335)	(84, 46.0607)	(85, 46.039)	(86, 45.226)	(87, 45.252199999999995)	(88, 45.8211)	(89, 45.665800000000004)	(90, 45.9669)	(91, 45.6311)	(92, 45.749)	(93, 45.4645)	(94, 45.8792)	(95, 45.0583)	(96, 45.5482)	(97, 45.8501)	(98, 45.717200000000005)	(99, 45.3102)	(100, 45.1315)	(101, 45.9039)	(102, 45.835300000000004)	(103, 45.4296)	(104, 45.846199999999996)	(105, 45.263)	(106, 45.434400000000004)	(107, 45.7003)	(108, 46.0336)	(109, 45.7982)	(110, 45.7307)	(111, 45.6116)	(112, 45.414100000000005)	(113, 46.0418)	(114, 45.9968)	(115, 45.4394)	(116, 46.0858)	(117, 45.4733)	(118, 45.904)	(119, 46.556799999999996)	(120, 46.436)	(121, 46.1012)	(122, 46.4867)	(123, 45.8951)	(124, 46.0865)	(125, 46.1372)	(126, 46.3361)	(127, 46.325)	(128, 46.408899999999996)	(129, 45.9207)	(130, 45.6531)	(131, 45.8597)	(132, 46.1438)	(133, 45.7879)	(134, 45.5466)	(135, 45.2682)	(136, 45.494)	(137, 45.9594)	(138, 45.7417)	(139, 45.988299999999995)	(140, 46.0383)	(141, 45.2595)	(142, 45.856)	(143, 46.618500000000004)	(144, 45.3148)	(145, 45.4803)	(146, 46.5472)	(147, 45.3163)	(148, 45.3532)	(149, 45.9253)	(150, 45.6405)
GW_Mock2	(1, 63.85189999999999)	(2, 43.3068)	(3, 44.5686)	(4, 47.8037)	(5, 43.6365)	(6, 38.7747)	(7, 40.0094)	(8, 48.1898)	(9, 47.585699999999996)	(10, 37.6107)	(11, 50.050399999999996)	(12, 47.416599999999995)	(13, 41.8354)	(14, 43.1471)	(15, 44.404700000000005)	(16, 43.9867)	(17, 44.5395)	(18, 43.9981)	(19, 44.47)	(20, 45.576499999999996)	(21, 44.5196)	(22, 45.1378)	(23, 44.4588)	(24, 44.418)	(25, 44.8693)	(26, 45.3597)	(27, 44.4038)	(28, 45.262299999999996)	(29, 44.9961)	(30, 44.3354)	(31, 44.7871)	(32, 45.5336)	(33, 44.8907)	(34, 44.3459)	(35, 44.8694)	(36, 44.6029)	(37, 45.1642)	(38, 45.313199999999995)	(39, 44.8851)	(40, 44.8026)	(41, 44.7456)	(42, 44.8785)	(43, 45.5182)	(44, 45.7248)	(45, 45.6598)	(46, 45.7676)	(47, 45.4905)	(48, 45.1847)	(49, 45.183299999999996)	(50, 46.104099999999995)	(51, 45.3754)	(52, 45.8949)	(53, 45.3806)	(54, 45.4455)	(55, 45.528400000000005)	(56, 45.3328)	(57, 45.1098)	(58, 45.609300000000005)	(59, 45.1876)	(60, 45.344699999999996)	(61, 45.356)	(62, 45.9022)	(63, 46.212199999999996)	(64, 45.569199999999995)	(65, 44.8984)	(66, 44.8606)	(67, 45.9312)	(68, 46.2656)	(69, 45.9308)	(70, 45.6046)	(71, 45.5291)	(72, 44.8007)	(73, 45.7686)	(74, 45.5566)	(75, 44.99)	(76, 45.3411)	(77, 45.6472)	(78, 45.0386)	(79, 45.8653)	(80, 45.7178)	(81, 45.663599999999995)	(82, 45.2487)	(83, 45.284)	(84, 45.9555)	(85, 45.987899999999996)	(86, 45.1631)	(87, 45.1747)	(88, 45.7018)	(89, 45.5729)	(90, 45.8784)	(91, 45.616099999999996)	(92, 45.6998)	(93, 45.4099)	(94, 45.8742)	(95, 45.0192)	(96, 45.4759)	(97, 45.7817)	(98, 45.671499999999995)	(99, 45.2701)	(100, 45.0144)	(101, 45.8247)	(102, 45.750299999999996)	(103, 45.3204)	(104, 45.7411)	(105, 45.162200000000006)	(106, 45.338499999999996)	(107, 45.618900000000004)	(108, 45.9333)	(109, 45.7333)	(110, 45.6374)	(111, 45.5542)	(112, 45.3582)	(113, 45.9462)	(114, 45.9246)	(115, 45.3284)	(116, 46.0035)	(117, 45.4227)	(118, 45.8323)	(119, 46.4524)	(120, 46.3768)	(121, 46.0526)	(122, 46.4337)	(123, 45.8127)	(124, 46.0198)	(125, 46.084599999999995)	(126, 46.2519)	(127, 46.3024)	(128, 46.3696)	(129, 45.8982)	(130, 45.5882)	(131, 45.7962)	(132, 46.0848)	(133, 45.7349)	(134, 45.524300000000004)	(135, 45.236900000000006)	(136, 45.3812)	(137, 45.8878)	(138, 45.6954)	(139, 45.9499)	(140, 45.954699999999995)	(141, 45.223400000000005)	(142, 45.8145)	(143, 46.5764)	(144, 45.2835)	(145, 45.4488)	(146, 46.5338)	(147, 45.2749)	(148, 45.365899999999996)	(149, 45.8755)	(150, 45.6505)
GW_Mock3	(1, 63.7757)	(2, 43.0531)	(3, 44.1415)	(4, 47.5339)	(5, 43.438500000000005)	(6, 38.6477)	(7, 39.8646)	(8, 48.1794)	(9, 47.497499999999995)	(10, 37.4171)	(11, 49.979099999999995)	(12, 47.3389)	(13, 41.7099)	(14, 43.048700000000004)	(15, 44.2063)	(16, 43.9242)	(17, 44.3892)	(18, 43.8983)	(19, 44.3478)	(20, 45.4402)	(21, 44.3876)	(22, 44.9298)	(23, 44.3109)	(24, 44.250299999999996)	(25, 44.6524)	(26, 45.1237)	(27, 44.2743)	(28, 45.0676)	(29, 44.7795)	(30, 44.1932)	(31, 44.5605)	(32, 45.3295)	(33, 44.7126)	(34, 44.2064)	(35, 44.7172)	(36, 44.4567)	(37, 44.961)	(38, 45.0846)	(39, 44.657599999999995)	(40, 44.6039)	(41, 44.588899999999995)	(42, 44.6322)	(43, 45.318999999999996)	(44, 45.523799999999994)	(45, 45.4079)	(46, 45.5338)	(47, 45.345200000000006)	(48, 45.028400000000005)	(49, 44.9858)	(50, 45.8878)	(51, 45.1434)	(52, 45.6751)	(53, 45.2326)	(54, 45.2451)	(55, 45.2564)	(56, 45.133)	(57, 44.906600000000005)	(58, 45.4926)	(59, 45.022800000000004)	(60, 45.2055)	(61, 45.2127)	(62, 45.7832)	(63, 46.0507)	(64, 45.4355)	(65, 44.8211)	(66, 44.738)	(67, 45.738299999999995)	(68, 46.138400000000004)	(69, 45.781)	(70, 45.3966)	(71, 45.3697)	(72, 44.6573)	(73, 45.6097)	(74, 45.4063)	(75, 44.8411)	(76, 45.1725)	(77, 45.5075)	(78, 44.9311)	(79, 45.699400000000004)	(80, 45.535399999999996)	(81, 45.5311)	(82, 45.071099999999994)	(83, 45.0946)	(84, 45.763999999999996)	(85, 45.7545)	(86, 45.068200000000004)	(87, 45.0201)	(88, 45.5522)	(89, 45.4711)	(90, 45.7175)	(91, 45.4189)	(92, 45.5291)	(93, 45.1932)	(94, 45.7356)	(95, 44.842)	(96, 45.3735)	(97, 45.5992)	(98, 45.5338)	(99, 45.1414)	(100, 44.8255)	(101, 45.6498)	(102, 45.5247)	(103, 45.0842)	(104, 45.5684)	(105, 44.9836)	(106, 45.1734)	(107, 45.5)	(108, 45.7616)	(109, 45.5523)	(110, 45.4862)	(111, 45.407599999999995)	(112, 45.2235)	(113, 45.7688)	(114, 45.8048)	(115, 45.2033)	(116, 45.838499999999996)	(117, 45.2603)	(118, 45.669900000000005)	(119, 46.3447)	(120, 46.206399999999995)	(121, 45.9219)	(122, 46.2411)	(123, 45.6413)	(124, 45.8691)	(125, 45.9578)	(126, 46.0413)	(127, 46.1212)	(128, 46.2185)	(129, 45.7894)	(130, 45.4515)	(131, 45.649)	(132, 45.9961)	(133, 45.5942)	(134, 45.4099)	(135, 45.1607)	(136, 45.2752)	(137, 45.757999999999996)	(138, 45.6181)	(139, 45.8976)	(140, 45.8964)	(141, 45.206)	(142, 45.739000000000004)	(143, 46.4801)	(144, 45.2632)	(145, 45.3746)	(146, 46.5086)	(147, 45.3536)	(148, 45.3855)	(149, 45.8941)	(150, 45.678999999999995)
GW_P1	(1, 64.3918)	(2, 46.440599999999996)	(3, 46.8846)	(4, 49.7273)	(5, 44.7821)	(6, 39.1123)	(7, 39.6538)	(8, 47.3706)	(9, 46.9863)	(10, 37.9228)	(11, 49.422)	(12, 46.8554)	(13, 41.9624)	(14, 43.2866)	(15, 44.4847)	(16, 44.214999999999996)	(17, 44.6527)	(18, 44.1108)	(19, 44.4742)	(20, 45.5297)	(21, 44.471199999999996)	(22, 45.0641)	(23, 44.501000000000005)	(24, 44.3403)	(25, 44.9905)	(26, 45.3966)	(27, 44.482)	(28, 45.4502)	(29, 45.1648)	(30, 44.4714)	(31, 44.98)	(32, 45.7168)	(33, 45.1318)	(34, 44.733200000000004)	(35, 45.185700000000004)	(36, 44.6483)	(37, 45.3191)	(38, 45.314)	(39, 44.8255)	(40, 44.8865)	(41, 44.8417)	(42, 44.7809)	(43, 45.547)	(44, 45.7356)	(45, 45.4715)	(46, 45.8607)	(47, 45.7644)	(48, 45.5468)	(49, 45.4386)	(50, 46.2278)	(51, 45.4752)	(52, 46.1787)	(53, 45.5123)	(54, 45.6719)	(55, 45.8076)	(56, 45.4913)	(57, 45.3573)	(58, 45.9721)	(59, 45.3418)	(60, 45.704699999999995)	(61, 45.6451)	(62, 45.92)	(63, 46.3654)	(64, 45.7038)	(65, 45.0305)	(66, 45.2579)	(67, 46.0954)	(68, 46.3866)	(69, 46.339999999999996)	(70, 45.9089)	(71, 45.5807)	(72, 45.1443)	(73, 46.0692)	(74, 45.736)	(75, 45.2066)	(76, 45.428200000000004)	(77, 45.6964)	(78, 45.103500000000004)	(79, 45.825700000000005)	(80, 45.9001)	(81, 45.9033)	(82, 45.5625)	(83, 45.8122)	(84, 46.3254)	(85, 46.1467)	(86, 45.67)	(87, 45.3968)	(88, 45.791399999999996)	(89, 45.6208)	(90, 46.1105)	(91, 45.8113)	(92, 46.0187)	(93, 45.6525)	(94, 46.0743)	(95, 45.3303)	(96, 45.8686)	(97, 46.0722)	(98, 45.8646)	(99, 45.556999999999995)	(100, 45.2868)	(101, 46.0202)	(102, 46.0615)	(103, 45.597500000000004)	(104, 45.8386)	(105, 45.218799999999995)	(106, 45.533)	(107, 45.7489)	(108, 45.8648)	(109, 46.0131)	(110, 45.7556)	(111, 45.6633)	(112, 45.6258)	(113, 46.2911)	(114, 46.1575)	(115, 45.5304)	(116, 46.0823)	(117, 45.4162)	(118, 45.9769)	(119, 46.7156)	(120, 46.458)	(121, 46.3279)	(122, 46.5794)	(123, 45.9453)	(124, 46.360299999999995)	(125, 46.379599999999996)	(126, 46.4508)	(127, 46.672200000000004)	(128, 46.6069)	(129, 46.1824)	(130, 45.9717)	(131, 45.982)	(132, 46.4178)	(133, 46.1805)	(134, 45.9287)	(135, 45.5186)	(136, 45.4982)	(137, 45.9388)	(138, 45.7733)	(139, 46.0225)	(140, 45.9653)	(141, 45.2954)	(142, 45.8855)	(143, 46.781800000000004)	(144, 45.5598)	(145, 45.7077)	(146, 46.6279)	(147, 45.7559)	(148, 45.8634)	(149, 45.974900000000005)	(150, 45.7384)
GW_P2	(1, 64.4302)	(2, 46.8638)	(3, 47.1952)	(4, 49.9811)	(5, 45.0111)	(6, 39.3912)	(7, 39.8857)	(8, 47.5621)	(9, 47.1674)	(10, 38.155699999999996)	(11, 49.613)	(12, 47.0796)	(13, 42.199999999999996)	(14, 43.532900000000005)	(15, 44.6528)	(16, 44.401)	(17, 44.8159)	(18, 44.3399)	(19, 44.6798)	(20, 45.6716)	(21, 44.7153)	(22, 45.2374)	(23, 44.751400000000004)	(24, 44.576)	(25, 45.1942)	(26, 45.5677)	(27, 44.699600000000004)	(28, 45.6528)	(29, 45.3863)	(30, 44.6786)	(31, 45.2132)	(32, 45.899)	(33, 45.3285)	(34, 44.995400000000004)	(35, 45.405499999999996)	(36, 44.909)	(37, 45.5573)	(38, 45.5347)	(39, 45.1057)	(40, 45.103300000000004)	(41, 45.068000000000005)	(42, 44.9834)	(43, 45.757999999999996)	(44, 45.9306)	(45, 45.7011)	(46, 46.0858)	(47, 45.9636)	(48, 45.724)	(49, 45.659499999999994)	(50, 46.3985)	(51, 45.679199999999994)	(52, 46.3573)	(53, 45.7015)	(54, 45.8715)	(55, 46.0814)	(56, 45.6993)	(57, 45.6186)	(58, 46.185700000000004)	(59, 45.5946)	(60, 45.9214)	(61, 45.8737)	(62, 46.0934)	(63, 46.5638)	(64, 45.9045)	(65, 45.2818)	(66, 45.5115)	(67, 46.2978)	(68, 46.5597)	(69, 46.5664)	(70, 46.151199999999996)	(71, 45.824)	(72, 45.3658)	(73, 46.2394)	(74, 45.9619)	(75, 45.456)	(76, 45.6509)	(77, 45.921)	(78, 45.3335)	(79, 45.9975)	(80, 46.098099999999995)	(81, 46.1117)	(82, 45.7758)	(83, 46.0049)	(84, 46.4599)	(85, 46.3285)	(86, 45.8629)	(87, 45.587)	(88, 46.027499999999996)	(89, 45.8642)	(90, 46.2888)	(91, 46.011)	(92, 46.209)	(93, 45.9111)	(94, 46.2735)	(95, 45.587)	(96, 46.082499999999996)	(97, 46.278999999999996)	(98, 46.1094)	(99, 45.7759)	(100, 45.4865)	(101, 46.2534)	(102, 46.2985)	(103, 45.8403)	(104, 46.0613)	(105, 45.4244)	(106, 45.7314)	(107, 46.0054)	(108, 46.1093)	(109, 46.2403)	(110, 45.9726)	(111, 45.932)	(112, 45.8667)	(113, 46.4671)	(114, 46.3382)	(115, 45.8025)	(116, 46.2404)	(117, 45.6218)	(118, 46.1897)	(119, 46.8974)	(120, 46.6218)	(121, 46.545500000000004)	(122, 46.7982)	(123, 46.1501)	(124, 46.525800000000004)	(125, 46.543600000000005)	(126, 46.6053)	(127, 46.8461)	(128, 46.7928)	(129, 46.380700000000004)	(130, 46.1534)	(131, 46.2427)	(132, 46.6272)	(133, 46.3973)	(134, 46.1533)	(135, 45.744800000000005)	(136, 45.7573)	(137, 46.173500000000004)	(138, 45.9979)	(139, 46.2617)	(140, 46.1488)	(141, 45.5741)	(142, 46.091100000000004)	(143, 46.9368)	(144, 45.8172)	(145, 45.940799999999996)	(146, 46.8758)	(147, 45.9466)	(148, 46.0787)	(149, 46.1686)	(150, 45.969100000000005)
GW_P3	(1, 64.52449999999999)	(2, 45.745000000000005)	(3, 46.3101)	(4, 49.4193)	(5, 44.696799999999996)	(6, 39.2838)	(7, 40.1876)	(8, 48.1395)	(9, 47.524499999999996)	(10, 38.2019)	(11, 50.17470000000001)	(12, 47.4815)	(13, 42.2245)	(14, 43.585)	(15, 44.806000000000004)	(16, 44.5799)	(17, 44.9175)	(18, 44.4581)	(19, 44.8479)	(20, 45.834399999999995)	(21, 44.896)	(22, 45.4291)	(23, 44.8538)	(24, 44.7391)	(25, 45.2819)	(26, 45.6837)	(27, 44.8226)	(28, 45.6802)	(29, 45.407599999999995)	(30, 44.7932)	(31, 45.2439)	(32, 46.0032)	(33, 45.3882)	(34, 44.9689)	(35, 45.4094)	(36, 44.9773)	(37, 45.6194)	(38, 45.6353)	(39, 45.2497)	(40, 45.1877)	(41, 45.1472)	(42, 45.156)	(43, 45.8769)	(44, 46.055)	(45, 45.846)	(46, 46.0976)	(47, 46.0002)	(48, 45.7507)	(49, 45.608)	(50, 46.4714)	(51, 45.744299999999996)	(52, 46.320899999999995)	(53, 45.7575)	(54, 45.9245)	(55, 46.1026)	(56, 45.7673)	(57, 45.6217)	(58, 46.2343)	(59, 45.602599999999995)	(60, 45.958)	(61, 45.975300000000004)	(62, 46.2809)	(63, 46.64)	(64, 45.981899999999996)	(65, 45.417)	(66, 45.5261)	(67, 46.3172)	(68, 46.7434)	(69, 46.5573)	(70, 46.135)	(71, 45.9414)	(72, 45.393699999999995)	(73, 46.3934)	(74, 46.0629)	(75, 45.4853)	(76, 45.740700000000004)	(77, 46.0538)	(78, 45.4968)	(79, 46.190599999999996)	(80, 46.2252)	(81, 46.211600000000004)	(82, 45.8157)	(83, 45.9971)	(84, 46.5428)	(85, 46.3698)	(86, 45.9655)	(87, 45.7156)	(88, 46.1839)	(89, 46.0339)	(90, 46.3846)	(91, 46.136700000000005)	(92, 46.2424)	(93, 45.920100000000005)	(94, 46.382400000000004)	(95, 45.661)	(96, 46.1578)	(97, 46.299)	(98, 46.1712)	(99, 45.8534)	(100, 45.5703)	(101, 46.3781)	(102, 46.2969)	(103, 45.866099999999996)	(104, 46.2215)	(105, 45.5874)	(106, 45.8565)	(107, 46.1212)	(108, 46.3228)	(109, 46.3179)	(110, 46.0347)	(111, 45.9977)	(112, 45.900800000000004)	(113, 46.516600000000004)	(114, 46.465)	(115, 45.8312)	(116, 46.4008)	(117, 45.8147)	(118, 46.3014)	(119, 47.0704)	(120, 46.792899999999996)	(121, 46.6319)	(122, 46.9227)	(123, 46.3054)	(124, 46.6653)	(125, 46.6576)	(126, 46.7632)	(127, 46.9261)	(128, 46.9003)	(129, 46.521499999999996)	(130, 46.263799999999996)	(131, 46.3426)	(132, 46.778999999999996)	(133, 46.482800000000005)	(134, 46.222)	(135, 45.8586)	(136, 45.889799999999994)	(137, 46.3502)	(138, 46.1933)	(139, 46.4829)	(140, 46.4073)	(141, 45.7329)	(142, 46.3656)	(143, 47.165800000000004)	(144, 45.9793)	(145, 46.1289)	(146, 47.0869)	(147, 46.164899999999996)	(148, 46.2551)	(149, 46.4575)	(150, 46.2744)
SFZ_Mock1	(1, 63.5898)	(2, 42.710300000000004)	(3, 43.926300000000005)	(4, 47.2914)	(5, 43.0781)	(6, 38.4774)	(7, 39.4849)	(8, 47.959)	(9, 47.291)	(10, 37.0988)	(11, 49.661699999999996)	(12, 47.0339)	(13, 41.341499999999996)	(14, 42.660199999999996)	(15, 43.9855)	(16, 43.692)	(17, 44.0778)	(18, 43.5885)	(19, 44.1068)	(20, 45.1412)	(21, 44.1194)	(22, 44.6308)	(23, 43.9159)	(24, 43.890499999999996)	(25, 44.3892)	(26, 44.7737)	(27, 43.8897)	(28, 44.7611)	(29, 44.4955)	(30, 43.932500000000005)	(31, 44.3527)	(32, 45.1248)	(33, 44.5389)	(34, 43.8404)	(35, 44.2521)	(36, 44.1079)	(37, 44.6838)	(38, 44.6973)	(39, 44.4942)	(40, 44.2879)	(41, 44.191399999999994)	(42, 44.2592)	(43, 45.0833)	(44, 45.244299999999996)	(45, 45.0377)	(46, 45.277899999999995)	(47, 44.993100000000005)	(48, 44.7672)	(49, 44.5762)	(50, 45.5609)	(51, 44.9409)	(52, 45.4212)	(53, 44.945800000000006)	(54, 44.9452)	(55, 44.9589)	(56, 44.7617)	(57, 44.7542)	(58, 45.2577)	(59, 44.6531)	(60, 44.977000000000004)	(61, 44.8863)	(62, 45.672200000000004)	(63, 45.9224)	(64, 45.1108)	(65, 44.5278)	(66, 44.4527)	(67, 45.3343)	(68, 45.7848)	(69, 45.4966)	(70, 45.0521)	(71, 45.183800000000005)	(72, 44.2735)	(73, 45.297599999999996)	(74, 45.0526)	(75, 44.474999999999994)	(76, 44.9012)	(77, 45.251799999999996)	(78, 44.7639)	(79, 45.3181)	(80, 45.1475)	(81, 45.1717)	(82, 44.662800000000004)	(83, 44.777499999999996)	(84, 45.4512)	(85, 45.548100000000005)	(86, 44.746)	(87, 44.7206)	(88, 45.152)	(89, 45.162600000000005)	(90, 45.4116)	(91, 45.101)	(92, 45.2684)	(93, 44.8851)	(94, 45.3576)	(95, 44.4639)	(96, 45.0409)	(97, 45.3695)	(98, 44.981)	(99, 44.8322)	(100, 44.5162)	(101, 45.2412)	(102, 45.2702)	(103, 44.747)	(104, 45.3149)	(105, 44.7873)	(106, 44.833800000000004)	(107, 45.1188)	(108, 45.3829)	(109, 45.3544)	(110, 45.1541)	(111, 45.081500000000005)	(112, 44.8288)	(113, 45.4135)	(114, 45.4575)	(115, 44.872299999999996)	(116, 45.5528)	(117, 44.9639)	(118, 45.3196)	(119, 46.090599999999995)	(120, 46.0005)	(121, 45.61)	(122, 45.8968)	(123, 45.4731)	(124, 45.445)	(125, 45.644800000000004)	(126, 45.767)	(127, 45.9071)	(128, 45.9501)	(129, 45.5222)	(130, 45.1563)	(131, 45.4416)	(132, 45.7649)	(133, 45.3247)	(134, 45.0321)	(135, 44.9216)	(136, 44.9102)	(137, 45.468599999999995)	(138, 45.448100000000004)	(139, 45.622299999999996)	(140, 45.536500000000004)	(141, 44.8253)	(142, 45.4375)	(143, 46.1155)	(144, 44.9809)	(145, 45.0105)	(146, 46.1388)	(147, 44.9327)	(148, 44.859300000000005)	(149, 45.4452)	(150, 45.3816)
SFZ_Mock2	(1, 64.4526)	(2, 44.9861)	(3, 45.949)	(4, 49.050700000000006)	(5, 44.756)	(6, 40.2432)	(7, 40.9612)	(8, 49.0013)	(9, 48.473)	(10, 38.8008)	(11, 50.655499999999996)	(12, 48.155)	(13, 42.8464)	(14, 44.111200000000004)	(15, 45.4257)	(16, 45.1018)	(17, 45.533)	(18, 45.0122)	(19, 45.5002)	(20, 46.5139)	(21, 45.4891)	(22, 46.0295)	(23, 45.3735)	(24, 45.3262)	(25, 45.8862)	(26, 46.264300000000006)	(27, 45.3773)	(28, 46.251)	(29, 45.9747)	(30, 45.3636)	(31, 45.852)	(32, 46.5766)	(33, 46.0286)	(34, 45.3347)	(35, 45.7284)	(36, 45.5331)	(37, 46.015299999999996)	(38, 46.0557)	(39, 45.8767)	(40, 45.6387)	(41, 45.4826)	(42, 45.5144)	(43, 46.3185)	(44, 46.4654)	(45, 46.3096)	(46, 46.6223)	(47, 46.239200000000004)	(48, 46.0574)	(49, 45.9673)	(50, 46.868700000000004)	(51, 46.238299999999995)	(52, 46.6999)	(53, 46.231100000000005)	(54, 46.1937)	(55, 46.231100000000005)	(56, 46.035399999999996)	(57, 46.0185)	(58, 46.4539)	(59, 45.8776)	(60, 46.1545)	(61, 46.0312)	(62, 46.8014)	(63, 47.1368)	(64, 46.3108)	(65, 45.6943)	(66, 45.684799999999996)	(67, 46.5727)	(68, 46.9383)	(69, 46.799)	(70, 46.3283)	(71, 46.4361)	(72, 45.6008)	(73, 46.5522)	(74, 46.3415)	(75, 45.8142)	(76, 46.209)	(77, 46.604299999999995)	(78, 46.0435)	(79, 46.574799999999996)	(80, 46.4305)	(81, 46.4384)	(82, 46.0188)	(83, 46.0968)	(84, 46.775800000000004)	(85, 46.8681)	(86, 46.016400000000004)	(87, 46.0537)	(88, 46.4343)	(89, 46.4169)	(90, 46.8024)	(91, 46.4855)	(92, 46.6516)	(93, 46.3444)	(94, 46.694)	(95, 45.9009)	(96, 46.481899999999996)	(97, 46.7705)	(98, 46.381099999999996)	(99, 46.230900000000005)	(100, 45.9825)	(101, 46.6427)	(102, 46.7611)	(103, 46.2377)	(104, 46.705600000000004)	(105, 46.1979)	(106, 46.2176)	(107, 46.5402)	(108, 46.746500000000005)	(109, 46.7626)	(110, 46.569700000000005)	(111, 46.5115)	(112, 46.2763)	(113, 46.8297)	(114, 46.846700000000006)	(115, 46.267)	(116, 46.964099999999995)	(117, 46.3433)	(118, 46.7152)	(119, 47.4304)	(120, 47.415600000000005)	(121, 47.0468)	(122, 47.3098)	(123, 46.8526)	(124, 46.8929)	(125, 47.0749)	(126, 47.2438)	(127, 47.3613)	(128, 47.373599999999996)	(129, 46.983000000000004)	(130, 46.5627)	(131, 46.8451)	(132, 47.1438)	(133, 46.748)	(134, 46.4529)	(135, 46.2836)	(136, 46.3187)	(137, 46.7505)	(138, 46.8116)	(139, 46.8957)	(140, 46.8449)	(141, 46.1474)	(142, 46.7521)	(143, 47.4986)	(144, 46.3558)	(145, 46.3977)	(146, 47.431200000000004)	(147, 46.2548)	(148, 46.1965)	(149, 46.7561)	(150, 46.6071)
SFZ_Mock3	(1, 64.285)	(2, 44.3353)	(3, 45.4733)	(4, 48.3394)	(5, 43.5117)	(6, 38.5537)	(7, 39.1181)	(8, 47.327799999999996)	(9, 46.8694)	(10, 37.2044)	(11, 49.1246)	(12, 46.6205)	(13, 41.5109)	(14, 42.8122)	(15, 44.0122)	(16, 43.6386)	(17, 44.1803)	(18, 43.632799999999996)	(19, 44.1255)	(20, 45.0625)	(21, 44.0927)	(22, 44.625)	(23, 44.0227)	(24, 43.957499999999996)	(25, 44.480599999999995)	(26, 44.9626)	(27, 44.0068)	(28, 45.014900000000004)	(29, 44.6894)	(30, 44.1258)	(31, 44.5914)	(32, 45.2316)	(33, 44.7407)	(34, 44.096999999999994)	(35, 44.4881)	(36, 44.1723)	(37, 44.7604)	(38, 44.6709)	(39, 44.4232)	(40, 44.278800000000004)	(41, 44.2334)	(42, 44.2324)	(43, 45.0115)	(44, 45.1744)	(45, 45.0382)	(46, 45.4842)	(47, 45.1355)	(48, 44.8969)	(49, 44.7624)	(50, 45.6421)	(51, 45.0375)	(52, 45.702799999999996)	(53, 45.1584)	(54, 45.1747)	(55, 45.1633)	(56, 44.8435)	(57, 44.9317)	(58, 45.3872)	(59, 44.8484)	(60, 45.1829)	(61, 45.009100000000004)	(62, 45.6122)	(63, 46.0437)	(64, 45.2489)	(65, 44.6067)	(66, 44.6702)	(67, 45.459500000000006)	(68, 45.7399)	(69, 45.730900000000005)	(70, 45.3004)	(71, 45.2528)	(72, 44.5109)	(73, 45.3976)	(74, 45.0713)	(75, 44.650800000000004)	(76, 45.044000000000004)	(77, 45.3861)	(78, 44.8373)	(79, 45.345600000000005)	(80, 45.1667)	(81, 45.300000000000004)	(82, 44.825199999999995)	(83, 44.9779)	(84, 45.6095)	(85, 45.6629)	(86, 44.8538)	(87, 44.8404)	(88, 45.1741)	(89, 45.1855)	(90, 45.514900000000004)	(91, 45.1484)	(92, 45.4061)	(93, 45.0794)	(94, 45.509100000000004)	(95, 44.6848)	(96, 45.2322)	(97, 45.489200000000004)	(98, 45.1264)	(99, 44.9276)	(100, 44.685)	(101, 45.339)	(102, 45.4308)	(103, 44.8753)	(104, 45.3514)	(105, 44.831900000000005)	(106, 44.9058)	(107, 45.2402)	(108, 45.3548)	(109, 45.4514)	(110, 45.285599999999995)	(111, 45.2214)	(112, 45.1004)	(113, 45.571600000000004)	(114, 45.5655)	(115, 45.0141)	(116, 45.5821)	(117, 44.9553)	(118, 45.4236)	(119, 46.0954)	(120, 46.0177)	(121, 45.7396)	(122, 46.0119)	(123, 45.5667)	(124, 45.6087)	(125, 45.769)	(126, 45.9109)	(127, 46.0928)	(128, 46.0732)	(129, 45.6417)	(130, 45.2999)	(131, 45.5983)	(132, 45.868700000000004)	(133, 45.460699999999996)	(134, 45.2029)	(135, 45.0953)	(136, 45.096000000000004)	(137, 45.4798)	(138, 45.4858)	(139, 45.654)	(140, 45.5722)	(141, 44.914500000000004)	(142, 45.4723)	(143, 46.2024)	(144, 45.097)	(145, 45.1385)	(146, 46.1546)	(147, 45.0703)	(148, 45.0036)	(149, 45.421299999999995)	(150, 45.339)
SFZ_P1	(1, 63.9328)	(2, 43.855199999999996)	(3, 44.7588)	(4, 48.1211)	(5, 43.5546)	(6, 38.8895)	(7, 39.5395)	(8, 48.1479)	(9, 47.5758)	(10, 37.5894)	(11, 49.803399999999996)	(12, 47.4755)	(13, 41.969699999999996)	(14, 43.2758)	(15, 44.457)	(16, 44.2484)	(17, 44.4704)	(18, 44.007400000000004)	(19, 44.4897)	(20, 45.1994)	(21, 44.4903)	(22, 44.8682)	(23, 44.3419)	(24, 44.3912)	(25, 44.7816)	(26, 45.0943)	(27, 44.378499999999995)	(28, 45.0598)	(29, 44.9557)	(30, 44.4643)	(31, 44.8519)	(32, 45.293499999999995)	(33, 44.8899)	(34, 44.4613)	(35, 44.860299999999995)	(36, 44.6494)	(37, 45.06)	(38, 45.0007)	(39, 44.885999999999996)	(40, 44.776700000000005)	(41, 44.731300000000005)	(42, 44.859)	(43, 45.3047)	(44, 45.516400000000004)	(45, 45.3777)	(46, 45.4945)	(47, 45.373000000000005)	(48, 45.2619)	(49, 45.109)	(50, 45.764700000000005)	(51, 45.2799)	(52, 45.7433)	(53, 45.3381)	(54, 45.3193)	(55, 45.490199999999994)	(56, 45.226699999999994)	(57, 45.2627)	(58, 45.6376)	(59, 45.2289)	(60, 45.4372)	(61, 45.2934)	(62, 45.894800000000004)	(63, 46.0624)	(64, 45.4929)	(65, 45.068200000000004)	(66, 44.982499999999995)	(67, 45.7272)	(68, 46.0174)	(69, 45.777499999999996)	(70, 45.4668)	(71, 45.6053)	(72, 44.8754)	(73, 45.6251)	(74, 45.460899999999995)	(75, 45.025)	(76, 45.2559)	(77, 45.6577)	(78, 45.2496)	(79, 45.568999999999996)	(80, 45.5441)	(81, 45.530300000000004)	(82, 45.3184)	(83, 45.308)	(84, 45.7755)	(85, 45.9327)	(86, 45.2622)	(87, 45.2144)	(88, 45.632600000000004)	(89, 45.550200000000004)	(90, 45.8091)	(91, 45.5396)	(92, 45.797399999999996)	(93, 45.504)	(94, 45.7156)	(95, 45.245400000000004)	(96, 45.5785)	(97, 45.7613)	(98, 45.5)	(99, 45.341300000000004)	(100, 45.192)	(101, 45.6868)	(102, 45.685700000000004)	(103, 45.3803)	(104, 45.6496)	(105, 45.3279)	(106, 45.3801)	(107, 45.570899999999995)	(108, 45.7436)	(109, 45.806200000000004)	(110, 45.5704)	(111, 45.510400000000004)	(112, 45.4208)	(113, 45.8729)	(114, 45.8206)	(115, 45.3279)	(116, 45.8844)	(117, 45.402)	(118, 45.748400000000004)	(119, 46.2748)	(120, 46.2769)	(121, 45.9661)	(122, 46.1356)	(123, 45.8141)	(124, 45.8448)	(125, 45.994800000000005)	(126, 46.0999)	(127, 46.2401)	(128, 46.209)	(129, 45.9044)	(130, 45.6723)	(131, 45.839999999999996)	(132, 46.0367)	(133, 45.8224)	(134, 45.4735)	(135, 45.3716)	(136, 45.339400000000005)	(137, 45.7707)	(138, 45.791)	(139, 45.905699999999996)	(140, 45.840399999999995)	(141, 45.3437)	(142, 45.791399999999996)	(143, 46.3876)	(144, 45.4386)	(145, 45.575900000000004)	(146, 46.2962)	(147, 45.3695)	(148, 45.3897)	(149, 45.7754)	(150, 45.6059)
SFZ_P2	(1, 64.2516)	(2, 43.8786)	(3, 45.0732)	(4, 48.3521)	(5, 43.7742)	(6, 39.031)	(7, 39.7895)	(8, 48.289300000000004)	(9, 47.6465)	(10, 37.817499999999995)	(11, 49.9888)	(12, 47.638200000000005)	(13, 42.1226)	(14, 43.4831)	(15, 44.653999999999996)	(16, 44.4302)	(17, 44.6739)	(18, 44.235600000000005)	(19, 44.7029)	(20, 45.457)	(21, 44.708)	(22, 45.1239)	(23, 44.527499999999996)	(24, 44.563199999999995)	(25, 45.0262)	(26, 45.3135)	(27, 44.5873)	(28, 45.3167)	(29, 45.1804)	(30, 44.703199999999995)	(31, 45.1077)	(32, 45.5612)	(33, 45.1587)	(34, 44.678000000000004)	(35, 45.0772)	(36, 44.830799999999996)	(37, 45.2753)	(38, 45.2326)	(39, 45.1164)	(40, 44.9953)	(41, 44.9245)	(42, 45.0528)	(43, 45.5531)	(44, 45.7434)	(45, 45.631899999999995)	(46, 45.7376)	(47, 45.512)	(48, 45.4051)	(49, 45.2951)	(50, 45.9458)	(51, 45.478)	(52, 45.9919)	(53, 45.5348)	(54, 45.5346)	(55, 45.697500000000005)	(56, 45.4263)	(57, 45.4518)	(58, 45.809)	(59, 45.4105)	(60, 45.6808)	(61, 45.498)	(62, 46.1049)	(63, 46.292100000000005)	(64, 45.6863)	(65, 45.252700000000004)	(66, 45.1753)	(67, 45.9486)	(68, 46.251599999999996)	(69, 45.994099999999996)	(70, 45.6777)	(71, 45.7832)	(72, 45.0387)	(73, 45.8555)	(74, 45.665299999999995)	(75, 45.2465)	(76, 45.4705)	(77, 45.8779)	(78, 45.4199)	(79, 45.8127)	(80, 45.7701)	(81, 45.678200000000004)	(82, 45.481100000000005)	(83, 45.5181)	(84, 45.9885)	(85, 46.1953)	(86, 45.4625)	(87, 45.4106)	(88, 45.8444)	(89, 45.754400000000004)	(90, 46.036)	(91, 45.7487)	(92, 45.9584)	(93, 45.6657)	(94, 45.9416)	(95, 45.4349)	(96, 45.7761)	(97, 45.9777)	(98, 45.6563)	(99, 45.5183)	(100, 45.339800000000004)	(101, 45.865)	(102, 45.872800000000005)	(103, 45.5461)	(104, 45.867599999999996)	(105, 45.525)	(106, 45.5907)	(107, 45.7963)	(108, 45.9681)	(109, 45.998)	(110, 45.7761)	(111, 45.7281)	(112, 45.6173)	(113, 46.059400000000004)	(114, 46.0437)	(115, 45.5447)	(116, 46.0989)	(117, 45.5921)	(118, 46.0051)	(119, 46.5151)	(120, 46.5057)	(121, 46.1804)	(122, 46.399499999999996)	(123, 46.0668)	(124, 46.098099999999995)	(125, 46.2457)	(126, 46.367399999999996)	(127, 46.504400000000004)	(128, 46.4382)	(129, 46.113)	(130, 45.927099999999996)	(131, 46.085100000000004)	(132, 46.3004)	(133, 46.0523)	(134, 45.682)	(135, 45.6192)	(136, 45.606)	(137, 46.0327)	(138, 46.043099999999995)	(139, 46.137299999999996)	(140, 46.098800000000004)	(141, 45.5974)	(142, 46.0642)	(143, 46.617399999999996)	(144, 45.6672)	(145, 45.8322)	(146, 46.574799999999996)	(147, 45.6401)	(148, 45.6942)	(149, 46.077200000000005)	(150, 45.9305)
SFZ_P3	(1, 63.8286)	(2, 43.727199999999996)	(3, 44.847)	(4, 47.938399999999994)	(5, 43.2635)	(6, 38.5718)	(7, 39.2004)	(8, 47.7518)	(9, 47.1887)	(10, 37.3344)	(11, 49.47)	(12, 47.0803)	(13, 41.6948)	(14, 43.0308)	(15, 44.2353)	(16, 43.9897)	(17, 44.2513)	(18, 43.7569)	(19, 44.2149)	(20, 45.0085)	(21, 44.2509)	(22, 44.636700000000005)	(23, 44.1228)	(24, 44.1193)	(25, 44.5657)	(26, 44.9105)	(27, 44.1219)	(28, 44.891999999999996)	(29, 44.7588)	(30, 44.241200000000006)	(31, 44.6783)	(32, 45.1393)	(33, 44.715700000000005)	(34, 44.2219)	(35, 44.6258)	(36, 44.4264)	(37, 44.8525)	(38, 44.817099999999996)	(39, 44.6721)	(40, 44.5843)	(41, 44.488699999999994)	(42, 44.6609)	(43, 45.134800000000006)	(44, 45.340599999999995)	(45, 45.2029)	(46, 45.3509)	(47, 45.2233)	(48, 45.053399999999996)	(49, 44.8969)	(50, 45.596599999999995)	(51, 45.107)	(52, 45.5691)	(53, 45.1593)	(54, 45.1061)	(55, 45.3277)	(56, 45.055099999999996)	(57, 45.0533)	(58, 45.420100000000005)	(59, 45.0198)	(60, 45.2593)	(61, 45.108599999999996)	(62, 45.681)	(63, 45.9058)	(64, 45.2907)	(65, 44.8033)	(66, 44.7429)	(67, 45.540000000000006)	(68, 45.8734)	(69, 45.6109)	(70, 45.2917)	(71, 45.4179)	(72, 44.6454)	(73, 45.4508)	(74, 45.2734)	(75, 44.804100000000005)	(76, 45.0792)	(77, 45.4848)	(78, 45.0377)	(79, 45.3818)	(80, 45.3653)	(81, 45.3243)	(82, 45.0799)	(83, 45.124900000000004)	(84, 45.5833)	(85, 45.761)	(86, 45.049)	(87, 44.978699999999996)	(88, 45.422200000000004)	(89, 45.3349)	(90, 45.6318)	(91, 45.3206)	(92, 45.5642)	(93, 45.2804)	(94, 45.5181)	(95, 45.0445)	(96, 45.3537)	(97, 45.5578)	(98, 45.2487)	(99, 45.1259)	(100, 44.922000000000004)	(101, 45.4648)	(102, 45.4637)	(103, 45.1526)	(104, 45.4493)	(105, 45.1331)	(106, 45.1946)	(107, 45.4246)	(108, 45.5404)	(109, 45.5717)	(110, 45.3761)	(111, 45.325500000000005)	(112, 45.1732)	(113, 45.7104)	(114, 45.6707)	(115, 45.1279)	(116, 45.708)	(117, 45.1664)	(118, 45.5788)	(119, 46.0744)	(120, 46.076699999999995)	(121, 45.7583)	(122, 45.9687)	(123, 45.6278)	(124, 45.6604)	(125, 45.844699999999996)	(126, 45.9444)	(127, 46.0829)	(128, 46.0283)	(129, 45.7148)	(130, 45.5179)	(131, 45.657199999999996)	(132, 45.8731)	(133, 45.6683)	(134, 45.2961)	(135, 45.1744)	(136, 45.1304)	(137, 45.606700000000004)	(138, 45.6092)	(139, 45.690799999999996)	(140, 45.6389)	(141, 45.1325)	(142, 45.5684)	(143, 46.204)	(144, 45.2044)	(145, 45.320899999999995)	(146, 46.0861)	(147, 45.1406)	(148, 45.1698)	(149, 45.5636)	(150, 45.3926)
