Sample	0	1	2	3	4	5	6	7	8	9	10	11	12	13	14	15	16	17	18	19	20	21	22	23	24	25	26	27	28	29	30	31	32	33	34	35	36	37	38	39	40	41	42	43	44	45	46	47	48	49	50	51	52	53	54	55	56	57	58	59	60	61	62	63	64	65	66	67	68	69	70	71	72	73	74	75	76	77	78	79	80	81	82	83	84	85	86	87	88	89	90	91	92	93	94	95	96	97	98	99	100	101	102	103	104	105	106	107	108	109	110	111	112	113	114	115	116	117	118	119	120	121	122	123	124
GC_24hpi_1	(1, 32.3906)	(2, 32.4763)	(3, 32.4827)	(4, 32.4677)	(5, 32.4911)	(6, 35.9898)	(7, 36.2253)	(8, 36.2955)	(9, 36.3237)	(10, 36.3156)	(11, 36.3191)	(12, 36.23)	(13, 36.2745)	(14, 36.2722)	(15, 36.3019)	(16, 36.2194)	(17, 36.2354)	(18, 36.2632)	(19, 36.2672)	(20, 36.1909)	(21, 36.1732)	(22, 36.1814)	(23, 36.2402)	(24, 36.2239)	(25, 36.2183)	(26, 36.1809)	(27, 36.2099)	(28, 36.1518)	(29, 36.0913)	(30, 36.0275)	(31, 36.0908)	(32, 36.0727)	(33, 36.0029)	(34, 36.044)	(35, 35.9796)	(36, 36.0446)	(37, 35.8486)	(38, 35.8705)	(39, 35.8738)	(40, 35.9126)	(41, 35.8769)	(42, 35.8677)	(43, 35.8862)	(44, 35.8829)	(45, 35.8696)	(46, 35.8332)	(47, 35.824)	(48, 35.8725)	(49, 35.8286)	(50, 35.8462)	(51, 35.8274)	(52, 35.8213)	(53, 35.7969)	(54, 35.8012)	(55, 35.7957)	(56, 35.7655)	(57, 35.7886)	(58, 35.7641)	(59, 35.7623)	(60, 35.7753)	(61, 35.7809)	(62, 35.7479)	(63, 35.7184)	(64, 35.6988)	(65, 35.6796)	(66, 35.6767)	(67, 35.72)	(68, 35.7072)	(69, 35.6527)	(70, 35.6732)	(71, 35.6245)	(72, 35.6174)	(73, 35.2005)	(74, 18.3997)	(75, 30.4696)	(76, 31.073)	(77, 34.41)	(78, 35.1106)	(79, 35.3031)	(80, 35.356)	(81, 35.3362)	(82, 35.3071)	(83, 35.2576)	(84, 35.2271)	(85, 35.178)	(86, 35.1644)	(87, 35.1146)	(88, 35.0917)	(89, 34.9939)	(90, 34.9443)	(91, 34.9054)	(92, 34.934)	(93, 34.9664)	(94, 34.9173)	(95, 34.9204)	(96, 34.9036)	(97, 34.9382)	(98, 34.9591)	(99, 34.9306)	(100, 34.7994)	(101, 34.8133)	(102, 34.8666)	(103, 34.8024)	(104, 34.7628)	(105, 34.6596)	(106, 34.5762)	(107, 34.484)	(108, 34.4434)	(109, 34.4015)	(110, 34.3406)	(111, 34.2958)	(112, 34.2166)	(113, 34.067)	(114, 34.0382)	(115, 33.993)	(116, 33.9221)	(117, 33.8744)	(118, 33.7673)	(119, 33.6899)	(120, 33.6116)	(121, 33.606)	(122, 33.4661)	(123, 33.2995)	(124, 32.9869)	(125, 32.443)
GC_24hpi_2	(1, 32.3871)	(2, 32.4742)	(3, 32.4811)	(4, 32.4666)	(5, 32.4891)	(6, 35.9971)	(7, 36.2316)	(8, 36.3005)	(9, 36.3287)	(10, 36.3246)	(11, 36.3268)	(12, 36.2363)	(13, 36.2809)	(14, 36.281)	(15, 36.3095)	(16, 36.2265)	(17, 36.2458)	(18, 36.2717)	(19, 36.2764)	(20, 36.2011)	(21, 36.1825)	(22, 36.1919)	(23, 36.2501)	(24, 36.2359)	(25, 36.2285)	(26, 36.1919)	(27, 36.2197)	(28, 36.1618)	(29, 36.1032)	(30, 36.0411)	(31, 36.1013)	(32, 36.0845)	(33, 36.0168)	(34, 36.0545)	(35, 35.9936)	(36, 36.056)	(37, 35.8641)	(38, 35.8861)	(39, 35.889)	(40, 35.9291)	(41, 35.895)	(42, 35.8831)	(43, 35.903)	(44, 35.8983)	(45, 35.8852)	(46, 35.8481)	(47, 35.841)	(48, 35.8863)	(49, 35.8455)	(50, 35.8604)	(51, 35.8426)	(52, 35.8358)	(53, 35.8107)	(54, 35.8174)	(55, 35.8104)	(56, 35.7791)	(57, 35.8027)	(58, 35.7781)	(59, 35.7786)	(60, 35.7928)	(61, 35.7953)	(62, 35.7612)	(63, 35.7378)	(64, 35.7143)	(65, 35.695)	(66, 35.6916)	(67, 35.7335)	(68, 35.7207)	(69, 35.6682)	(70, 35.6873)	(71, 35.6406)	(72, 35.6331)	(73, 35.2233)	(74, 18.4004)	(75, 30.4868)	(76, 31.0854)	(77, 34.4339)	(78, 35.1311)	(79, 35.3201)	(80, 35.3705)	(81, 35.3512)	(82, 35.321)	(83, 35.2704)	(84, 35.2415)	(85, 35.1951)	(86, 35.1797)	(87, 35.1281)	(88, 35.1033)	(89, 35.0106)	(90, 34.9602)	(91, 34.922)	(92, 34.948)	(93, 34.9808)	(94, 34.9317)	(95, 34.9349)	(96, 34.9208)	(97, 34.9529)	(98, 34.9702)	(99, 34.9381)	(100, 34.8126)	(101, 34.8254)	(102, 34.877)	(103, 34.8113)	(104, 34.7712)	(105, 34.6715)	(106, 34.5848)	(107, 34.4955)	(108, 34.458)	(109, 34.4176)	(110, 34.3498)	(111, 34.3047)	(112, 34.228)	(113, 34.0759)	(114, 34.0454)	(115, 34.0005)	(116, 33.9341)	(117, 33.8866)	(118, 33.7825)	(119, 33.706)	(120, 33.6241)	(121, 33.617)	(122, 33.4748)	(123, 33.3132)	(124, 33.0025)	(125, 32.4607)
GC_24hpi_3	(1, 32.4011)	(2, 32.4866)	(3, 32.4934)	(4, 32.4804)	(5, 32.5025)	(6, 36.0141)	(7, 36.2426)	(8, 36.3112)	(9, 36.3394)	(10, 36.3331)	(11, 36.3361)	(12, 36.2459)	(13, 36.2902)	(14, 36.2914)	(15, 36.3172)	(16, 36.2371)	(17, 36.2561)	(18, 36.2819)	(19, 36.2848)	(20, 36.2093)	(21, 36.1904)	(22, 36.1986)	(23, 36.2557)	(24, 36.2435)	(25, 36.2373)	(26, 36.1988)	(27, 36.2278)	(28, 36.1721)	(29, 36.1132)	(30, 36.0506)	(31, 36.1119)	(32, 36.0941)	(33, 36.0261)	(34, 36.0643)	(35, 36.0038)	(36, 36.0669)	(37, 35.8751)	(38, 35.898)	(39, 35.8991)	(40, 35.9402)	(41, 35.9049)	(42, 35.8946)	(43, 35.9131)	(44, 35.9114)	(45, 35.8991)	(46, 35.8586)	(47, 35.8553)	(48, 35.8998)	(49, 35.8571)	(50, 35.8734)	(51, 35.8534)	(52, 35.8496)	(53, 35.8218)	(54, 35.8277)	(55, 35.8239)	(56, 35.7909)	(57, 35.8171)	(58, 35.7911)	(59, 35.791)	(60, 35.8032)	(61, 35.8089)	(62, 35.7732)	(63, 35.7474)	(64, 35.7247)	(65, 35.7077)	(66, 35.7026)	(67, 35.7469)	(68, 35.7333)	(69, 35.6796)	(70, 35.6986)	(71, 35.6536)	(72, 35.6457)	(73, 35.2344)	(74, 18.4186)	(75, 30.4982)	(76, 31.1072)	(77, 34.4569)	(78, 35.1472)	(79, 35.3332)	(80, 35.3876)	(81, 35.3673)	(82, 35.335)	(83, 35.2899)	(84, 35.2591)	(85, 35.2096)	(86, 35.1957)	(87, 35.1448)	(88, 35.1218)	(89, 35.0298)	(90, 34.9784)	(91, 34.9409)	(92, 34.9659)	(93, 34.9987)	(94, 34.9492)	(95, 34.9522)	(96, 34.9354)	(97, 34.9661)	(98, 34.9881)	(99, 34.9594)	(100, 34.8281)	(101, 34.8449)	(102, 34.8986)	(103, 34.8329)	(104, 34.7881)	(105, 34.693)	(106, 34.6064)	(107, 34.5132)	(108, 34.4731)	(109, 34.4328)	(110, 34.3715)	(111, 34.3233)	(112, 34.2504)	(113, 34.0988)	(114, 34.0698)	(115, 34.0271)	(116, 33.9574)	(117, 33.9111)	(118, 33.8077)	(119, 33.7325)	(120, 33.6531)	(121, 33.6463)	(122, 33.5061)	(123, 33.3449)	(124, 33.0366)	(125, 32.5015)
GC_48hpi_1	(1, 32.3523)	(2, 32.443)	(3, 32.4505)	(4, 32.4377)	(5, 32.4624)	(6, 35.9404)	(7, 36.1918)	(8, 36.2691)	(9, 36.2971)	(10, 36.2896)	(11, 36.2958)	(12, 36.2024)	(13, 36.2482)	(14, 36.2438)	(15, 36.2738)	(16, 36.1887)	(17, 36.2065)	(18, 36.2355)	(19, 36.2366)	(20, 36.1598)	(21, 36.1459)	(22, 36.1516)	(23, 36.2091)	(24, 36.193)	(25, 36.1874)	(26, 36.1506)	(27, 36.1795)	(28, 36.1185)	(29, 36.0609)	(30, 35.9938)	(31, 36.0599)	(32, 36.0405)	(33, 35.9707)	(34, 36.0082)	(35, 35.944)	(36, 36.0102)	(37, 35.8134)	(38, 35.8342)	(39, 35.8367)	(40, 35.8796)	(41, 35.8418)	(42, 35.8292)	(43, 35.8485)	(44, 35.8464)	(45, 35.8334)	(46, 35.7951)	(47, 35.7872)	(48, 35.835)	(49, 35.7897)	(50, 35.8076)	(51, 35.7907)	(52, 35.7832)	(53, 35.7557)	(54, 35.7618)	(55, 35.7551)	(56, 35.7247)	(57, 35.7498)	(58, 35.7236)	(59, 35.7225)	(60, 35.7381)	(61, 35.7419)	(62, 35.7096)	(63, 35.6824)	(64, 35.6621)	(65, 35.6405)	(66, 35.636)	(67, 35.6823)	(68, 35.6689)	(69, 35.6141)	(70, 35.6383)	(71, 35.588)	(72, 35.5806)	(73, 35.1626)	(74, 18.3527)	(75, 30.4197)	(76, 31.0218)	(77, 34.3432)	(78, 35.0625)	(79, 35.2612)	(80, 35.311)	(81, 35.2909)	(82, 35.261)	(83, 35.2085)	(84, 35.178)	(85, 35.1287)	(86, 35.1124)	(87, 35.0616)	(88, 35.0392)	(89, 34.9426)	(90, 34.8856)	(91, 34.8459)	(92, 34.8751)	(93, 34.9134)	(94, 34.8649)	(95, 34.8686)	(96, 34.8524)	(97, 34.8856)	(98, 34.9042)	(99, 34.8743)	(100, 34.7456)	(101, 34.7601)	(102, 34.8145)	(103, 34.753)	(104, 34.7117)	(105, 34.6054)	(106, 34.5221)	(107, 34.427)	(108, 34.3896)	(109, 34.3484)	(110, 34.2841)	(111, 34.2359)	(112, 34.1602)	(113, 34.0052)	(114, 33.9744)	(115, 33.9272)	(116, 33.8568)	(117, 33.8108)	(118, 33.7082)	(119, 33.6261)	(120, 33.5364)	(121, 33.5355)	(122, 33.386)	(123, 33.2271)	(124, 32.9038)	(125, 32.3434)
GC_48hpi_2	(1, 32.378)	(2, 32.4666)	(3, 32.4749)	(4, 32.4621)	(5, 32.4834)	(6, 35.974)	(7, 36.2166)	(8, 36.2895)	(9, 36.3148)	(10, 36.3065)	(11, 36.311)	(12, 36.2186)	(13, 36.2625)	(14, 36.2615)	(15, 36.2889)	(16, 36.2066)	(17, 36.222)	(18, 36.2523)	(19, 36.2533)	(20, 36.1757)	(21, 36.1606)	(22, 36.1681)	(23, 36.2272)	(24, 36.2097)	(25, 36.2036)	(26, 36.1696)	(27, 36.1975)	(28, 36.1371)	(29, 36.0776)	(30, 36.0124)	(31, 36.0775)	(32, 36.0603)	(33, 35.9914)	(34, 36.0289)	(35, 35.9624)	(36, 36.0302)	(37, 35.835)	(38, 35.8566)	(39, 35.8598)	(40, 35.9022)	(41, 35.8648)	(42, 35.8517)	(43, 35.8731)	(44, 35.8701)	(45, 35.8567)	(46, 35.8186)	(47, 35.8108)	(48, 35.8587)	(49, 35.8124)	(50, 35.8301)	(51, 35.8152)	(52, 35.8093)	(53, 35.7813)	(54, 35.7884)	(55, 35.7818)	(56, 35.7519)	(57, 35.7762)	(58, 35.7498)	(59, 35.7504)	(60, 35.7624)	(61, 35.7659)	(62, 35.7306)	(63, 35.7077)	(64, 35.6894)	(65, 35.6679)	(66, 35.6615)	(67, 35.7081)	(68, 35.6937)	(69, 35.6419)	(70, 35.6639)	(71, 35.6125)	(72, 35.6076)	(73, 35.1929)	(74, 18.3773)	(75, 30.4437)	(76, 31.0536)	(77, 34.388)	(78, 35.0977)	(79, 35.2915)	(80, 35.3417)	(81, 35.3224)	(82, 35.2914)	(83, 35.2423)	(84, 35.2105)	(85, 35.1636)	(86, 35.1485)	(87, 35.0963)	(88, 35.0749)	(89, 34.9817)	(90, 34.9253)	(91, 34.8858)	(92, 34.9134)	(93, 34.9513)	(94, 34.9016)	(95, 34.9027)	(96, 34.8898)	(97, 34.9242)	(98, 34.9416)	(99, 34.9145)	(100, 34.783)	(101, 34.7998)	(102, 34.8542)	(103, 34.7875)	(104, 34.7515)	(105, 34.6435)	(106, 34.5646)	(107, 34.4718)	(108, 34.4311)	(109, 34.3921)	(110, 34.3273)	(111, 34.2795)	(112, 34.2072)	(113, 34.0564)	(114, 34.0256)	(115, 33.9796)	(116, 33.909)	(117, 33.8666)	(118, 33.764)	(119, 33.6876)	(120, 33.5988)	(121, 33.5986)	(122, 33.4543)	(123, 33.2996)	(124, 32.9897)	(125, 32.4384)
GC_48hpi_3	(1, 32.3208)	(2, 32.3897)	(3, 32.425)	(4, 32.4606)	(5, 32.4735)	(6, 35.956)	(7, 36.1802)	(8, 36.242)	(9, 36.2647)	(10, 36.2623)	(11, 36.265)	(12, 36.268)	(13, 36.26)	(14, 36.263)	(15, 36.2421)	(16, 36.2333)	(17, 36.232)	(18, 36.2231)	(19, 36.2128)	(20, 36.1966)	(21, 36.1998)	(22, 36.1963)	(23, 36.1949)	(24, 36.1871)	(25, 36.1779)	(26, 36.15)	(27, 36.1389)	(28, 36.1307)	(29, 36.1033)	(30, 36.0828)	(31, 36.0665)	(32, 36.0406)	(33, 36.0367)	(34, 36.0257)	(35, 36.0085)	(36, 35.9963)	(37, 35.941)	(38, 35.9041)	(39, 35.8624)	(40, 35.8457)	(41, 35.8146)	(42, 35.798)	(43, 35.7785)	(44, 35.774)	(45, 35.7659)	(46, 35.7513)	(47, 35.7512)	(48, 35.7249)	(49, 35.7358)	(50, 35.7271)	(51, 35.7208)	(52, 35.7013)	(53, 35.6859)	(54, 35.6977)	(55, 35.6919)	(56, 35.6911)	(57, 35.6772)	(58, 35.6763)	(59, 35.6734)	(60, 35.6813)	(61, 35.6985)	(62, 35.697)	(63, 35.6917)	(64, 35.6684)	(65, 35.6558)	(66, 35.6353)	(67, 35.6152)	(68, 35.5939)	(69, 35.5794)	(70, 35.5797)	(71, 35.5576)	(72, 35.5379)	(73, 35.5341)	(74, 34.9168)	(75, 2.0)	(76, 25.6989)	(77, 26.6741)	(78, 33.1275)	(79, 34.5496)	(80, 35.0069)	(81, 35.094)	(82, 35.1463)	(83, 35.1478)	(84, 35.1363)	(85, 35.1356)	(86, 35.0503)	(87, 35.0657)	(88, 35.0181)	(89, 34.9763)	(90, 34.9528)	(91, 34.9131)	(92, 34.7587)	(93, 34.578)	(94, 34.8267)	(95, 34.8863)	(96, 34.9117)	(97, 34.9148)	(98, 34.8689)	(99, 34.8242)	(100, 34.7889)	(101, 34.7719)	(102, 34.7571)	(103, 34.7379)	(104, 34.6691)	(105, 34.6362)	(106, 34.58)	(107, 34.5436)	(108, 34.4971)	(109, 34.4503)	(110, 34.4147)	(111, 34.3412)	(112, 34.2554)	(113, 34.2071)	(114, 34.1316)	(115, 34.0416)	(116, 34.0018)	(117, 33.879)	(118, 33.8085)	(119, 33.7345)	(120, 33.633)	(121, 33.4851)	(122, 33.3267)	(123, 33.142)	(124, 32.7695)	(125, 32.2733)
GC_6hpi_1	(1, 32.3481)	(2, 32.4497)	(3, 32.4049)	(4, 32.4625)	(5, 32.4664)	(6, 35.9948)	(7, 36.1802)	(8, 36.221)	(9, 36.2674)	(10, 36.3288)	(11, 36.3409)	(12, 36.285)	(13, 36.325)	(14, 36.3449)	(15, 36.3377)	(16, 36.3316)	(17, 36.3295)	(18, 36.3184)	(19, 36.3174)	(20, 36.3033)	(21, 36.302)	(22, 36.2969)	(23, 36.2926)	(24, 36.2919)	(25, 36.2778)	(26, 36.2589)	(27, 36.2506)	(28, 36.2391)	(29, 36.2209)	(30, 35.8725)	(31, 36.0844)	(32, 36.1288)	(33, 36.1392)	(34, 36.1447)	(35, 36.1329)	(36, 36.1215)	(37, 36.0849)	(38, 36.0456)	(39, 36.0258)	(40, 35.9975)	(41, 35.9854)	(42, 35.9681)	(43, 35.9502)	(44, 35.8435)	(45, 35.9105)	(46, 35.9175)	(47, 35.9214)	(48, 35.9137)	(49, 35.9218)	(50, 35.9102)	(51, 35.8971)	(52, 35.8974)	(53, 35.8826)	(54, 35.8826)	(55, 35.877)	(56, 35.8716)	(57, 35.8542)	(58, 35.8467)	(59, 35.8431)	(60, 35.8494)	(61, 35.8592)	(62, 35.8419)	(63, 35.8333)	(64, 35.822)	(65, 35.816)	(66, 35.7997)	(67, 35.7855)	(68, 35.7831)	(69, 35.7655)	(70, 35.7571)	(71, 35.7348)	(72, 35.7202)	(73, 35.3759)	(74, 18.4913)	(75, 30.5934)	(76, 31.1287)	(77, 34.5273)	(78, 35.2116)	(79, 35.4029)	(80, 35.4337)	(81, 35.461)	(82, 35.4182)	(83, 35.3786)	(84, 35.3546)	(85, 35.3264)	(86, 35.2741)	(87, 35.2513)	(88, 35.2144)	(89, 35.1859)	(90, 35.1186)	(91, 35.096)	(92, 35.0852)	(93, 34.5839)	(94, 34.9633)	(95, 35.0585)	(96, 35.077)	(97, 35.0787)	(98, 35.0556)	(99, 35.0332)	(100, 34.9894)	(101, 34.9502)	(102, 34.941)	(103, 34.8794)	(104, 34.8458)	(105, 34.8206)	(106, 34.7914)	(107, 34.7303)	(108, 34.685)	(109, 34.6456)	(110, 34.5692)	(111, 34.5134)	(112, 34.4833)	(113, 34.4242)	(114, 34.3485)	(115, 34.2694)	(116, 34.1967)	(117, 34.1367)	(118, 34.0029)	(119, 33.9453)	(120, 33.8207)	(121, 33.7436)	(122, 33.558)	(123, 33.3691)	(124, 33.044)	(125, 32.4812)
GC_6hpi_2	(1, 32.3654)	(2, 32.4663)	(3, 32.4217)	(4, 32.4798)	(5, 32.4819)	(6, 36.0114)	(7, 36.1903)	(8, 36.231)	(9, 36.2786)	(10, 36.3365)	(11, 36.3513)	(12, 36.295)	(13, 36.332)	(14, 36.3521)	(15, 36.3466)	(16, 36.3395)	(17, 36.3387)	(18, 36.3279)	(19, 36.3264)	(20, 36.3127)	(21, 36.3111)	(22, 36.3052)	(23, 36.3034)	(24, 36.3005)	(25, 36.2866)	(26, 36.269)	(27, 36.2607)	(28, 36.2484)	(29, 36.2318)	(30, 35.8889)	(31, 36.0961)	(32, 36.1409)	(33, 36.1526)	(34, 36.1573)	(35, 36.1443)	(36, 36.1311)	(37, 36.0961)	(38, 36.0597)	(39, 36.0391)	(40, 36.0117)	(41, 35.999)	(42, 35.9812)	(43, 35.9629)	(44, 35.86)	(45, 35.9249)	(46, 35.9324)	(47, 35.9361)	(48, 35.9287)	(49, 35.9328)	(50, 35.9225)	(51, 35.9099)	(52, 35.9104)	(53, 35.8957)	(54, 35.8966)	(55, 35.8879)	(56, 35.8847)	(57, 35.8684)	(58, 35.8573)	(59, 35.8565)	(60, 35.8616)	(61, 35.8743)	(62, 35.8539)	(63, 35.8445)	(64, 35.837)	(65, 35.8273)	(66, 35.8149)	(67, 35.7987)	(68, 35.7956)	(69, 35.7775)	(70, 35.7669)	(71, 35.7459)	(72, 35.7343)	(73, 35.3903)	(74, 18.5052)	(75, 30.6022)	(76, 31.1419)	(77, 34.5472)	(78, 35.2321)	(79, 35.4168)	(80, 35.4494)	(81, 35.4755)	(82, 35.4375)	(83, 35.3957)	(84, 35.374)	(85, 35.3454)	(86, 35.2931)	(87, 35.2722)	(88, 35.2354)	(89, 35.207)	(90, 35.1393)	(91, 35.1161)	(92, 35.104)	(93, 34.6077)	(94, 34.9851)	(95, 35.0816)	(96, 35.1)	(97, 35.0976)	(98, 35.0796)	(99, 35.0499)	(100, 35.0111)	(101, 34.9737)	(102, 34.9653)	(103, 34.9022)	(104, 34.8713)	(105, 34.8495)	(106, 34.818)	(107, 34.7593)	(108, 34.7128)	(109, 34.6781)	(110, 34.6021)	(111, 34.5446)	(112, 34.5128)	(113, 34.4551)	(114, 34.383)	(115, 34.3021)	(116, 34.2285)	(117, 34.1696)	(118, 34.0378)	(119, 33.9809)	(120, 33.8586)	(121, 33.7798)	(122, 33.5977)	(123, 33.413)	(124, 33.0922)	(125, 32.5379)
GC_6hpi_3	(1, 32.3554)	(2, 32.456)	(3, 32.4109)	(4, 32.4707)	(5, 32.4731)	(6, 36.0005)	(7, 36.1834)	(8, 36.2239)	(9, 36.2705)	(10, 36.3303)	(11, 36.3455)	(12, 36.2879)	(13, 36.3269)	(14, 36.3473)	(15, 36.3407)	(16, 36.3331)	(17, 36.3344)	(18, 36.3233)	(19, 36.3218)	(20, 36.3058)	(21, 36.3082)	(22, 36.3019)	(23, 36.2978)	(24, 36.2973)	(25, 36.2812)	(26, 36.2628)	(27, 36.2552)	(28, 36.2427)	(29, 36.2269)	(30, 35.8821)	(31, 36.0902)	(32, 36.1333)	(33, 36.1443)	(34, 36.1503)	(35, 36.1381)	(36, 36.1264)	(37, 36.0896)	(38, 36.0502)	(39, 36.032)	(40, 36.0034)	(41, 35.9924)	(42, 35.9754)	(43, 35.9566)	(44, 35.8518)	(45, 35.9179)	(46, 35.9234)	(47, 35.9288)	(48, 35.9215)	(49, 35.9273)	(50, 35.9167)	(51, 35.9035)	(52, 35.9055)	(53, 35.89)	(54, 35.8914)	(55, 35.8831)	(56, 35.878)	(57, 35.8642)	(58, 35.854)	(59, 35.8502)	(60, 35.8561)	(61, 35.8644)	(62, 35.8499)	(63, 35.8407)	(64, 35.8312)	(65, 35.8234)	(66, 35.8102)	(67, 35.7926)	(68, 35.7925)	(69, 35.7733)	(70, 35.7624)	(71, 35.7426)	(72, 35.7286)	(73, 35.3834)	(74, 18.4997)	(75, 30.5991)	(76, 31.1409)	(77, 34.5401)	(78, 35.2242)	(79, 35.4115)	(80, 35.4451)	(81, 35.4725)	(82, 35.4341)	(83, 35.39)	(84, 35.37)	(85, 35.3404)	(86, 35.2883)	(87, 35.2667)	(88, 35.2287)	(89, 35.1994)	(90, 35.1319)	(91, 35.11)	(92, 35.0994)	(93, 34.6006)	(94, 34.9798)	(95, 35.0768)	(96, 35.0938)	(97, 35.0953)	(98, 35.0735)	(99, 35.0479)	(100, 35.007)	(101, 34.9687)	(102, 34.9596)	(103, 34.8964)	(104, 34.8634)	(105, 34.8437)	(106, 34.8135)	(107, 34.753)	(108, 34.7071)	(109, 34.6719)	(110, 34.5953)	(111, 34.5367)	(112, 34.5054)	(113, 34.4441)	(114, 34.371)	(115, 34.2929)	(116, 34.2191)	(117, 34.1606)	(118, 34.0267)	(119, 33.9717)	(120, 33.8498)	(121, 33.7678)	(122, 33.5843)	(123, 33.3996)	(124, 33.0746)	(125, 32.5164)
GI_24hpi_1	(1, 32.3766)	(2, 32.4654)	(3, 32.472)	(4, 32.4586)	(5, 32.483)	(6, 35.9836)	(7, 36.2212)	(8, 36.2918)	(9, 36.3207)	(10, 36.3149)	(11, 36.3182)	(12, 36.227)	(13, 36.2727)	(14, 36.272)	(15, 36.3005)	(16, 36.2194)	(17, 36.2377)	(18, 36.2644)	(19, 36.2678)	(20, 36.193)	(21, 36.1726)	(22, 36.1796)	(23, 36.2422)	(24, 36.2251)	(25, 36.2208)	(26, 36.1833)	(27, 36.2108)	(28, 36.1526)	(29, 36.0935)	(30, 36.0305)	(31, 36.0932)	(32, 36.0733)	(33, 36.005)	(34, 36.043)	(35, 35.9822)	(36, 36.0457)	(37, 35.8522)	(38, 35.8751)	(39, 35.8742)	(40, 35.9181)	(41, 35.8813)	(42, 35.8707)	(43, 35.89)	(44, 35.8868)	(45, 35.8733)	(46, 35.8342)	(47, 35.8259)	(48, 35.8745)	(49, 35.8337)	(50, 35.8504)	(51, 35.8313)	(52, 35.8242)	(53, 35.797)	(54, 35.8028)	(55, 35.7981)	(56, 35.7658)	(57, 35.792)	(58, 35.7658)	(59, 35.7656)	(60, 35.779)	(61, 35.7848)	(62, 35.7496)	(63, 35.7238)	(64, 35.6997)	(65, 35.6826)	(66, 35.677)	(67, 35.7245)	(68, 35.7092)	(69, 35.6565)	(70, 35.677)	(71, 35.628)	(72, 35.6211)	(73, 35.2082)	(74, 18.3882)	(75, 30.4694)	(76, 31.0689)	(77, 34.4132)	(78, 35.112)	(79, 35.3021)	(80, 35.3565)	(81, 35.3337)	(82, 35.3053)	(83, 35.2541)	(84, 35.2252)	(85, 35.1774)	(86, 35.1629)	(87, 35.1111)	(88, 35.0896)	(89, 34.9959)	(90, 34.9406)	(91, 34.9058)	(92, 34.9335)	(93, 34.9628)	(94, 34.9155)	(95, 34.9195)	(96, 34.9055)	(97, 34.9355)	(98, 34.9526)	(99, 34.9242)	(100, 34.7962)	(101, 34.8111)	(102, 34.8635)	(103, 34.7966)	(104, 34.7582)	(105, 34.6562)	(106, 34.5716)	(107, 34.4801)	(108, 34.4399)	(109, 34.3961)	(110, 34.3384)	(111, 34.2876)	(112, 34.2098)	(113, 34.0577)	(114, 34.0254)	(115, 33.983)	(116, 33.9088)	(117, 33.8604)	(118, 33.7576)	(119, 33.6825)	(120, 33.6042)	(121, 33.6002)	(122, 33.456)	(123, 33.297)	(124, 32.982)	(125, 32.4402)
GI_24hpi_2	(1, 32.3857)	(2, 32.4718)	(3, 32.4801)	(4, 32.4654)	(5, 32.4882)	(6, 35.9795)	(7, 36.2173)	(8, 36.2859)	(9, 36.3146)	(10, 36.3083)	(11, 36.3129)	(12, 36.2199)	(13, 36.2649)	(14, 36.264)	(15, 36.2929)	(16, 36.2102)	(17, 36.226)	(18, 36.2538)	(19, 36.2568)	(20, 36.1816)	(21, 36.1661)	(22, 36.172)	(23, 36.2309)	(24, 36.2146)	(25, 36.2106)	(26, 36.1737)	(27, 36.2013)	(28, 36.1414)	(29, 36.0822)	(30, 36.0149)	(31, 36.0812)	(32, 36.0605)	(33, 35.9923)	(34, 36.032)	(35, 35.9688)	(36, 36.0351)	(37, 35.837)	(38, 35.8579)	(39, 35.8589)	(40, 35.8993)	(41, 35.8635)	(42, 35.8533)	(43, 35.8763)	(44, 35.8708)	(45, 35.8559)	(46, 35.8143)	(47, 35.8106)	(48, 35.8559)	(49, 35.8141)	(50, 35.8311)	(51, 35.8118)	(52, 35.804)	(53, 35.7773)	(54, 35.7847)	(55, 35.7779)	(56, 35.7474)	(57, 35.7711)	(58, 35.7427)	(59, 35.7429)	(60, 35.7549)	(61, 35.76)	(62, 35.7247)	(63, 35.6999)	(64, 35.6778)	(65, 35.6565)	(66, 35.654)	(67, 35.6978)	(68, 35.6851)	(69, 35.6291)	(70, 35.6482)	(71, 35.5968)	(72, 35.5913)	(73, 35.1714)	(74, 18.3748)	(75, 30.4385)	(76, 31.0456)	(77, 34.3731)	(78, 35.0773)	(79, 35.2702)	(80, 35.3227)	(81, 35.3018)	(82, 35.2737)	(83, 35.2231)	(84, 35.1889)	(85, 35.1424)	(86, 35.1247)	(87, 35.0739)	(88, 35.0532)	(89, 34.9549)	(90, 34.9016)	(91, 34.863)	(92, 34.8886)	(93, 34.9213)	(94, 34.869)	(95, 34.873)	(96, 34.858)	(97, 34.8898)	(98, 34.9075)	(99, 34.8786)	(100, 34.7476)	(101, 34.761)	(102, 34.8136)	(103, 34.7438)	(104, 34.7039)	(105, 34.5982)	(106, 34.5114)	(107, 34.4213)	(108, 34.3807)	(109, 34.3362)	(110, 34.2747)	(111, 34.2252)	(112, 34.148)	(113, 33.9955)	(114, 33.9598)	(115, 33.9158)	(116, 33.8449)	(117, 33.7974)	(118, 33.6876)	(119, 33.6122)	(120, 33.5303)	(121, 33.5163)	(122, 33.3709)	(123, 33.2059)	(124, 32.8828)	(125, 32.3328)
GI_24hpi_3	(1, 32.3388)	(2, 32.4291)	(3, 32.4347)	(4, 32.4245)	(5, 32.4494)	(6, 35.9239)	(7, 36.1779)	(8, 36.2553)	(9, 36.2871)	(10, 36.2814)	(11, 36.2842)	(12, 36.1906)	(13, 36.2376)	(14, 36.2333)	(15, 36.262)	(16, 36.1794)	(17, 36.1937)	(18, 36.2252)	(19, 36.2244)	(20, 36.1486)	(21, 36.1317)	(22, 36.1391)	(23, 36.2007)	(24, 36.1809)	(25, 36.1775)	(26, 36.1399)	(27, 36.1697)	(28, 36.1065)	(29, 36.0474)	(30, 35.9805)	(31, 36.0442)	(32, 36.0256)	(33, 35.9553)	(34, 35.9924)	(35, 35.9297)	(36, 35.9949)	(37, 35.7992)	(38, 35.8186)	(39, 35.8206)	(40, 35.8627)	(41, 35.8231)	(42, 35.8093)	(43, 35.8332)	(44, 35.8282)	(45, 35.815)	(46, 35.7766)	(47, 35.7682)	(48, 35.8163)	(49, 35.77)	(50, 35.7897)	(51, 35.7707)	(52, 35.7638)	(53, 35.7374)	(54, 35.7427)	(55, 35.7371)	(56, 35.705)	(57, 35.7307)	(58, 35.703)	(59, 35.7029)	(60, 35.7181)	(61, 35.7215)	(62, 35.6879)	(63, 35.6598)	(64, 35.6374)	(65, 35.6213)	(66, 35.6102)	(67, 35.6602)	(68, 35.644)	(69, 35.5879)	(70, 35.6143)	(71, 35.5596)	(72, 35.5516)	(73, 35.1314)	(74, 18.2943)	(75, 30.3824)	(76, 30.9541)	(77, 34.2897)	(78, 35.0222)	(79, 35.221)	(80, 35.2767)	(81, 35.2541)	(82, 35.2209)	(83, 35.171)	(84, 35.1376)	(85, 35.0902)	(86, 35.0748)	(87, 35.0193)	(88, 34.9951)	(89, 34.8991)	(90, 34.8416)	(91, 34.7975)	(92, 34.8276)	(93, 34.861)	(94, 34.8146)	(95, 34.8203)	(96, 34.8041)	(97, 34.8316)	(98, 34.8464)	(99, 34.8154)	(100, 34.6833)	(101, 34.701)	(102, 34.7506)	(103, 34.6829)	(104, 34.6402)	(105, 34.5268)	(106, 34.4466)	(107, 34.3521)	(108, 34.3098)	(109, 34.2673)	(110, 34.2001)	(111, 34.1517)	(112, 34.0733)	(113, 33.9081)	(114, 33.8709)	(115, 33.8273)	(116, 33.7526)	(117, 33.7024)	(118, 33.5936)	(119, 33.5068)	(120, 33.4158)	(121, 33.4054)	(122, 33.2493)	(123, 33.077)	(124, 32.751)	(125, 32.1741)
GI_48hpi_1	(1, 32.3433)	(2, 32.4078)	(3, 32.4419)	(4, 32.477)	(5, 32.4898)	(6, 35.9917)	(7, 36.206)	(8, 36.2668)	(9, 36.2899)	(10, 36.287)	(11, 36.2921)	(12, 36.2941)	(13, 36.2853)	(14, 36.2918)	(15, 36.2694)	(16, 36.2613)	(17, 36.259)	(18, 36.2518)	(19, 36.2404)	(20, 36.2278)	(21, 36.2282)	(22, 36.2253)	(23, 36.2221)	(24, 36.2172)	(25, 36.2061)	(26, 36.1788)	(27, 36.1686)	(28, 36.1606)	(29, 36.136)	(30, 36.1173)	(31, 36.1024)	(32, 36.0781)	(33, 36.073)	(34, 36.0633)	(35, 36.0447)	(36, 36.0315)	(37, 35.9794)	(38, 35.9465)	(39, 35.9065)	(40, 35.8903)	(41, 35.8623)	(42, 35.8464)	(43, 35.8295)	(44, 35.8239)	(45, 35.8189)	(46, 35.8003)	(47, 35.802)	(48, 35.7779)	(49, 35.7876)	(50, 35.7734)	(51, 35.7687)	(52, 35.75)	(53, 35.7321)	(54, 35.7467)	(55, 35.7409)	(56, 35.7386)	(57, 35.7261)	(58, 35.7258)	(59, 35.7221)	(60, 35.7329)	(61, 35.7464)	(62, 35.7432)	(63, 35.7389)	(64, 35.7162)	(65, 35.7052)	(66, 35.6872)	(67, 35.668)	(68, 35.6457)	(69, 35.6309)	(70, 35.6319)	(71, 35.6121)	(72, 35.5944)	(73, 35.5877)	(74, 34.9859)	(75, 2.0)	(76, 25.7489)	(77, 26.7302)	(78, 33.2387)	(79, 34.6356)	(80, 35.0738)	(81, 35.1642)	(82, 35.2145)	(83, 35.2161)	(84, 35.2067)	(85, 35.2042)	(86, 35.1191)	(87, 35.1327)	(88, 35.0905)	(89, 35.0492)	(90, 35.0273)	(91, 34.9907)	(92, 34.8326)	(93, 34.658)	(94, 34.902)	(95, 34.9651)	(96, 34.987)	(97, 34.9906)	(98, 34.9499)	(99, 34.9057)	(100, 34.8706)	(101, 34.8539)	(102, 34.8419)	(103, 34.8185)	(104, 34.7516)	(105, 34.7237)	(106, 34.6663)	(107, 34.6304)	(108, 34.5887)	(109, 34.5453)	(110, 34.5093)	(111, 34.4398)	(112, 34.3535)	(113, 34.3116)	(114, 34.2401)	(115, 34.1471)	(116, 34.1098)	(117, 33.9874)	(118, 33.9206)	(119, 33.8528)	(120, 33.7517)	(121, 33.609)	(122, 33.4546)	(123, 33.2786)	(124, 32.9119)	(125, 32.4394)
GI_48hpi_2	(1, 32.357)	(2, 32.4229)	(3, 32.4566)	(4, 32.4914)	(5, 32.5057)	(6, 35.9969)	(7, 36.2073)	(8, 36.2674)	(9, 36.288)	(10, 36.2831)	(11, 36.287)	(12, 36.2931)	(13, 36.2825)	(14, 36.2868)	(15, 36.2634)	(16, 36.256)	(17, 36.2543)	(18, 36.2458)	(19, 36.2355)	(20, 36.2226)	(21, 36.2223)	(22, 36.2194)	(23, 36.217)	(24, 36.2113)	(25, 36.2001)	(26, 36.1706)	(27, 36.1614)	(28, 36.153)	(29, 36.1275)	(30, 36.1065)	(31, 36.0927)	(32, 36.0683)	(33, 36.0648)	(34, 36.0555)	(35, 36.038)	(36, 36.0233)	(37, 35.9692)	(38, 35.9336)	(39, 35.8901)	(40, 35.8733)	(41, 35.8407)	(42, 35.8273)	(43, 35.8078)	(44, 35.8009)	(45, 35.7946)	(46, 35.7748)	(47, 35.7778)	(48, 35.7538)	(49, 35.7652)	(50, 35.7499)	(51, 35.7443)	(52, 35.7267)	(53, 35.7088)	(54, 35.7222)	(55, 35.7159)	(56, 35.7124)	(57, 35.7021)	(58, 35.6989)	(59, 35.6982)	(60, 35.7042)	(61, 35.7177)	(62, 35.7167)	(63, 35.7127)	(64, 35.687)	(65, 35.6766)	(66, 35.6568)	(67, 35.6382)	(68, 35.6147)	(69, 35.6005)	(70, 35.5972)	(71, 35.576)	(72, 35.5559)	(73, 35.5497)	(74, 34.9314)	(75, 2.0)	(76, 25.7058)	(77, 26.6865)	(78, 33.1606)	(79, 34.5726)	(80, 35.0223)	(81, 35.1151)	(82, 35.1659)	(83, 35.1712)	(84, 35.16)	(85, 35.1544)	(86, 35.07)	(87, 35.0874)	(88, 35.0428)	(89, 35.0002)	(90, 34.9764)	(91, 34.9381)	(92, 34.7818)	(93, 34.6076)	(94, 34.8475)	(95, 34.9085)	(96, 34.9275)	(97, 34.9299)	(98, 34.8868)	(99, 34.8428)	(100, 34.8067)	(101, 34.7866)	(102, 34.7724)	(103, 34.75)	(104, 34.6817)	(105, 34.657)	(106, 34.5935)	(107, 34.5555)	(108, 34.5085)	(109, 34.4632)	(110, 34.4307)	(111, 34.3553)	(112, 34.2701)	(113, 34.2257)	(114, 34.1527)	(115, 34.0576)	(116, 34.0155)	(117, 33.8915)	(118, 33.8252)	(119, 33.7504)	(120, 33.6464)	(121, 33.5006)	(122, 33.3414)	(123, 33.1587)	(124, 32.7801)	(125, 32.2925)
GI_48hpi_3	(1, 32.3626)	(2, 32.428)	(3, 32.4613)	(4, 32.4963)	(5, 32.509)	(6, 36.0101)	(7, 36.2135)	(8, 36.2724)	(9, 36.2954)	(10, 36.2889)	(11, 36.2924)	(12, 36.2966)	(13, 36.2879)	(14, 36.2928)	(15, 36.2705)	(16, 36.263)	(17, 36.2606)	(18, 36.2511)	(19, 36.2407)	(20, 36.2284)	(21, 36.2278)	(22, 36.2248)	(23, 36.2221)	(24, 36.2166)	(25, 36.2056)	(26, 36.1778)	(27, 36.1671)	(28, 36.1598)	(29, 36.1351)	(30, 36.115)	(31, 36.0989)	(32, 36.0733)	(33, 36.0719)	(34, 36.061)	(35, 36.0427)	(36, 36.0303)	(37, 35.977)	(38, 35.9414)	(39, 35.9002)	(40, 35.8819)	(41, 35.8526)	(42, 35.8382)	(43, 35.8176)	(44, 35.8131)	(45, 35.8077)	(46, 35.7903)	(47, 35.789)	(48, 35.7665)	(49, 35.7765)	(50, 35.7624)	(51, 35.7558)	(52, 35.7373)	(53, 35.7223)	(54, 35.7339)	(55, 35.7303)	(56, 35.7264)	(57, 35.715)	(58, 35.7143)	(59, 35.7117)	(60, 35.72)	(61, 35.7305)	(62, 35.7315)	(63, 35.7253)	(64, 35.7017)	(65, 35.6913)	(66, 35.6728)	(67, 35.6542)	(68, 35.63)	(69, 35.6186)	(70, 35.6163)	(71, 35.5946)	(72, 35.5789)	(73, 35.5705)	(74, 34.9615)	(75, 2.0)	(76, 25.7269)	(77, 26.7169)	(78, 33.2079)	(79, 34.606)	(80, 35.0509)	(81, 35.1449)	(82, 35.1941)	(83, 35.1991)	(84, 35.1873)	(85, 35.1851)	(86, 35.1026)	(87, 35.1165)	(88, 35.0717)	(89, 35.0303)	(90, 35.0072)	(91, 34.97)	(92, 34.8128)	(93, 34.6416)	(94, 34.8823)	(95, 34.9425)	(96, 34.9627)	(97, 34.9643)	(98, 34.9229)	(99, 34.8768)	(100, 34.8438)	(101, 34.8233)	(102, 34.8098)	(103, 34.7889)	(104, 34.7242)	(105, 34.6928)	(106, 34.6367)	(107, 34.597)	(108, 34.5535)	(109, 34.5084)	(110, 34.4756)	(111, 34.4054)	(112, 34.3201)	(113, 34.2756)	(114, 34.2057)	(115, 34.1144)	(116, 34.0716)	(117, 33.9487)	(118, 33.8812)	(119, 33.814)	(120, 33.7119)	(121, 33.5665)	(122, 33.4109)	(123, 33.2286)	(124, 32.8584)	(125, 32.3809)
GI_6hpi_1	(1, 32.3388)	(2, 32.4413)	(3, 32.3977)	(4, 32.4595)	(5, 32.4606)	(6, 35.9851)	(7, 36.1727)	(8, 36.2179)	(9, 36.2635)	(10, 36.3245)	(11, 36.3414)	(12, 36.2844)	(13, 36.3225)	(14, 36.3452)	(15, 36.3368)	(16, 36.3295)	(17, 36.3283)	(18, 36.3198)	(19, 36.3172)	(20, 36.3015)	(21, 36.3034)	(22, 36.2981)	(23, 36.2938)	(24, 36.2939)	(25, 36.2798)	(26, 36.261)	(27, 36.2518)	(28, 36.2391)	(29, 36.2219)	(30, 35.8796)	(31, 36.0861)	(32, 36.1312)	(33, 36.141)	(34, 36.1454)	(35, 36.1338)	(36, 36.1219)	(37, 36.0874)	(38, 36.0523)	(39, 36.0298)	(40, 36.0023)	(41, 35.9906)	(42, 35.9755)	(43, 35.9573)	(44, 35.8523)	(45, 35.9183)	(46, 35.9256)	(47, 35.9277)	(48, 35.922)	(49, 35.9284)	(50, 35.916)	(51, 35.9063)	(52, 35.9061)	(53, 35.8904)	(54, 35.8898)	(55, 35.8837)	(56, 35.8788)	(57, 35.8623)	(58, 35.8543)	(59, 35.8535)	(60, 35.8591)	(61, 35.8678)	(62, 35.8513)	(63, 35.8431)	(64, 35.8326)	(65, 35.826)	(66, 35.8114)	(67, 35.7955)	(68, 35.7941)	(69, 35.7768)	(70, 35.7669)	(71, 35.7452)	(72, 35.7334)	(73, 35.3902)	(74, 18.5117)	(75, 30.612)	(76, 31.1461)	(77, 34.5474)	(78, 35.2307)	(79, 35.4172)	(80, 35.4518)	(81, 35.477)	(82, 35.438)	(83, 35.3969)	(84, 35.3746)	(85, 35.345)	(86, 35.2932)	(87, 35.2732)	(88, 35.2355)	(89, 35.2075)	(90, 35.1401)	(91, 35.1183)	(92, 35.1098)	(93, 34.6038)	(94, 34.9876)	(95, 35.085)	(96, 35.1046)	(97, 35.1061)	(98, 35.0823)	(99, 35.0555)	(100, 35.0172)	(101, 34.9798)	(102, 34.974)	(103, 34.9109)	(104, 34.8788)	(105, 34.8551)	(106, 34.8268)	(107, 34.766)	(108, 34.7213)	(109, 34.6857)	(110, 34.6101)	(111, 34.5536)	(112, 34.5212)	(113, 34.4616)	(114, 34.391)	(115, 34.3104)	(116, 34.2376)	(117, 34.1795)	(118, 34.0478)	(119, 33.993)	(120, 33.8695)	(121, 33.7926)	(122, 33.6087)	(123, 33.4236)	(124, 33.105)	(125, 32.5491)
GI_6hpi_2	(1, 32.3527)	(2, 32.4538)	(3, 32.4071)	(4, 32.4671)	(5, 32.4701)	(6, 35.9974)	(7, 36.1778)	(8, 36.2209)	(9, 36.2659)	(10, 36.3258)	(11, 36.3411)	(12, 36.2829)	(13, 36.3206)	(14, 36.3433)	(15, 36.3343)	(16, 36.3274)	(17, 36.3258)	(18, 36.3158)	(19, 36.315)	(20, 36.2986)	(21, 36.2982)	(22, 36.2937)	(23, 36.2898)	(24, 36.2886)	(25, 36.2741)	(26, 36.2564)	(27, 36.2481)	(28, 36.2345)	(29, 36.215)	(30, 35.8713)	(31, 36.0806)	(32, 36.125)	(33, 36.1351)	(34, 36.1394)	(35, 36.1272)	(36, 36.1147)	(37, 36.0791)	(38, 36.0401)	(39, 36.021)	(40, 35.9921)	(41, 35.978)	(42, 35.9636)	(43, 35.9429)	(44, 35.8382)	(45, 35.9042)	(46, 35.9116)	(47, 35.9155)	(48, 35.9086)	(49, 35.9127)	(50, 35.9001)	(51, 35.8904)	(52, 35.8917)	(53, 35.8762)	(54, 35.8762)	(55, 35.8658)	(56, 35.861)	(57, 35.8464)	(58, 35.8371)	(59, 35.8344)	(60, 35.8407)	(61, 35.8496)	(62, 35.8324)	(63, 35.8226)	(64, 35.8131)	(65, 35.8076)	(66, 35.7914)	(67, 35.7763)	(68, 35.7737)	(69, 35.7554)	(70, 35.7439)	(71, 35.7221)	(72, 35.7084)	(73, 35.3626)	(74, 18.4841)	(75, 30.5803)	(76, 31.1172)	(77, 34.5131)	(78, 35.1962)	(79, 35.3879)	(80, 35.4217)	(81, 35.4463)	(82, 35.4091)	(83, 35.3657)	(84, 35.3446)	(85, 35.3151)	(86, 35.2612)	(87, 35.2385)	(88, 35.2004)	(89, 35.1715)	(90, 35.1032)	(91, 35.0822)	(92, 35.0688)	(93, 34.568)	(94, 34.9461)	(95, 35.0434)	(96, 35.0631)	(97, 35.0615)	(98, 35.0399)	(99, 35.0149)	(100, 34.973)	(101, 34.9331)	(102, 34.9265)	(103, 34.8615)	(104, 34.8252)	(105, 34.8032)	(106, 34.7733)	(107, 34.7122)	(108, 34.6659)	(109, 34.6271)	(110, 34.5533)	(111, 34.493)	(112, 34.4638)	(113, 34.4008)	(114, 34.3281)	(115, 34.2481)	(116, 34.1717)	(117, 34.1108)	(118, 33.9771)	(119, 33.9198)	(120, 33.7942)	(121, 33.7111)	(122, 33.5263)	(123, 33.3339)	(124, 33.0056)	(125, 32.4385)
GI_6hpi_3	(1, 32.3944)	(2, 32.488)	(3, 32.4441)	(4, 32.5016)	(5, 32.5029)	(6, 36.0529)	(7, 36.2214)	(8, 36.2613)	(9, 36.3087)	(10, 36.3676)	(11, 36.3822)	(12, 36.3233)	(13, 36.3624)	(14, 36.385)	(15, 36.3781)	(16, 36.3722)	(17, 36.3723)	(18, 36.3604)	(19, 36.3607)	(20, 36.3442)	(21, 36.3452)	(22, 36.3396)	(23, 36.3356)	(24, 36.3337)	(25, 36.3213)	(26, 36.3036)	(27, 36.2966)	(28, 36.2842)	(29, 36.2693)	(30, 35.9301)	(31, 36.1363)	(32, 36.183)	(33, 36.1913)	(34, 36.1964)	(35, 36.1857)	(36, 36.1752)	(37, 36.1401)	(38, 36.1048)	(39, 36.0863)	(40, 36.0606)	(41, 36.0492)	(42, 36.0344)	(43, 36.0157)	(44, 35.9139)	(45, 35.9785)	(46, 35.9864)	(47, 35.9891)	(48, 35.9813)	(49, 35.9878)	(50, 35.9784)	(51, 35.9662)	(52, 35.9675)	(53, 35.9521)	(54, 35.9525)	(55, 35.9448)	(56, 35.9408)	(57, 35.9269)	(58, 35.9175)	(59, 35.9158)	(60, 35.921)	(61, 35.9299)	(62, 35.9129)	(63, 35.9049)	(64, 35.8949)	(65, 35.8878)	(66, 35.8746)	(67, 35.8594)	(68, 35.8584)	(69, 35.8406)	(70, 35.8323)	(71, 35.8113)	(72, 35.7967)	(73, 35.4642)	(74, 18.5907)	(75, 30.6859)	(76, 31.2208)	(77, 34.6542)	(78, 35.3157)	(79, 35.4963)	(80, 35.5282)	(81, 35.555)	(82, 35.5147)	(83, 35.475)	(84, 35.4548)	(85, 35.4264)	(86, 35.3745)	(87, 35.3556)	(88, 35.3192)	(89, 35.2926)	(90, 35.2254)	(91, 35.2052)	(92, 35.1969)	(93, 34.7069)	(94, 35.0788)	(95, 35.1731)	(96, 35.1912)	(97, 35.1897)	(98, 35.1734)	(99, 35.1472)	(100, 35.1103)	(101, 35.0744)	(102, 35.0651)	(103, 35.0035)	(104, 34.9738)	(105, 34.9528)	(106, 34.923)	(107, 34.8653)	(108, 34.8222)	(109, 34.789)	(110, 34.714)	(111, 34.6612)	(112, 34.6328)	(113, 34.5782)	(114, 34.5089)	(115, 34.4321)	(116, 34.3605)	(117, 34.3039)	(118, 34.1774)	(119, 34.1249)	(120, 34.0076)	(121, 33.934)	(122, 33.7614)	(123, 33.5854)	(124, 33.2806)	(125, 32.7521)
HC_24hpi_1	(1, 32.3458)	(2, 32.4472)	(3, 32.4003)	(4, 32.4607)	(5, 32.4647)	(6, 35.9921)	(7, 36.1758)	(8, 36.2162)	(9, 36.2641)	(10, 36.3234)	(11, 36.3378)	(12, 36.2815)	(13, 36.3183)	(14, 36.3409)	(15, 36.3327)	(16, 36.3254)	(17, 36.3252)	(18, 36.3146)	(19, 36.3126)	(20, 36.2979)	(21, 36.2981)	(22, 36.2915)	(23, 36.2877)	(24, 36.2863)	(25, 36.272)	(26, 36.253)	(27, 36.2458)	(28, 36.2325)	(29, 36.2168)	(30, 35.8729)	(31, 36.0806)	(32, 36.124)	(33, 36.1336)	(34, 36.138)	(35, 36.1257)	(36, 36.114)	(37, 36.0783)	(38, 36.0405)	(39, 36.019)	(40, 35.9905)	(41, 35.9788)	(42, 35.9608)	(43, 35.9423)	(44, 35.8379)	(45, 35.9047)	(46, 35.9081)	(47, 35.9132)	(48, 35.9066)	(49, 35.9115)	(50, 35.9007)	(51, 35.888)	(52, 35.89)	(53, 35.8731)	(54, 35.8743)	(55, 35.8653)	(56, 35.8607)	(57, 35.8465)	(58, 35.8361)	(59, 35.8339)	(60, 35.839)	(61, 35.8465)	(62, 35.8303)	(63, 35.8188)	(64, 35.8066)	(65, 35.8033)	(66, 35.7868)	(67, 35.772)	(68, 35.7709)	(69, 35.7507)	(70, 35.7392)	(71, 35.7192)	(72, 35.7019)	(73, 35.3511)	(74, 18.4809)	(75, 30.5784)	(76, 31.1232)	(77, 34.5054)	(78, 35.1899)	(79, 35.3799)	(80, 35.4152)	(81, 35.4387)	(82, 35.3998)	(83, 35.3602)	(84, 35.3363)	(85, 35.3064)	(86, 35.2514)	(87, 35.2295)	(88, 35.1906)	(89, 35.162)	(90, 35.093)	(91, 35.0667)	(92, 35.0588)	(93, 34.5531)	(94, 34.9347)	(95, 35.0335)	(96, 35.0479)	(97, 35.0479)	(98, 35.0274)	(99, 35.0009)	(100, 34.9578)	(101, 34.9193)	(102, 34.9088)	(103, 34.8425)	(104, 34.8088)	(105, 34.7872)	(106, 34.7574)	(107, 34.6951)	(108, 34.6494)	(109, 34.612)	(110, 34.5328)	(111, 34.4748)	(112, 34.4424)	(113, 34.3824)	(114, 34.3059)	(115, 34.2239)	(116, 34.1523)	(117, 34.0876)	(118, 33.9504)	(119, 33.892)	(120, 33.7646)	(121, 33.6804)	(122, 33.4976)	(123, 33.299)	(124, 32.9684)	(125, 32.4056)
HC_24hpi_2	(1, 32.3554)	(2, 32.4555)	(3, 32.4104)	(4, 32.4702)	(5, 32.4733)	(6, 35.9935)	(7, 36.1755)	(8, 36.2163)	(9, 36.2623)	(10, 36.3221)	(11, 36.3354)	(12, 36.2795)	(13, 36.3168)	(14, 36.3398)	(15, 36.3315)	(16, 36.3236)	(17, 36.3254)	(18, 36.3138)	(19, 36.3122)	(20, 36.2957)	(21, 36.2978)	(22, 36.2913)	(23, 36.2868)	(24, 36.2848)	(25, 36.2698)	(26, 36.2507)	(27, 36.2428)	(28, 36.2297)	(29, 36.2133)	(30, 35.8699)	(31, 36.0752)	(32, 36.1189)	(33, 36.1291)	(34, 36.134)	(35, 36.1236)	(36, 36.1118)	(37, 36.0736)	(38, 36.0348)	(39, 36.0134)	(40, 35.9852)	(41, 35.9742)	(42, 35.9567)	(43, 35.9381)	(44, 35.8357)	(45, 35.8994)	(46, 35.9013)	(47, 35.9069)	(48, 35.8995)	(49, 35.9048)	(50, 35.8939)	(51, 35.8821)	(52, 35.8835)	(53, 35.866)	(54, 35.8678)	(55, 35.8591)	(56, 35.8542)	(57, 35.8381)	(58, 35.8266)	(59, 35.8258)	(60, 35.8296)	(61, 35.8373)	(62, 35.821)	(63, 35.8101)	(64, 35.8003)	(65, 35.7948)	(66, 35.7786)	(67, 35.7606)	(68, 35.7617)	(69, 35.738)	(70, 35.7255)	(71, 35.7067)	(72, 35.6885)	(73, 35.3342)	(74, 18.4834)	(75, 30.5623)	(76, 31.1131)	(77, 34.4868)	(78, 35.175)	(79, 35.3656)	(80, 35.3984)	(81, 35.4261)	(82, 35.3857)	(83, 35.3453)	(84, 35.3222)	(85, 35.2909)	(86, 35.2364)	(87, 35.2139)	(88, 35.1749)	(89, 35.1449)	(90, 35.0755)	(91, 35.0497)	(92, 35.04)	(93, 34.5385)	(94, 34.9128)	(95, 35.0105)	(96, 35.0254)	(97, 35.0221)	(98, 35.0035)	(99, 34.9745)	(100, 34.9325)	(101, 34.8934)	(102, 34.8824)	(103, 34.8151)	(104, 34.7817)	(105, 34.7621)	(106, 34.7272)	(107, 34.6641)	(108, 34.618)	(109, 34.5806)	(110, 34.5013)	(111, 34.4423)	(112, 34.4083)	(113, 34.3491)	(114, 34.274)	(115, 34.1877)	(116, 34.1123)	(117, 34.0508)	(118, 33.9137)	(119, 33.8567)	(120, 33.7275)	(121, 33.6411)	(122, 33.4569)	(123, 33.2617)	(124, 32.9278)	(125, 32.3595)
HC_24hpi_3	(1, 32.3672)	(2, 32.4644)	(3, 32.4168)	(4, 32.4769)	(5, 32.4818)	(6, 36.0165)	(7, 36.1929)	(8, 36.2378)	(9, 36.2836)	(10, 36.3426)	(11, 36.3575)	(12, 36.2989)	(13, 36.3372)	(14, 36.3591)	(15, 36.3513)	(16, 36.3468)	(17, 36.3457)	(18, 36.3349)	(19, 36.3326)	(20, 36.317)	(21, 36.3175)	(22, 36.312)	(23, 36.3081)	(24, 36.3079)	(25, 36.2927)	(26, 36.2748)	(27, 36.2663)	(28, 36.2543)	(29, 36.2382)	(30, 35.8959)	(31, 36.1027)	(32, 36.1453)	(33, 36.1563)	(34, 36.1611)	(35, 36.1495)	(36, 36.1384)	(37, 36.101)	(38, 36.0672)	(39, 36.0445)	(40, 36.0159)	(41, 36.0063)	(42, 35.9874)	(43, 35.9689)	(44, 35.8625)	(45, 35.9281)	(46, 35.9367)	(47, 35.9394)	(48, 35.9338)	(49, 35.9387)	(50, 35.9285)	(51, 35.9154)	(52, 35.9167)	(53, 35.9009)	(54, 35.9007)	(55, 35.8905)	(56, 35.8851)	(57, 35.8696)	(58, 35.8612)	(59, 35.8612)	(60, 35.8657)	(61, 35.8733)	(62, 35.8566)	(63, 35.847)	(64, 35.8365)	(65, 35.8313)	(66, 35.817)	(67, 35.7983)	(68, 35.7983)	(69, 35.7758)	(70, 35.7639)	(71, 35.7427)	(72, 35.7265)	(73, 35.381)	(74, 18.5167)	(75, 30.6051)	(76, 31.124)	(77, 34.5352)	(78, 35.2195)	(79, 35.4067)	(80, 35.4383)	(81, 35.4639)	(82, 35.4252)	(83, 35.3857)	(84, 35.3601)	(85, 35.3327)	(86, 35.2779)	(87, 35.2559)	(88, 35.2175)	(89, 35.1854)	(90, 35.1213)	(91, 35.0947)	(92, 35.0854)	(93, 34.5845)	(94, 34.9605)	(95, 35.0574)	(96, 35.0728)	(97, 35.0729)	(98, 35.0515)	(99, 35.0241)	(100, 34.9803)	(101, 34.9447)	(102, 34.9331)	(103, 34.8682)	(104, 34.8366)	(105, 34.8146)	(106, 34.7823)	(107, 34.7232)	(108, 34.674)	(109, 34.6336)	(110, 34.5579)	(111, 34.5011)	(112, 34.4674)	(113, 34.4072)	(114, 34.3314)	(115, 34.2472)	(116, 34.1753)	(117, 34.1129)	(118, 33.9743)	(119, 33.9163)	(120, 33.794)	(121, 33.7115)	(122, 33.5292)	(123, 33.3369)	(124, 33.0124)	(125, 32.4521)
HC_48hpi_1	(1, 32.3882)	(2, 32.466)	(3, 32.5099)	(4, 32.5702)	(5, 32.5664)	(6, 36.0635)	(7, 36.3146)	(8, 36.3651)	(9, 36.3709)	(10, 36.3825)	(11, 36.3821)	(12, 36.3757)	(13, 36.3804)	(14, 36.3831)	(15, 36.3602)	(16, 36.3545)	(17, 36.3603)	(18, 36.3546)	(19, 36.3547)	(20, 36.3412)	(21, 36.3337)	(22, 36.3393)	(23, 36.3321)	(24, 36.3277)	(25, 36.3215)	(26, 36.3029)	(27, 36.2843)	(28, 36.2868)	(29, 36.254)	(30, 36.2407)	(31, 36.2089)	(32, 36.2069)	(33, 36.1938)	(34, 36.1809)	(35, 36.1752)	(36, 36.1532)	(37, 36.1208)	(38, 36.0845)	(39, 36.0498)	(40, 36.0318)	(41, 36.0054)	(42, 35.9927)	(43, 35.9704)	(44, 35.9549)	(45, 35.954)	(46, 35.9485)	(47, 35.9481)	(48, 35.9354)	(49, 35.9269)	(50, 35.92)	(51, 35.9079)	(52, 35.8937)	(53, 35.884)	(54, 35.8877)	(55, 35.8807)	(56, 35.8752)	(57, 35.868)	(58, 35.89)	(59, 35.8786)	(60, 35.8838)	(61, 35.8888)	(62, 35.893)	(63, 35.8743)	(64, 35.8732)	(65, 35.8577)	(66, 35.8358)	(67, 35.8163)	(68, 35.7936)	(69, 35.7971)	(70, 35.779)	(71, 35.7739)	(72, 35.7465)	(73, 35.7291)	(74, 35.0466)	(75, 2.0)	(76, 25.7076)	(77, 26.7526)	(78, 33.4289)	(79, 34.813)	(80, 35.2397)	(81, 35.3283)	(82, 35.3806)	(83, 35.3791)	(84, 35.3597)	(85, 35.3376)	(86, 35.292)	(87, 35.2927)	(88, 35.2532)	(89, 35.228)	(90, 35.1746)	(91, 35.1157)	(92, 35.0765)	(93, 35.1175)	(94, 35.1468)	(95, 35.1883)	(96, 35.1771)	(97, 35.1768)	(98, 35.1358)	(99, 35.0976)	(100, 35.0681)	(101, 35.0548)	(102, 35.0276)	(103, 34.9823)	(104, 34.9158)	(105, 34.9008)	(106, 34.8593)	(107, 34.8173)	(108, 34.7771)	(109, 34.7475)	(110, 34.6895)	(111, 34.6204)	(112, 34.5487)	(113, 34.4762)	(114, 34.4355)	(115, 34.3644)	(116, 34.3102)	(117, 34.2057)	(118, 34.1586)	(119, 34.1108)	(120, 34.0042)	(121, 33.8584)	(122, 33.6909)	(123, 33.4987)	(124, 33.1073)	(125, 32.6525)
HC_48hpi_2	(1, 32.3631)	(2, 32.4508)	(3, 32.4609)	(4, 32.4473)	(5, 32.4708)	(6, 35.9685)	(7, 36.2126)	(8, 36.286)	(9, 36.3176)	(10, 36.315)	(11, 36.318)	(12, 36.2249)	(13, 36.2702)	(14, 36.2723)	(15, 36.3003)	(16, 36.2196)	(17, 36.238)	(18, 36.2641)	(19, 36.2695)	(20, 36.1929)	(21, 36.1741)	(22, 36.1847)	(23, 36.243)	(24, 36.2295)	(25, 36.2232)	(26, 36.1871)	(27, 36.2146)	(28, 36.1584)	(29, 36.1008)	(30, 36.0357)	(31, 36.0958)	(32, 36.0753)	(33, 36.0096)	(34, 36.0483)	(35, 35.9866)	(36, 36.0494)	(37, 35.856)	(38, 35.8789)	(39, 35.8802)	(40, 35.9199)	(41, 35.8894)	(42, 35.8804)	(43, 35.8964)	(44, 35.8928)	(45, 35.8781)	(46, 35.8433)	(47, 35.8379)	(48, 35.8824)	(49, 35.8427)	(50, 35.8604)	(51, 35.8417)	(52, 35.8346)	(53, 35.8076)	(54, 35.8149)	(55, 35.8073)	(56, 35.772)	(57, 35.8003)	(58, 35.7753)	(59, 35.7745)	(60, 35.7889)	(61, 35.7979)	(62, 35.7622)	(63, 35.7374)	(64, 35.712)	(65, 35.6959)	(66, 35.6902)	(67, 35.7352)	(68, 35.7224)	(69, 35.672)	(70, 35.6944)	(71, 35.6458)	(72, 35.6374)	(73, 35.2287)	(74, 18.4139)	(75, 30.4991)	(76, 31.0664)	(77, 34.4295)	(78, 35.1352)	(79, 35.3225)	(80, 35.3783)	(81, 35.3565)	(82, 35.326)	(83, 35.2782)	(84, 35.2504)	(85, 35.2015)	(86, 35.1894)	(87, 35.136)	(88, 35.1105)	(89, 35.0225)	(90, 34.9726)	(91, 34.9349)	(92, 34.9622)	(93, 34.9931)	(94, 34.9456)	(95, 34.953)	(96, 34.9385)	(97, 34.968)	(98, 34.9861)	(99, 34.9549)	(100, 34.8309)	(101, 34.8492)	(102, 34.9003)	(103, 34.8389)	(104, 34.7984)	(105, 34.6996)	(106, 34.6154)	(107, 34.5277)	(108, 34.4866)	(109, 34.4463)	(110, 34.3847)	(111, 34.3368)	(112, 34.2611)	(113, 34.1088)	(114, 34.079)	(115, 34.0349)	(116, 33.9649)	(117, 33.9198)	(118, 33.8205)	(119, 33.7426)	(120, 33.6586)	(121, 33.6545)	(122, 33.5137)	(123, 33.3548)	(124, 33.0454)	(125, 32.5025)
HC_48hpi_3	(1, 32.3223)	(2, 32.4188)	(3, 32.4281)	(4, 32.4175)	(5, 32.4405)	(6, 35.9177)	(7, 36.1731)	(8, 36.2503)	(9, 36.2835)	(10, 36.279)	(11, 36.2806)	(12, 36.1877)	(13, 36.2338)	(14, 36.2322)	(15, 36.2611)	(16, 36.1778)	(17, 36.1936)	(18, 36.2245)	(19, 36.2258)	(20, 36.15)	(21, 36.1319)	(22, 36.1376)	(23, 36.1984)	(24, 36.1816)	(25, 36.1751)	(26, 36.1354)	(27, 36.1678)	(28, 36.1038)	(29, 36.0428)	(30, 35.978)	(31, 36.0419)	(32, 36.0225)	(33, 35.9514)	(34, 35.9894)	(35, 35.9265)	(36, 35.9917)	(37, 35.7951)	(38, 35.8125)	(39, 35.815)	(40, 35.8571)	(41, 35.822)	(42, 35.8091)	(43, 35.8299)	(44, 35.8246)	(45, 35.8115)	(46, 35.7721)	(47, 35.7653)	(48, 35.8133)	(49, 35.7698)	(50, 35.7884)	(51, 35.7694)	(52, 35.7627)	(53, 35.7334)	(54, 35.7395)	(55, 35.7344)	(56, 35.6995)	(57, 35.7257)	(58, 35.7006)	(59, 35.7002)	(60, 35.7151)	(61, 35.7186)	(62, 35.6829)	(63, 35.6581)	(64, 35.637)	(65, 35.6182)	(66, 35.6128)	(67, 35.6614)	(68, 35.6443)	(69, 35.5926)	(70, 35.6139)	(71, 35.5618)	(72, 35.5552)	(73, 35.1324)	(74, 18.3119)	(75, 30.4037)	(76, 30.9895)	(77, 34.3163)	(78, 35.0274)	(79, 35.2259)	(80, 35.2817)	(81, 35.2582)	(82, 35.2303)	(83, 35.1797)	(84, 35.1485)	(85, 35.0994)	(86, 35.0855)	(87, 35.0369)	(88, 35.0082)	(89, 34.9176)	(90, 34.8586)	(91, 34.8148)	(92, 34.846)	(93, 34.8804)	(94, 34.8293)	(95, 34.8392)	(96, 34.8253)	(97, 34.8589)	(98, 34.872)	(99, 34.8431)	(100, 34.7152)	(101, 34.7287)	(102, 34.7833)	(103, 34.7189)	(104, 34.6735)	(105, 34.5686)	(106, 34.4833)	(107, 34.3941)	(108, 34.3548)	(109, 34.311)	(110, 34.2485)	(111, 34.1997)	(112, 34.1266)	(113, 33.9717)	(114, 33.9411)	(115, 33.8974)	(116, 33.826)	(117, 33.7767)	(118, 33.6685)	(119, 33.5921)	(120, 33.5021)	(121, 33.493)	(122, 33.3435)	(123, 33.1773)	(124, 32.8531)	(125, 32.291)
HC_6hpi_1	(1, 32.2686)	(2, 32.4078)	(3, 32.4068)	(4, 32.4164)	(5, 32.4421)	(6, 36.0503)	(7, 36.2625)	(8, 36.3509)	(9, 36.3006)	(10, 36.2892)	(11, 36.3703)	(12, 36.3903)	(13, 36.3819)	(14, 36.3741)	(15, 36.3631)	(16, 36.2935)	(17, 36.3423)	(18, 36.3638)	(19, 36.3255)	(20, 36.3262)	(21, 36.3295)	(22, 36.3187)	(23, 36.2993)	(24, 36.3141)	(25, 36.3205)	(26, 36.3083)	(27, 36.2873)	(28, 36.2892)	(29, 36.2864)	(30, 36.2734)	(31, 36.2689)	(32, 36.2407)	(33, 36.2489)	(34, 36.2576)	(35, 36.2496)	(36, 36.2532)	(37, 36.2434)	(38, 36.2125)	(39, 36.1868)	(40, 36.1927)	(41, 36.1836)	(42, 36.1799)	(43, 36.1806)	(44, 36.181)	(45, 36.1657)	(46, 36.1656)	(47, 36.1537)	(48, 36.1459)	(49, 36.1313)	(50, 36.0435)	(51, 36.0886)	(52, 36.1225)	(53, 36.0953)	(54, 36.0991)	(55, 36.0952)	(56, 36.0757)	(57, 36.0827)	(58, 36.0722)	(59, 36.0414)	(60, 36.033)	(61, 36.0287)	(62, 36.0408)	(63, 36.04)	(64, 36.0297)	(65, 36.0217)	(66, 36.0003)	(67, 35.9854)	(68, 35.9768)	(69, 35.9574)	(70, 35.9645)	(71, 35.9289)	(72, 35.9463)	(73, 35.9315)	(74, 35.9275)	(75, 35.9482)	(76, 35.9381)	(77, 35.9163)	(78, 35.9031)	(79, 35.8997)	(80, 35.871)	(81, 35.8594)	(82, 35.8384)	(83, 35.8239)	(84, 35.7986)	(85, 35.7987)	(86, 35.7879)	(87, 35.7684)	(88, 35.7589)	(89, 35.7149)	(90, 35.6906)	(91, 35.6757)	(92, 35.6617)	(93, 35.6473)	(94, 35.6299)	(95, 35.5863)	(96, 35.6183)	(97, 35.5893)	(98, 35.5691)	(99, 35.5122)	(100, 35.4758)	(101, 35.4534)	(102, 35.4454)	(103, 35.3976)	(104, 35.3801)	(105, 35.31)	(106, 35.2683)	(107, 35.2152)	(108, 35.1541)	(109, 35.0847)	(110, 35.0551)	(111, 35.0267)	(112, 35.0045)	(113, 34.9795)	(114, 34.9501)	(115, 34.8705)	(116, 34.8038)	(117, 34.7345)	(118, 34.6731)	(119, 34.6132)	(120, 34.5615)	(121, 34.4892)	(122, 34.4215)	(123, 34.2984)	(124, 33.997)	(125, 33.5873)
HC_6hpi_2	(1, 32.2432)	(2, 32.3856)	(3, 32.3815)	(4, 32.3887)	(5, 32.4168)	(6, 36.0122)	(7, 36.2253)	(8, 36.3172)	(9, 36.2658)	(10, 36.257)	(11, 36.3343)	(12, 36.356)	(13, 36.3468)	(14, 36.3363)	(15, 36.3249)	(16, 36.2564)	(17, 36.3043)	(18, 36.327)	(19, 36.2859)	(20, 36.2866)	(21, 36.2894)	(22, 36.279)	(23, 36.2577)	(24, 36.2721)	(25, 36.2775)	(26, 36.2682)	(27, 36.2465)	(28, 36.2445)	(29, 36.2447)	(30, 36.2289)	(31, 36.2246)	(32, 36.1931)	(33, 36.2034)	(34, 36.2123)	(35, 36.2029)	(36, 36.2083)	(37, 36.2007)	(38, 36.166)	(39, 36.1376)	(40, 36.1409)	(41, 36.1301)	(42, 36.1288)	(43, 36.1274)	(44, 36.1282)	(45, 36.1142)	(46, 36.1115)	(47, 36.1)	(48, 36.0923)	(49, 36.0758)	(50, 35.9892)	(51, 36.0346)	(52, 36.0687)	(53, 36.0426)	(54, 36.0421)	(55, 36.0348)	(56, 36.0197)	(57, 36.0239)	(58, 36.0119)	(59, 35.9799)	(60, 35.9707)	(61, 35.9664)	(62, 35.9787)	(63, 35.9788)	(64, 35.9685)	(65, 35.964)	(66, 35.9354)	(67, 35.9238)	(68, 35.9122)	(69, 35.8935)	(70, 35.9033)	(71, 35.8629)	(72, 35.8831)	(73, 35.8658)	(74, 35.8613)	(75, 35.8848)	(76, 35.8732)	(77, 35.8518)	(78, 35.8351)	(79, 35.8333)	(80, 35.8023)	(81, 35.7891)	(82, 35.7686)	(83, 35.7557)	(84, 35.7242)	(85, 35.7275)	(86, 35.7161)	(87, 35.694)	(88, 35.6834)	(89, 35.6364)	(90, 35.6111)	(91, 35.5941)	(92, 35.5804)	(93, 35.5628)	(94, 35.5463)	(95, 35.4977)	(96, 35.5312)	(97, 35.5031)	(98, 35.4824)	(99, 35.4166)	(100, 35.3807)	(101, 35.3536)	(102, 35.3446)	(103, 35.2922)	(104, 35.2772)	(105, 35.2002)	(106, 35.1529)	(107, 35.0917)	(108, 35.0298)	(109, 34.9503)	(110, 34.9219)	(111, 34.8866)	(112, 34.8661)	(113, 34.8326)	(114, 34.8053)	(115, 34.7207)	(116, 34.6489)	(117, 34.5668)	(118, 34.5038)	(119, 34.4401)	(120, 34.3825)	(121, 34.3106)	(122, 34.2382)	(123, 34.1041)	(124, 33.7805)	(125, 33.3458)
HC_6hpi_3	(1, 32.2889)	(2, 32.4239)	(3, 32.4165)	(4, 32.4266)	(5, 32.451)	(6, 36.0561)	(7, 36.2626)	(8, 36.3489)	(9, 36.2981)	(10, 36.2853)	(11, 36.3635)	(12, 36.3857)	(13, 36.3782)	(14, 36.3669)	(15, 36.3563)	(16, 36.287)	(17, 36.3342)	(18, 36.3568)	(19, 36.3177)	(20, 36.3158)	(21, 36.3211)	(22, 36.3098)	(23, 36.291)	(24, 36.3048)	(25, 36.3106)	(26, 36.3014)	(27, 36.2785)	(28, 36.2798)	(29, 36.2797)	(30, 36.2637)	(31, 36.261)	(32, 36.2305)	(33, 36.2419)	(34, 36.2512)	(35, 36.2411)	(36, 36.2456)	(37, 36.2372)	(38, 36.2034)	(39, 36.1791)	(40, 36.1815)	(41, 36.1721)	(42, 36.1697)	(43, 36.1674)	(44, 36.1678)	(45, 36.1546)	(46, 36.1535)	(47, 36.1425)	(48, 36.1367)	(49, 36.1195)	(50, 36.0324)	(51, 36.0783)	(52, 36.1123)	(53, 36.0854)	(54, 36.0885)	(55, 36.0815)	(56, 36.067)	(57, 36.0713)	(58, 36.0604)	(59, 36.0296)	(60, 36.0201)	(61, 36.0168)	(62, 36.0284)	(63, 36.0293)	(64, 36.0192)	(65, 36.013)	(66, 35.9873)	(67, 35.9745)	(68, 35.9643)	(69, 35.9462)	(70, 35.9545)	(71, 35.9151)	(72, 35.9337)	(73, 35.9186)	(74, 35.9153)	(75, 35.9349)	(76, 35.9264)	(77, 35.9069)	(78, 35.8901)	(79, 35.8884)	(80, 35.8613)	(81, 35.8462)	(82, 35.8277)	(83, 35.8116)	(84, 35.7848)	(85, 35.7859)	(86, 35.7751)	(87, 35.7572)	(88, 35.7464)	(89, 35.7019)	(90, 35.6784)	(91, 35.6625)	(92, 35.6478)	(93, 35.6305)	(94, 35.6154)	(95, 35.5696)	(96, 35.603)	(97, 35.5735)	(98, 35.5521)	(99, 35.4921)	(100, 35.4569)	(101, 35.4341)	(102, 35.4253)	(103, 35.3767)	(104, 35.3611)	(105, 35.2887)	(106, 35.244)	(107, 35.1889)	(108, 35.1295)	(109, 35.0585)	(110, 35.0272)	(111, 34.9956)	(112, 34.9753)	(113, 34.949)	(114, 34.9204)	(115, 34.8435)	(116, 34.7736)	(117, 34.698)	(118, 34.641)	(119, 34.5808)	(120, 34.5265)	(121, 34.4558)	(122, 34.3871)	(123, 34.264)	(124, 33.9571)	(125, 33.5463)
HI_24hpi_1	(1, 32.3403)	(2, 32.4326)	(3, 32.4373)	(4, 32.4263)	(5, 32.4516)	(6, 35.9192)	(7, 36.1711)	(8, 36.2479)	(9, 36.2778)	(10, 36.2658)	(11, 36.2729)	(12, 36.1798)	(13, 36.2233)	(14, 36.2184)	(15, 36.2485)	(16, 36.1655)	(17, 36.1768)	(18, 36.2078)	(19, 36.2071)	(20, 36.1328)	(21, 36.1181)	(22, 36.1202)	(23, 36.183)	(24, 36.1646)	(25, 36.1586)	(26, 36.1203)	(27, 36.1518)	(28, 36.0861)	(29, 36.0249)	(30, 35.9569)	(31, 36.0256)	(32, 36.0044)	(33, 35.9298)	(34, 35.9694)	(35, 35.9016)	(36, 35.9735)	(37, 35.7714)	(38, 35.7947)	(39, 35.794)	(40, 35.8386)	(41, 35.7987)	(42, 35.7822)	(43, 35.8093)	(44, 35.8058)	(45, 35.7904)	(46, 35.7512)	(47, 35.7431)	(48, 35.7937)	(49, 35.7435)	(50, 35.7639)	(51, 35.7503)	(52, 35.7411)	(53, 35.7108)	(54, 35.7218)	(55, 35.7139)	(56, 35.6803)	(57, 35.7029)	(58, 35.6767)	(59, 35.6761)	(60, 35.6914)	(61, 35.6916)	(62, 35.6604)	(63, 35.6359)	(64, 35.6148)	(65, 35.5938)	(66, 35.5871)	(67, 35.6308)	(68, 35.6181)	(69, 35.5603)	(70, 35.5849)	(71, 35.5312)	(72, 35.5213)	(73, 35.0977)	(74, 18.3055)	(75, 30.3563)	(76, 30.964)	(77, 34.2575)	(78, 34.9888)	(79, 35.1953)	(80, 35.2452)	(81, 35.2258)	(82, 35.1916)	(83, 35.14)	(84, 35.1084)	(85, 35.0581)	(86, 35.0407)	(87, 34.9875)	(88, 34.9638)	(89, 34.8662)	(90, 34.8055)	(91, 34.763)	(92, 34.7905)	(93, 34.8291)	(94, 34.778)	(95, 34.7822)	(96, 34.7688)	(97, 34.801)	(98, 34.8182)	(99, 34.7889)	(100, 34.6537)	(101, 34.6668)	(102, 34.7208)	(103, 34.6505)	(104, 34.6121)	(105, 34.493)	(106, 34.4143)	(107, 34.318)	(108, 34.2785)	(109, 34.2346)	(110, 34.1692)	(111, 34.121)	(112, 34.0425)	(113, 33.8834)	(114, 33.8561)	(115, 33.8025)	(116, 33.7262)	(117, 33.6806)	(118, 33.5741)	(119, 33.491)	(120, 33.3927)	(121, 33.3828)	(122, 33.232)	(123, 33.0612)	(124, 32.7288)	(125, 32.1536)
HI_24hpi_2	(1, 32.3787)	(2, 32.4697)	(3, 32.4753)	(4, 32.4625)	(5, 32.485)	(6, 35.9718)	(7, 36.207)	(8, 36.2775)	(9, 36.3049)	(10, 36.2952)	(11, 36.2999)	(12, 36.2091)	(13, 36.2529)	(14, 36.2513)	(15, 36.2783)	(16, 36.1952)	(17, 36.209)	(18, 36.2375)	(19, 36.241)	(20, 36.1637)	(21, 36.1487)	(22, 36.154)	(23, 36.2133)	(24, 36.1978)	(25, 36.1923)	(26, 36.1517)	(27, 36.1814)	(28, 36.122)	(29, 36.0594)	(30, 35.9919)	(31, 36.0602)	(32, 36.0374)	(33, 35.9664)	(34, 36.0072)	(35, 35.9396)	(36, 36.0109)	(37, 35.8099)	(38, 35.8297)	(39, 35.8288)	(40, 35.8717)	(41, 35.8346)	(42, 35.8234)	(43, 35.8468)	(44, 35.8402)	(45, 35.826)	(46, 35.7838)	(47, 35.7786)	(48, 35.8253)	(49, 35.7807)	(50, 35.7977)	(51, 35.7819)	(52, 35.7721)	(53, 35.7461)	(54, 35.7504)	(55, 35.7445)	(56, 35.7097)	(57, 35.7353)	(58, 35.7068)	(59, 35.7079)	(60, 35.7201)	(61, 35.7243)	(62, 35.6907)	(63, 35.6621)	(64, 35.6411)	(65, 35.6221)	(66, 35.6154)	(67, 35.6572)	(68, 35.6418)	(69, 35.5882)	(70, 35.6068)	(71, 35.5541)	(72, 35.5493)	(73, 35.1182)	(74, 18.3358)	(75, 30.3931)	(76, 31.0002)	(77, 34.3086)	(78, 35.0181)	(79, 35.2151)	(80, 35.2683)	(81, 35.2506)	(82, 35.2187)	(83, 35.1642)	(84, 35.134)	(85, 35.0836)	(86, 35.0665)	(87, 35.0146)	(88, 34.9923)	(89, 34.8946)	(90, 34.8371)	(91, 34.7952)	(92, 34.8178)	(93, 34.8542)	(94, 34.7999)	(95, 34.8037)	(96, 34.7864)	(97, 34.8195)	(98, 34.8352)	(99, 34.8066)	(100, 34.6708)	(101, 34.6803)	(102, 34.7346)	(103, 34.6627)	(104, 34.6207)	(105, 34.5142)	(106, 34.4247)	(107, 34.3315)	(108, 34.2894)	(109, 34.2446)	(110, 34.1803)	(111, 34.1282)	(112, 34.0511)	(113, 33.8946)	(114, 33.8626)	(115, 33.8143)	(116, 33.7406)	(117, 33.6886)	(118, 33.5772)	(119, 33.4947)	(120, 33.405)	(121, 33.3877)	(122, 33.2394)	(123, 33.0659)	(124, 32.7285)	(125, 32.161)
HI_24hpi_3	(1, 32.3512)	(2, 32.4406)	(3, 32.4473)	(4, 32.4379)	(5, 32.4609)	(6, 35.9429)	(7, 36.1908)	(8, 36.2637)	(9, 36.2936)	(10, 36.2849)	(11, 36.2894)	(12, 36.2001)	(13, 36.2411)	(14, 36.2405)	(15, 36.2681)	(16, 36.1843)	(17, 36.1991)	(18, 36.2293)	(19, 36.2313)	(20, 36.1551)	(21, 36.1397)	(22, 36.1413)	(23, 36.2048)	(24, 36.1888)	(25, 36.1805)	(26, 36.1411)	(27, 36.1736)	(28, 36.1128)	(29, 36.0482)	(30, 35.9822)	(31, 36.0496)	(32, 36.0279)	(33, 35.9552)	(34, 35.9964)	(35, 35.9309)	(36, 35.999)	(37, 35.798)	(38, 35.8206)	(39, 35.8198)	(40, 35.8622)	(41, 35.8269)	(42, 35.8153)	(43, 35.8343)	(44, 35.8321)	(45, 35.8177)	(46, 35.7749)	(47, 35.7683)	(48, 35.8181)	(49, 35.7759)	(50, 35.7905)	(51, 35.7746)	(52, 35.7675)	(53, 35.7386)	(54, 35.7456)	(55, 35.7384)	(56, 35.7051)	(57, 35.7306)	(58, 35.7049)	(59, 35.7033)	(60, 35.718)	(61, 35.721)	(62, 35.6868)	(63, 35.6587)	(64, 35.6307)	(65, 35.6175)	(66, 35.6118)	(67, 35.6574)	(68, 35.6448)	(69, 35.5885)	(70, 35.607)	(71, 35.5592)	(72, 35.5486)	(73, 35.119)	(74, 18.3181)	(75, 30.3925)	(76, 30.998)	(77, 34.3033)	(78, 35.0237)	(79, 35.22)	(80, 35.2749)	(81, 35.2594)	(82, 35.226)	(83, 35.1729)	(84, 35.1428)	(85, 35.0885)	(86, 35.0744)	(87, 35.0227)	(88, 34.9967)	(89, 34.8998)	(90, 34.8461)	(91, 34.8061)	(92, 34.8323)	(93, 34.8622)	(94, 34.8079)	(95, 34.8165)	(96, 34.8017)	(97, 34.834)	(98, 34.8519)	(99, 34.8257)	(100, 34.6882)	(101, 34.7034)	(102, 34.7566)	(103, 34.6875)	(104, 34.6451)	(105, 34.5376)	(106, 34.4481)	(107, 34.3496)	(108, 34.3086)	(109, 34.2646)	(110, 34.2013)	(111, 34.1509)	(112, 34.0749)	(113, 33.9178)	(114, 33.8871)	(115, 33.8392)	(116, 33.7645)	(117, 33.7158)	(118, 33.6012)	(119, 33.5205)	(120, 33.4339)	(121, 33.4205)	(122, 33.2725)	(123, 33.1027)	(124, 32.767)	(125, 32.1953)
HI_48hpi_1	(1, 32.3949)	(2, 32.4696)	(3, 32.5119)	(4, 32.5731)	(5, 32.5702)	(6, 36.0666)	(7, 36.3151)	(8, 36.3643)	(9, 36.3723)	(10, 36.3825)	(11, 36.3823)	(12, 36.3758)	(13, 36.3787)	(14, 36.3828)	(15, 36.3622)	(16, 36.3546)	(17, 36.3619)	(18, 36.3547)	(19, 36.3544)	(20, 36.3414)	(21, 36.3328)	(22, 36.3407)	(23, 36.3336)	(24, 36.3273)	(25, 36.3214)	(26, 36.3031)	(27, 36.2836)	(28, 36.2896)	(29, 36.2522)	(30, 36.2422)	(31, 36.2101)	(32, 36.2086)	(33, 36.1949)	(34, 36.1812)	(35, 36.1764)	(36, 36.1546)	(37, 36.1239)	(38, 36.0853)	(39, 36.0505)	(40, 36.0302)	(41, 36.0077)	(42, 35.9918)	(43, 35.9707)	(44, 35.9565)	(45, 35.954)	(46, 35.947)	(47, 35.9474)	(48, 35.935)	(49, 35.9266)	(50, 35.9169)	(51, 35.9068)	(52, 35.8943)	(53, 35.881)	(54, 35.8856)	(55, 35.8798)	(56, 35.872)	(57, 35.8644)	(58, 35.883)	(59, 35.8752)	(60, 35.8802)	(61, 35.8826)	(62, 35.8895)	(63, 35.8701)	(64, 35.8666)	(65, 35.852)	(66, 35.8319)	(67, 35.807)	(68, 35.7859)	(69, 35.786)	(70, 35.7706)	(71, 35.7629)	(72, 35.7345)	(73, 35.7154)	(74, 35.0224)	(75, 2.0)	(76, 25.688)	(77, 26.7608)	(78, 33.4119)	(79, 34.8004)	(80, 35.2271)	(81, 35.3178)	(82, 35.3676)	(83, 35.3647)	(84, 35.3453)	(85, 35.3216)	(86, 35.2735)	(87, 35.2755)	(88, 35.2352)	(89, 35.2098)	(90, 35.1558)	(91, 35.0955)	(92, 35.0539)	(93, 35.0929)	(94, 35.1221)	(95, 35.1654)	(96, 35.1546)	(97, 35.1519)	(98, 35.1139)	(99, 35.0746)	(100, 35.043)	(101, 35.0324)	(102, 35.0047)	(103, 34.9537)	(104, 34.8896)	(105, 34.8736)	(106, 34.829)	(107, 34.787)	(108, 34.7453)	(109, 34.7173)	(110, 34.6588)	(111, 34.5882)	(112, 34.5175)	(113, 34.4461)	(114, 34.4076)	(115, 34.3337)	(116, 34.2766)	(117, 34.1705)	(118, 34.1192)	(119, 34.0694)	(120, 33.9621)	(121, 33.8115)	(122, 33.6491)	(123, 33.4501)	(124, 33.0595)	(125, 32.606)
HI_48hpi_2	(1, 32.3836)	(2, 32.4637)	(3, 32.5055)	(4, 32.5665)	(5, 32.5616)	(6, 36.0589)	(7, 36.3086)	(8, 36.3578)	(9, 36.3663)	(10, 36.374)	(11, 36.3741)	(12, 36.3678)	(13, 36.3694)	(14, 36.3747)	(15, 36.3513)	(16, 36.342)	(17, 36.3491)	(18, 36.3418)	(19, 36.3412)	(20, 36.3285)	(21, 36.3221)	(22, 36.3292)	(23, 36.3212)	(24, 36.3151)	(25, 36.3096)	(26, 36.2903)	(27, 36.2708)	(28, 36.2765)	(29, 36.2417)	(30, 36.2285)	(31, 36.1951)	(32, 36.1936)	(33, 36.1812)	(34, 36.1681)	(35, 36.1617)	(36, 36.1399)	(37, 36.1054)	(38, 36.0684)	(39, 36.0353)	(40, 36.0154)	(41, 35.9901)	(42, 35.9744)	(43, 35.953)	(44, 35.9377)	(45, 35.9378)	(46, 35.9326)	(47, 35.9299)	(48, 35.9211)	(49, 35.9102)	(50, 35.8996)	(51, 35.8887)	(52, 35.874)	(53, 35.8619)	(54, 35.8677)	(55, 35.8635)	(56, 35.855)	(57, 35.8472)	(58, 35.8671)	(59, 35.8571)	(60, 35.8631)	(61, 35.8675)	(62, 35.8719)	(63, 35.853)	(64, 35.851)	(65, 35.8372)	(66, 35.8166)	(67, 35.7941)	(68, 35.7697)	(69, 35.772)	(70, 35.7554)	(71, 35.7484)	(72, 35.7183)	(73, 35.7016)	(74, 35.0119)	(75, 2.0)	(76, 25.6871)	(77, 26.7493)	(78, 33.3846)	(79, 34.7773)	(80, 35.2077)	(81, 35.3006)	(82, 35.3525)	(83, 35.35)	(84, 35.3271)	(85, 35.3057)	(86, 35.2572)	(87, 35.2626)	(88, 35.2192)	(89, 35.1939)	(90, 35.1402)	(91, 35.0812)	(92, 35.0391)	(93, 35.079)	(94, 35.1105)	(95, 35.1535)	(96, 35.1424)	(97, 35.1417)	(98, 35.1018)	(99, 35.06)	(100, 35.0312)	(101, 35.015)	(102, 34.9874)	(103, 34.9388)	(104, 34.8746)	(105, 34.8596)	(106, 34.816)	(107, 34.7708)	(108, 34.7301)	(109, 34.7002)	(110, 34.6442)	(111, 34.5733)	(112, 34.5023)	(113, 34.4317)	(114, 34.3929)	(115, 34.3194)	(116, 34.2616)	(117, 34.1553)	(118, 34.0988)	(119, 34.0512)	(120, 33.9417)	(121, 33.7944)	(122, 33.6258)	(123, 33.4258)	(124, 33.0246)	(125, 32.5578)
HI_48hpi_3	(1, 32.3248)	(2, 32.4232)	(3, 32.4344)	(4, 32.4245)	(5, 32.4461)	(6, 35.9321)	(7, 36.1854)	(8, 36.263)	(9, 36.2929)	(10, 36.2913)	(11, 36.2962)	(12, 36.2006)	(13, 36.248)	(14, 36.2471)	(15, 36.2741)	(16, 36.1914)	(17, 36.2095)	(18, 36.2371)	(19, 36.2384)	(20, 36.1636)	(21, 36.1462)	(22, 36.1549)	(23, 36.2145)	(24, 36.1982)	(25, 36.1922)	(26, 36.1545)	(27, 36.1859)	(28, 36.1232)	(29, 36.0658)	(30, 36.0017)	(31, 36.0637)	(32, 36.0439)	(33, 35.9752)	(34, 36.0132)	(35, 35.9514)	(36, 36.0155)	(37, 35.8241)	(38, 35.8472)	(39, 35.8483)	(40, 35.89)	(41, 35.8547)	(42, 35.8422)	(43, 35.8608)	(44, 35.8597)	(45, 35.8463)	(46, 35.8077)	(47, 35.8008)	(48, 35.8492)	(49, 35.8044)	(50, 35.8232)	(51, 35.8062)	(52, 35.799)	(53, 35.7704)	(54, 35.7773)	(55, 35.7714)	(56, 35.7378)	(57, 35.7643)	(58, 35.7386)	(59, 35.7358)	(60, 35.7532)	(61, 35.7572)	(62, 35.7232)	(63, 35.6967)	(64, 35.6756)	(65, 35.6637)	(66, 35.6548)	(67, 35.7012)	(68, 35.6884)	(69, 35.6351)	(70, 35.6579)	(71, 35.609)	(72, 35.6015)	(73, 35.1881)	(74, 18.3755)	(75, 30.4527)	(76, 31.0439)	(77, 34.3764)	(78, 35.0939)	(79, 35.286)	(80, 35.3412)	(81, 35.3224)	(82, 35.2912)	(83, 35.2422)	(84, 35.2129)	(85, 35.165)	(86, 35.1509)	(87, 35.0961)	(88, 35.0739)	(89, 34.984)	(90, 34.9282)	(91, 34.8896)	(92, 34.9205)	(93, 34.954)	(94, 34.9076)	(95, 34.9162)	(96, 34.9016)	(97, 34.9318)	(98, 34.9532)	(99, 34.9206)	(100, 34.7942)	(101, 34.8104)	(102, 34.8655)	(103, 34.7975)	(104, 34.7561)	(105, 34.6554)	(106, 34.5726)	(107, 34.4833)	(108, 34.4482)	(109, 34.409)	(110, 34.3469)	(111, 34.2993)	(112, 34.2277)	(113, 34.075)	(114, 34.0469)	(115, 33.9989)	(116, 33.9331)	(117, 33.8894)	(118, 33.7831)	(119, 33.7111)	(120, 33.6218)	(121, 33.6162)	(122, 33.4745)	(123, 33.3133)	(124, 33.0003)	(125, 32.4515)
HI_6hpi_1	(1, 32.2275)	(2, 32.3653)	(3, 32.3645)	(4, 32.373)	(5, 32.4012)	(6, 35.9834)	(7, 36.2062)	(8, 36.3031)	(9, 36.2528)	(10, 36.2413)	(11, 36.3213)	(12, 36.3431)	(13, 36.3344)	(14, 36.3234)	(15, 36.3109)	(16, 36.2414)	(17, 36.2891)	(18, 36.3116)	(19, 36.2704)	(20, 36.2704)	(21, 36.2735)	(22, 36.2617)	(23, 36.2407)	(24, 36.2569)	(25, 36.2611)	(26, 36.2528)	(27, 36.2294)	(28, 36.2289)	(29, 36.2291)	(30, 36.2118)	(31, 36.2087)	(32, 36.1753)	(33, 36.1859)	(34, 36.197)	(35, 36.1877)	(36, 36.1918)	(37, 36.1842)	(38, 36.1493)	(39, 36.1211)	(40, 36.1236)	(41, 36.1131)	(42, 36.1098)	(43, 36.1097)	(44, 36.1116)	(45, 36.0978)	(46, 36.0946)	(47, 36.0808)	(48, 36.0755)	(49, 36.0569)	(50, 35.9715)	(51, 36.0156)	(52, 36.0504)	(53, 36.0214)	(54, 36.0221)	(55, 36.0166)	(56, 35.9997)	(57, 36.0048)	(58, 35.9905)	(59, 35.9579)	(60, 35.9488)	(61, 35.9442)	(62, 35.9571)	(63, 35.9578)	(64, 35.95)	(65, 35.943)	(66, 35.9112)	(67, 35.9008)	(68, 35.8896)	(69, 35.8698)	(70, 35.8794)	(71, 35.8388)	(72, 35.8597)	(73, 35.8431)	(74, 35.8384)	(75, 35.8622)	(76, 35.8515)	(77, 35.8292)	(78, 35.8131)	(79, 35.8107)	(80, 35.78)	(81, 35.7668)	(82, 35.7431)	(83, 35.7268)	(84, 35.6983)	(85, 35.6997)	(86, 35.6881)	(87, 35.6671)	(88, 35.6555)	(89, 35.6106)	(90, 35.5822)	(91, 35.5673)	(92, 35.5502)	(93, 35.534)	(94, 35.5175)	(95, 35.4644)	(96, 35.5032)	(97, 35.4714)	(98, 35.4499)	(99, 35.3848)	(100, 35.348)	(101, 35.3187)	(102, 35.3108)	(103, 35.2576)	(104, 35.2446)	(105, 35.167)	(106, 35.1143)	(107, 35.054)	(108, 34.9923)	(109, 34.919)	(110, 34.8819)	(111, 34.8483)	(112, 34.8268)	(113, 34.7946)	(114, 34.7661)	(115, 34.6819)	(116, 34.6093)	(117, 34.5278)	(118, 34.4657)	(119, 34.4003)	(120, 34.3388)	(121, 34.2671)	(122, 34.1925)	(123, 34.0603)	(124, 33.7303)	(125, 33.2898)
HI_6hpi_2	(1, 32.259)	(2, 32.3973)	(3, 32.3923)	(4, 32.4014)	(5, 32.4275)	(6, 36.0202)	(7, 36.2315)	(8, 36.3226)	(9, 36.2706)	(10, 36.2583)	(11, 36.338)	(12, 36.3604)	(13, 36.3534)	(14, 36.3421)	(15, 36.3306)	(16, 36.26)	(17, 36.3077)	(18, 36.3313)	(19, 36.2904)	(20, 36.2909)	(21, 36.2936)	(22, 36.2832)	(23, 36.2628)	(24, 36.277)	(25, 36.2825)	(26, 36.271)	(27, 36.2491)	(28, 36.2505)	(29, 36.2493)	(30, 36.2351)	(31, 36.2298)	(32, 36.1969)	(33, 36.2093)	(34, 36.219)	(35, 36.2107)	(36, 36.2149)	(37, 36.2054)	(38, 36.1714)	(39, 36.1447)	(40, 36.1462)	(41, 36.137)	(42, 36.1334)	(43, 36.1333)	(44, 36.1334)	(45, 36.1198)	(46, 36.1176)	(47, 36.1051)	(48, 36.0994)	(49, 36.0823)	(50, 35.9949)	(51, 36.0406)	(52, 36.0741)	(53, 36.0475)	(54, 36.0503)	(55, 36.0424)	(56, 36.0276)	(57, 36.033)	(58, 36.018)	(59, 35.9876)	(60, 35.9778)	(61, 35.9763)	(62, 35.9881)	(63, 35.9869)	(64, 35.9781)	(65, 35.9737)	(66, 35.9457)	(67, 35.933)	(68, 35.9224)	(69, 35.9032)	(70, 35.9128)	(71, 35.8732)	(72, 35.8926)	(73, 35.8756)	(74, 35.8711)	(75, 35.8954)	(76, 35.8829)	(77, 35.8617)	(78, 35.8479)	(79, 35.8448)	(80, 35.8138)	(81, 35.7997)	(82, 35.7795)	(83, 35.7634)	(84, 35.7365)	(85, 35.737)	(86, 35.727)	(87, 35.707)	(88, 35.6967)	(89, 35.6513)	(90, 35.626)	(91, 35.609)	(92, 35.5938)	(93, 35.577)	(94, 35.5617)	(95, 35.5108)	(96, 35.5473)	(97, 35.5174)	(98, 35.4961)	(99, 35.4343)	(100, 35.397)	(101, 35.3687)	(102, 35.3622)	(103, 35.3094)	(104, 35.2964)	(105, 35.2217)	(106, 35.1709)	(107, 35.1123)	(108, 35.0525)	(109, 34.975)	(110, 34.9438)	(111, 34.9101)	(112, 34.8884)	(113, 34.8587)	(114, 34.8316)	(115, 34.749)	(116, 34.6746)	(117, 34.598)	(118, 34.5378)	(119, 34.4717)	(120, 34.4133)	(121, 34.3432)	(122, 34.2725)	(123, 34.1422)	(124, 33.8205)	(125, 33.3933)
HI_6hpi_3	(1, 32.3676)	(2, 32.4661)	(3, 32.4199)	(4, 32.4791)	(5, 32.4801)	(6, 36.0282)	(7, 36.2035)	(8, 36.2459)	(9, 36.2926)	(10, 36.3531)	(11, 36.3678)	(12, 36.3084)	(13, 36.3485)	(14, 36.3713)	(15, 36.3638)	(16, 36.3578)	(17, 36.3577)	(18, 36.3482)	(19, 36.3461)	(20, 36.3313)	(21, 36.3322)	(22, 36.326)	(23, 36.324)	(24, 36.322)	(25, 36.309)	(26, 36.2917)	(27, 36.2837)	(28, 36.2728)	(29, 36.2562)	(30, 35.9128)	(31, 36.1222)	(32, 36.1695)	(33, 36.1785)	(34, 36.1828)	(35, 36.1719)	(36, 36.1606)	(37, 36.1272)	(38, 36.0923)	(39, 36.0756)	(40, 36.0508)	(41, 36.04)	(42, 36.0245)	(43, 36.0032)	(44, 35.8997)	(45, 35.9684)	(46, 35.9756)	(47, 35.9801)	(48, 35.9747)	(49, 35.9806)	(50, 35.9697)	(51, 35.9578)	(52, 35.9603)	(53, 35.944)	(54, 35.9465)	(55, 35.9383)	(56, 35.9347)	(57, 35.9194)	(58, 35.9113)	(59, 35.9101)	(60, 35.916)	(61, 35.926)	(62, 35.9106)	(63, 35.9025)	(64, 35.8927)	(65, 35.8869)	(66, 35.8736)	(67, 35.8601)	(68, 35.859)	(69, 35.8416)	(70, 35.8325)	(71, 35.8138)	(72, 35.8012)	(73, 35.472)	(74, 18.5602)	(75, 30.6862)	(76, 31.2016)	(77, 34.6527)	(78, 35.3187)	(79, 35.4994)	(80, 35.5323)	(81, 35.5604)	(82, 35.523)	(83, 35.4827)	(84, 35.4618)	(85, 35.4354)	(86, 35.3838)	(87, 35.3631)	(88, 35.326)	(89, 35.3015)	(90, 35.2376)	(91, 35.2165)	(92, 35.2099)	(93, 34.7134)	(94, 35.0915)	(95, 35.1901)	(96, 35.2083)	(97, 35.2103)	(98, 35.1921)	(99, 35.1674)	(100, 35.1287)	(101, 35.0944)	(102, 35.0895)	(103, 35.0255)	(104, 34.9949)	(105, 34.977)	(106, 34.9484)	(107, 34.8902)	(108, 34.8486)	(109, 34.8141)	(110, 34.7427)	(111, 34.6894)	(112, 34.6628)	(113, 34.6065)	(114, 34.5387)	(115, 34.4596)	(116, 34.3896)	(117, 34.3386)	(118, 34.2087)	(119, 34.1552)	(120, 34.0367)	(121, 33.9616)	(122, 33.7869)	(123, 33.6135)	(124, 33.3057)	(125, 32.7717)
