Sample	0	1	2	3	4	5	6	7	8	9	10	11	12	13	14	15	16	17	18	19	20	21	22	23	24	25	26	27	28	29	30	31	32	33	34	35	36	37	38	39	40	41	42	43	44	45	46	47	48	49	50	51	52	53	54	55	56	57	58	59	60	61
GC_24hpi_1_R2 - polya	(1, 0.0025507613607904014)	(2, 0.004990920602955745)	(3, 0.006525524998878426)	(4, 0.007693759876855601)	(5, 0.008661528414824858)	(6, 0.009622384320380052)	(7, 0.010797531830771293)	(8, 0.013002661570858387)	(9, 0.015380607121297137)	(10, 0.017862242157946878)	(12, 0.019977507676651112)	(14, 0.022604307993996244)	(16, 0.02474722404235674)	(18, 0.02683138271519768)	(20, 0.028811851901827626)	(22, 0.030999700060879556)	(24, 0.03287647976129851)	(26, 0.034718696299647134)	(28, 0.03703442815835928)	(30, 0.03919808210396199)	(32, 0.04116126970955676)	(34, 0.042913622026522526)	(36, 0.04484570278625401)	(38, 0.046442520873903284)	(40, 0.048215611088111246)	(42, 0.05043802240923351)	(44, 0.052262957366546965)	(46, 0.054792980830095164)	(48, 0.05728844113157304)	(50, 0.05918941504544123)	(52, 0.06120099107793447)	(54, 0.06322984869146288)	(56, 0.06533820157775305)	(58, 0.06776107923888322)	(60, 0.07043281166691978)	(62, 0.07315638883806183)	(64, 0.07607697603300478)	(66, 0.07910470903036575)	(68, 0.08228106362462913)	(70, 0.08571318561821296)	(72, 0.08899668601489438)	(74, 0.09242189537606413)	(76, 0.09599918265034335)	(78, 0.09949351833565379)	(80, 0.10322979615545652)	(82, 0.10692459818077488)	(84, 0.10997998170779211)	(86, 0.11330495789895792)	(88, 0.11657117671460417)	(90, 0.1199825608109458)	(92, 0.12336283806142413)	(94, 0.12675348426052357)	(96, 0.13050358734515444)	(98, 0.13429862254047675)	(100, 0.13776876401233795)	(102, 0.14102807019557012)	(104, 0.14443945429191174)	(106, 0.1474118862299602)	(108, 0.15044653185973522)	(110, 0.1534120511653696)	(112, 0.15649162890583607)	(114, 0.1588384676104115)
GC_24hpi_2_R1 - polya	(1, 0.0013865286323748128)	(2, 0.002510208234915538)	(3, 0.0033578963561304706)	(4, 0.004133300994141029)	(5, 0.004796994794472101)	(6, 0.0055855418839743645)	(7, 0.0065843681973438975)	(8, 0.008352027922978138)	(9, 0.010408821581429873)	(10, 0.01246561523988161)	(12, 0.013953997871317132)	(14, 0.015872795789105974)	(16, 0.017607599386010954)	(18, 0.01899084240551284)	(20, 0.020262374587335236)	(22, 0.021721186702914425)	(24, 0.02302886062633901)	(26, 0.024113112874404624)	(28, 0.025460214152304324)	(30, 0.02665617723804942)	(32, 0.02802299219318668)	(34, 0.02897253431346232)	(36, 0.030194782302190828)	(38, 0.03115746687395817)	(40, 0.0320675816397587)	(42, 0.03324383104826624)	(44, 0.034301798393348445)	(46, 0.03558975863953548)	(48, 0.03679557856389935)	(50, 0.03773526384555621)	(52, 0.0387275189331799)	(54, 0.03983148485848306)	(56, 0.04095516446102379)	(58, 0.042131413869531335)	(60, 0.043304377665165955)	(62, 0.04455948178262372)	(64, 0.04536117132361769)	(66, 0.046199002606213846)	(68, 0.047161687177981186)	(70, 0.04809151562101927)	(72, 0.04904762896704077)	(74, 0.05133441552659733)	(76, 0.05453131685195442)	(78, 0.057041525086869965)	(80, 0.05962730241786279)	(82, 0.06209808329830322)	(84, 0.06457872101736242)	(86, 0.06709221486515089)	(88, 0.06962213677730399)	(90, 0.0723064824944846)	(92, 0.07498097137304645)	(94, 0.07749446522083492)	(96, 0.08035623403315353)	(98, 0.08301429484735076)	(100, 0.08555735921099555)	(102, 0.08796571344685038)	(104, 0.0906007749709371)	(106, 0.09491149906021615)	(108, 0.09693872220281155)	(110, 0.09924522243960568)	(112, 0.1016535766754605)	(114, 0.10359537388335982)
GC_24hpi_2_R2 - polya	(1, 0.003469607193809958)	(2, 0.00635437529623907)	(3, 0.008089178893144049)	(4, 0.00965313062065687)	(5, 0.010835951254910266)	(6, 0.01192677472872173)	(7, 0.013162165168941942)	(8, 0.015593518694907254)	(9, 0.018090584478331086)	(10, 0.02096878135501435)	(12, 0.02347570397705696)	(14, 0.02609433743677906)	(16, 0.028489549221142184)	(18, 0.030658053717273405)	(20, 0.03270827614997929)	(22, 0.03494249290356904)	(24, 0.03699928656202077)	(26, 0.039085650736328845)	(28, 0.0414085790374876)	(30, 0.043639510178204416)	(32, 0.045870441318921235)	(34, 0.04795351988035638)	(36, 0.05019430785969198)	(38, 0.05215581874482886)	(40, 0.054238897306264)	(42, 0.05662096663913542)	(44, 0.05871718765206227)	(46, 0.061329249886038516)	(48, 0.06400702437747328)	(50, 0.06608024610028965)	(52, 0.06836703265984621)	(54, 0.07030882986774553)	(56, 0.07264818623326892)	(58, 0.07510911027509057)	(60, 0.07765874586448121)	(62, 0.08075050757790467)	(64, 0.0837765570338696)	(66, 0.08695703029486207)	(68, 0.09090633696811923)	(70, 0.09436937293618335)	(72, 0.09799668954789376)	(74, 0.10161086370811245)	(76, 0.10514289754650802)	(78, 0.10916448770296956)	(80, 0.1130842238603704)	(82, 0.11683967937412493)	(84, 0.12063456224235455)	(86, 0.1244688724650593)	(88, 0.12820132868870338)	(90, 0.13223277568378367)	(92, 0.1361886535827867)	(94, 0.14026281354521505)	(96, 0.14417597847687003)	(98, 0.1479380052163704)	(100, 0.1516211772469206)	(102, 0.15540291766365852)	(104, 0.1590663760169711)	(106, 0.16232241837404088)	(108, 0.1658380241480718)	(110, 0.16916306437547302)	(112, 0.17225154047602353)	(114, 0.17476831993668493)
GC_24hpi_3_R1 - polya	(1, 0.0012677720129367078)	(2, 0.0023242486903839645)	(3, 0.0031694300323417694)	(4, 0.004029703898263107)	(5, 0.004791876358421485)	(6, 0.005546502556598097)	(7, 0.006504877828282394)	(8, 0.00833861948985156)	(9, 0.010776062109962016)	(10, 0.012998436263592138)	(12, 0.014783127222279827)	(14, 0.01669987776564842)	(16, 0.018246861471910472)	(18, 0.019654239331509855)	(20, 0.0209144650824648)	(22, 0.022272792239182698)	(24, 0.02348774041824704)	(26, 0.024570629012630484)	(28, 0.025808215977640124)	(30, 0.027057122335622415)	(32, 0.028283389907659412)	(34, 0.029351185978079314)	(36, 0.030490671537326)	(38, 0.03147545872594648)	(40, 0.03254325479636638)	(42, 0.033773295499394264)	(44, 0.03489768853467741)	(46, 0.03626733508436796)	(48, 0.037693578598921765)	(50, 0.038810425372223144)	(52, 0.03989708709759747)	(54, 0.04088564741720883)	(56, 0.04184024955790224)	(58, 0.042892953104358617)	(60, 0.044036211794596186)	(62, 0.04527002562861494)	(64, 0.04614916514949069)	(66, 0.046967934574512316)	(68, 0.04792630984619661)	(70, 0.04883186128400855)	(72, 0.049850606651546975)	(74, 0.05216353594895829)	(76, 0.055808380486151325)	(78, 0.058540127323550656)	(80, 0.06103416690852437)	(82, 0.06355839154142513)	(84, 0.06590150588676351)	(86, 0.0683087634589469)	(88, 0.07083298809184767)	(90, 0.0733006157598852)	(92, 0.07598331189440305)	(94, 0.07828492179884171)	(96, 0.08103930742218635)	(98, 0.08355975892409623)	(100, 0.08602738659213374)	(102, 0.08858179627296157)	(104, 0.09108715525090794)	(106, 0.09512063228016192)	(108, 0.09749015854243648)	(110, 0.09958424624237658)	(112, 0.10191226806375142)	(114, 0.10385165739306532)
GC_24hpi_3_R2 - polya	(1, 0.00344109546368535)	(2, 0.006067194633339959)	(3, 0.007938667604817956)	(4, 0.009319633547481157)	(5, 0.010413841534837242)	(6, 0.011387309330485072)	(7, 0.012624896295494716)	(8, 0.014903867413988083)	(9, 0.017462050225806797)	(10, 0.020133426967352003)	(12, 0.0224501293957542)	(14, 0.025061136041445276)	(16, 0.027215593837239503)	(18, 0.029222899524389293)	(20, 0.03131698722432939)	(22, 0.03330165412553388)	(24, 0.035441019397364576)	(26, 0.03747096387045966)	(28, 0.03967069923814448)	(30, 0.04170818997322134)	(32, 0.043624940516589925)	(34, 0.04576807891941151)	(36, 0.047982906811059864)	(38, 0.049895884223437575)	(40, 0.0517598109329338)	(42, 0.0539218149907098)	(44, 0.05591402815389605)	(46, 0.05855521984751419)	(48, 0.06110585639735114)	(50, 0.06319239783530947)	(52, 0.06551287339470255)	(54, 0.06756168352275205)	(56, 0.06974632636647335)	(58, 0.07235355988117353)	(60, 0.07502493662271875)	(62, 0.07828492179884171)	(64, 0.08122419084073962)	(66, 0.08416345988263751)	(68, 0.08763474039424993)	(70, 0.09122676109757061)	(72, 0.09459994020342005)	(74, 0.0980674475840416)	(76, 0.10209337835131381)	(78, 0.1063947476809205)	(80, 0.11021315624369415)	(82, 0.11405797672340398)	(84, 0.11784997336924147)	(86, 0.12179666838570515)	(88, 0.12551320241172495)	(90, 0.12919200512783593)	(92, 0.1328066646171019)	(94, 0.13678731781248354)	(96, 0.14073023969795634)	(98, 0.1447939017751374)	(100, 0.14835196429954012)	(102, 0.1520307670156511)	(104, 0.15552845944419968)	(106, 0.15877712522735)	(108, 0.16214653120220857)	(110, 0.16529709557959593)	(112, 0.16866272842346364)	(114, 0.17108885165060142)
GC_48hpi_1_R1 - polya	(1, 0.0010833242543374518)	(2, 0.0020496987312180197)	(3, 0.002732931641624026)	(4, 0.0034469408092555284)	(5, 0.004154794725441932)	(6, 0.004911890653189128)	(7, 0.0057859363583932085)	(8, 0.007534027768801369)	(9, 0.00928827443065463)	(10, 0.01110715123268143)	(12, 0.012689050854071914)	(14, 0.01447407377315067)	(16, 0.015972877500032318)	(18, 0.017305489437896282)	(20, 0.018459599083852377)	(22, 0.019936859430676173)	(24, 0.02122022935697935)	(26, 0.022340485119987395)	(28, 0.023820823092533742)	(30, 0.02502417475005063)	(32, 0.026202905401787116)	(34, 0.02725853102462162)	(36, 0.02827414751306298)	(38, 0.02919743522982786)	(40, 0.030200741215379016)	(42, 0.03133022985555471)	(44, 0.03214580067203035)	(46, 0.03318603816625211)	(48, 0.03434938068937585)	(50, 0.03524189214891523)	(52, 0.03619287849718304)	(54, 0.03706692420238713)	(56, 0.03790711602464317)	(58, 0.038815015612795295)	(60, 0.039833709726959196)	(62, 0.04085240384112311)	(64, 0.04160026689170266)	(66, 0.042351207568004756)	(68, 0.043209865144596085)	(70, 0.044040824089684474)	(72, 0.04502874194662289)	(74, 0.04705689729778306)	(76, 0.04984522620241298)	(78, 0.052218075634498706)	(80, 0.05452321730068834)	(82, 0.05688067860416132)	(84, 0.05896423121832738)	(86, 0.06095545506081697)	(88, 0.06308824968654382)	(90, 0.06522412193799323)	(92, 0.06750464259840247)	(94, 0.06963435959840678)	(96, 0.07199797615332484)	(98, 0.0744723872342547)	(100, 0.0767128987602708)	(102, 0.07887031439177805)	(104, 0.08142474374149421)	(106, 0.09250111871695015)	(108, 0.09470469873429564)	(110, 0.09680979472851955)	(112, 0.09903491812592291)	(114, 0.1008476396765046)
GC_48hpi_1_R2 - polya	(1, 0.0029052786820868027)	(2, 0.004813406630067542)	(3, 0.0061675619479893565)	(4, 0.007232420447991511)	(5, 0.008174173919091681)	(6, 0.009029753869960465)	(7, 0.010113078124297917)	(8, 0.011990429815053159)	(9, 0.014354046369971236)	(10, 0.01686231133384914)	(12, 0.01893047581940246)	(14, 0.021297170000043088)	(16, 0.023297626719700315)	(18, 0.02535348070236343)	(20, 0.027292384907569668)	(22, 0.02944980053907692)	(24, 0.03138254949283806)	(26, 0.033342997078102135)	(28, 0.035802020030419254)	(30, 0.037765545241405886)	(32, 0.039587499669155236)	(34, 0.041283271442280056)	(36, 0.043089837741416656)	(38, 0.044764066134483624)	(40, 0.0468229977428693)	(42, 0.04886346359691966)	(44, 0.05079313492495825)	(46, 0.05296901631080081)	(48, 0.05512335431658551)	(50, 0.05693915349288976)	(52, 0.058727254037691065)	(54, 0.06060152810272376)	(56, 0.06265122683394178)	(58, 0.0647378570738304)	(60, 0.06726766541776616)	(62, 0.0701021587082343)	(64, 0.07285047847847108)	(66, 0.07576499003772554)	(68, 0.0789534102862869)	(70, 0.08186176659409625)	(72, 0.08486860692502718)	(74, 0.08791545639035128)	(76, 0.09113157527041559)	(78, 0.0947447078686888)	(80, 0.09849325599875418)	(82, 0.1020386808311313)	(84, 0.10539021524298778)	(86, 0.10838474507102852)	(88, 0.11166241646554383)	(90, 0.11510935727479935)	(92, 0.11839010629503721)	(94, 0.12184935760718293)	(96, 0.12528398791354825)	(98, 0.12868476433696555)	(100, 0.1319162713456426)	(102, 0.13501544044825003)	(104, 0.137899175750279)	(106, 0.14075829004652757)	(108, 0.14358970571127316)	(110, 0.14648267389046976)	(112, 0.14943103933267227)	(114, 0.15169001661302364)
GC_48hpi_2_R2 - polya	(1, 0.0026071508960087875)	(2, 0.004758683188831573)	(3, 0.00596733809450555)	(4, 0.007232945325577777)	(5, 0.008334023616610614)	(6, 0.009245260822982618)	(7, 0.010251418571685038)	(8, 0.012301702286022046)	(9, 0.01473166816968072)	(10, 0.017117337800251868)	(12, 0.01928152616538538)	(14, 0.02148368274745105)	(16, 0.023641543076429197)	(18, 0.02548300159763929)	(20, 0.027473168968500366)	(22, 0.02951396062860433)	(24, 0.031649672831038714)	(26, 0.03353542760533633)	(28, 0.0358040285670333)	(30, 0.037708767449796995)	(32, 0.03944897739252131)	(34, 0.04127145180526532)	(36, 0.043046465946844116)	(38, 0.04476769178110235)	(40, 0.04678000727850719)	(42, 0.04901380404134967)	(44, 0.05074768594791862)	(46, 0.05307956727116919)	(48, 0.05515199911204997)	(50, 0.056987129597104696)	(52, 0.05888554044371304)	(54, 0.06071117887453473)	(56, 0.06269501820924044)	(58, 0.06478010612243193)	(60, 0.067225892096479)	(62, 0.06993429157097358)	(64, 0.0726331989912351)	(66, 0.07548081526114761)	(68, 0.07868280155576035)	(70, 0.08186263972382932)	(72, 0.08506146200036437)	(74, 0.0884279772350165)	(76, 0.09159199531269706)	(78, 0.09476234142653299)	(80, 0.09851803088473982)	(82, 0.10196364657133396)	(84, 0.10545355851101562)	(86, 0.10878843356489094)	(88, 0.1122656894322619)	(90, 0.11567650092000153)	(92, 0.11916324884160552)	(94, 0.1227322612332292)	(96, 0.12642150631180474)	(98, 0.13004747102882666)	(100, 0.13369241985431468)	(102, 0.13710006732397667)	(104, 0.1401058844977732)	(106, 0.14314017783426886)	(108, 0.14627888376732798)	(110, 0.1493353252303674)	(112, 0.15246770312727118)	(114, 0.1548407166855316)
GC_48hpi_3_R2 - polya	(1, 0.003845566157263185)	(2, 0.005914568481418093)	(3, 0.006974658011462126)	(4, 0.007976259843296835)	(5, 0.009072904184721698)	(6, 0.010023329280623244)	(7, 0.011054174961562616)	(8, 0.013218219795307679)	(9, 0.015667392157823205)	(10, 0.017992278161643914)	(12, 0.02008321337262732)	(14, 0.022331334272548287)	(16, 0.024261428313456047)	(18, 0.02590639482559334)	(20, 0.027807245017396433)	(22, 0.029839692530170513)	(24, 0.031557768665069465)	(26, 0.033400131158663235)	(28, 0.035611697247203374)	(30, 0.03738460559917357)	(32, 0.03904419403586319)	(34, 0.04053197485906292)	(36, 0.04212942011640514)	(38, 0.043657411232123786)	(40, 0.045324310631089576)	(42, 0.04709356350192169)	(44, 0.04868004231584965)	(46, 0.050460261630096016)	(48, 0.052317246048242116)	(50, 0.05361494185226154)	(52, 0.05525259740212267)	(54, 0.05696701805588353)	(56, 0.058633917454849326)	(58, 0.06052745668437626)	(60, 0.06276095565974489)	(62, 0.06511508551267026)	(64, 0.06779089770574692)	(66, 0.0703168351721622)	(68, 0.073131555648486)	(70, 0.07593896516253365)	(72, 0.07880851785592871)	(74, 0.08201803029516547)	(76, 0.0850228357906696)	(78, 0.08825428111673486)	(80, 0.09162463472604727)	(82, 0.0947573820613843)	(84, 0.09808021441590165)	(86, 0.10130434877969073)	(88, 0.104491928332099)	(90, 0.10784034905458292)	(92, 0.11122898006958573)	(94, 0.11459933367889816)	(96, 0.11795140988252015)	(98, 0.12110609010468568)	(100, 0.12427904773254161)	(102, 0.1275470478699877)	(104, 0.13065786231849624)	(106, 0.13377233224814283)	(108, 0.13660898561129514)	(110, 0.13944198349330938)	(112, 0.14222380463939044)	(114, 0.14442074880337824)
GC_6hpi_1_R2 - polya	(1, 0.0049494486306903744)	(2, 0.0078927597986453)	(3, 0.010081939000681427)	(4, 0.011568237923802946)	(5, 0.013032571838208381)	(6, 0.014182073961016648)	(7, 0.015360862762113025)	(8, 0.017513433616289015)	(9, 0.019768507844473388)	(10, 0.022049207916159854)	(12, 0.024344551326990378)	(14, 0.02686686649455374)	(16, 0.02880344809635493)	(18, 0.030941375611386865)	(20, 0.0329694780828384)	(22, 0.03511472726744236)	(24, 0.03721604643461416)	(26, 0.039240488071279674)	(28, 0.04133814640366546)	(30, 0.04343580473605125)	(32, 0.04543095969442865)	(34, 0.04710762202642288)	(36, 0.048989291106433866)	(38, 0.05052318088177356)	(40, 0.052210825718125825)	(42, 0.05423160652000533)	(44, 0.056146223113090435)	(46, 0.058793006663378264)	(48, 0.06084307414354587)	(50, 0.06269545654526874)	(52, 0.06463569898185595)	(54, 0.0664807597140068)	(56, 0.06849055801152826)	(58, 0.07083349227457696)	(60, 0.07324964323334593)	(62, 0.07609411186207848)	(64, 0.07895322382995511)	(66, 0.08203198588499253)	(68, 0.08510708710524395)	(70, 0.08809066745584503)	(72, 0.09103397862379994)	(74, 0.09419327904412968)	(76, 0.09779554047356705)	(78, 0.10140512357257644)	(80, 0.10516480089781241)	(82, 0.10887688737083019)	(84, 0.11249379213941162)	(86, 0.11599721102962662)	(88, 0.11947134324155352)	(90, 0.1231285171927811)	(92, 0.12661729274385203)	(94, 0.13031107504293976)	(96, 0.13418057741175612)	(98, 0.1379658805804942)	(100, 0.1416413587056518)	(102, 0.1450495958914305)	(104, 0.14864819648608185)	(106, 0.1518148185759836)	(108, 0.1551242132225399)	(110, 0.1585214679039605)	(112, 0.16190774008102304)	(114, 0.16451791528345075)
GC_6hpi_2_R2 - polya	(1, 0.005250760082699842)	(2, 0.008272354037201302)	(3, 0.010383026284830999)	(4, 0.012219681433645612)	(5, 0.013574955192649943)	(6, 0.014589559045019306)	(7, 0.015892991731274838)	(8, 0.01798885224383345)	(9, 0.020173583166818575)	(10, 0.022510134374282325)	(12, 0.024791141575229506)	(14, 0.027734973920607767)	(16, 0.030004872320251633)	(18, 0.032156276839326814)	(20, 0.03416326694145891)	(22, 0.03618136584489433)	(24, 0.03799950632487008)	(26, 0.03993614068541452)	(28, 0.04205421880057976)	(30, 0.044076020637782945)	(32, 0.04599414032948853)	(34, 0.047856716014677544)	(36, 0.04991184425579066)	(38, 0.05172257886823088)	(40, 0.05341852253387018)	(42, 0.05534775102687908)	(44, 0.05715478270555152)	(46, 0.05939135470128544)	(48, 0.061402047737185314)	(50, 0.06336830556787193)	(52, 0.06533086046479077)	(54, 0.06728971242794184)	(56, 0.0694448198807848)	(58, 0.07166287720767986)	(60, 0.07420679270613881)	(62, 0.07707286344239386)	(64, 0.08008705152935978)	(66, 0.08279019317983291)	(68, 0.08575994606158556)	(70, 0.08872969894333822)	(72, 0.09172537236146529)	(74, 0.0950394980836207)	(76, 0.0988201934605153)	(78, 0.10259348296987433)	(80, 0.10638899008184002)	(82, 0.11007711211454033)	(84, 0.1135763845250843)	(86, 0.11709417160446713)	(88, 0.12083783764368401)	(90, 0.12460742421927529)	(92, 0.1281400230337292)	(94, 0.13197996535090817)	(96, 0.13614576583965096)	(98, 0.14017085484521846)	(100, 0.14379972993763446)	(102, 0.1476915133275622)	(104, 0.1510278566523242)	(106, 0.1543086559705697)	(108, 0.1573746851302844)	(110, 0.16047033776014127)	(112, 0.16356969332376595)	(114, 0.1660321442793339)
GC_6hpi_3_R2 - polya	(1, 0.004900872042401928)	(2, 0.007879194546893524)	(3, 0.009990740480056057)	(4, 0.01182856749595678)	(5, 0.013190644965188167)	(6, 0.014239900814691772)	(7, 0.015595461166845497)	(8, 0.01770700710000803)	(9, 0.019968446725956792)	(10, 0.022089768334735818)	(12, 0.024136143097121726)	(14, 0.02658332055978386)	(16, 0.02883498451011613)	(18, 0.030793378191953602)	(20, 0.03264423944200965)	(22, 0.034778595284944)	(24, 0.036645749327694196)	(26, 0.03865953850469181)	(28, 0.04062770786214577)	(30, 0.04256980875128909)	(32, 0.04453797810874305)	(34, 0.046274789809940015)	(36, 0.04806373844775827)	(38, 0.049565933934159395)	(40, 0.051136559149875964)	(42, 0.05296135193162137)	(44, 0.05472423210112897)	(46, 0.05744838703959175)	(48, 0.059572967206909605)	(50, 0.061414052781349156)	(52, 0.06330401673387118)	(54, 0.06514836086684955)	(56, 0.06700248067544444)	(58, 0.0689902013841314)	(60, 0.07137872479309457)	(62, 0.0740670355876302)	(64, 0.07667714097723388)	(66, 0.07923836798875511)	(68, 0.08200488418822269)	(70, 0.08515591029527234)	(72, 0.08834603910478794)	(74, 0.09148077241914343)	(76, 0.0948012435702123)	(78, 0.09827160841406737)	(80, 0.10216884442650934)	(82, 0.10589011827785441)	(84, 0.10928227771677756)	(86, 0.11273309120939967)	(88, 0.11618064614348293)	(90, 0.1194815659433188)	(92, 0.12294541367009623)	(94, 0.12628543617239807)	(96, 0.12995131452858302)	(98, 0.1335324703627584)	(100, 0.1369213712431427)	(102, 0.14015386131366311)	(104, 0.1433928685012612)	(106, 0.1464135522667576)	(108, 0.1498220044983749)	(110, 0.1528980837590314)	(112, 0.15574280536343094)	(114, 0.1580466062503845)
GI_24hpi_1_R1 - polya	(1, 0.0010859763503486845)	(2, 0.0023374978760554)	(3, 0.0032579290510460534)	(4, 0.004085654927836209)	(5, 0.004827297313440189)	(6, 0.00562853596217306)	(7, 0.0065224799091064285)	(8, 0.008310367802973164)	(9, 0.01056840399485671)	(10, 0.012892658256883467)	(12, 0.014614328080606993)	(14, 0.016786280781304362)	(16, 0.018392068982277264)	(18, 0.01980582477983485)	(20, 0.021097077147627492)	(22, 0.02245123668205619)	(24, 0.023772287181413276)	(26, 0.025189353882478022)	(28, 0.026689193171221787)	(30, 0.02786456391626381)	(32, 0.028950540266612493)	(34, 0.030033205713454015)	(36, 0.031158912905888625)	(38, 0.03206610046685064)	(40, 0.03311565687862056)	(42, 0.03436717840432727)	(44, 0.03530747500036089)	(46, 0.0366682563418039)	(48, 0.03797275232362519)	(50, 0.03893291434070177)	(52, 0.0400652433401507)	(54, 0.04106844710282037)	(56, 0.04207496176899721)	(58, 0.04318080354038885)	(60, 0.04431644344334494)	(62, 0.045571275872558825)	(64, 0.04637913632830601)	(66, 0.04732936563486111)	(68, 0.04824979680985177)	(70, 0.049200026116406864)	(72, 0.05021978439661234)	(74, 0.05233545173768797)	(76, 0.055321886701146857)	(78, 0.05783486246308177)	(80, 0.06047034165478163)	(82, 0.06283101585538715)	(84, 0.06511553927532798)	(86, 0.06747952437944066)	(88, 0.06982695496601754)	(90, 0.07226709085079493)	(92, 0.07478999932325131)	(94, 0.07728642056765044)	(96, 0.07991527795233597)	(98, 0.08234217022308471)	(100, 0.08465980267809714)	(102, 0.08671918465955106)	(104, 0.08903681711456349)	(106, 0.09196034491138633)	(108, 0.09413560851559084)	(110, 0.0963506029618813)	(112, 0.09864505909234361)	(114, 0.1003203762669669)
GI_24hpi_1_R2 - polya	(1, 0.0029135950863013486)	(2, 0.005350420067571567)	(3, 0.006827083031765205)	(4, 0.008383207680130698)	(5, 0.009522158486593954)	(6, 0.010667731100071529)	(7, 0.011747085643405892)	(8, 0.014170667010647469)	(9, 0.016766415360261397)	(10, 0.019693254060591386)	(12, 0.022050617357689754)	(14, 0.02501718690010567)	(16, 0.02751029724099762)	(18, 0.0298411733100387)	(20, 0.03190717709850693)	(22, 0.03402284443958257)	(24, 0.03598621021932882)	(26, 0.0380389703937684)	(28, 0.04042282091892405)	(30, 0.042770251505500935)	(32, 0.04494882601321262)	(34, 0.04695523353855196)	(36, 0.04921658063394267)	(38, 0.05130244984345386)	(40, 0.053494267965194194)	(42, 0.05562317892029847)	(44, 0.05766269548070942)	(46, 0.060506761593360395)	(48, 0.06330116415340396)	(50, 0.06525128631912155)	(52, 0.06747952437944066)	(54, 0.0696382334661094)	(56, 0.07190951327202158)	(58, 0.07457479059528588)	(60, 0.07721026978698574)	(62, 0.08049468606608909)	(64, 0.0836301116873702)	(66, 0.08707676223832439)	(68, 0.09061942899098627)	(70, 0.09403297050686887)	(72, 0.09775773695242457)	(74, 0.10147919249447311)	(76, 0.10522051345756461)	(78, 0.10915055592056427)	(80, 0.11321965633086467)	(82, 0.11722916047803619)	(84, 0.12123204281819339)	(86, 0.12503296004441378)	(88, 0.12895306979689197)	(90, 0.13278378515467681)	(92, 0.1366509204510404)	(94, 0.14045514858076796)	(96, 0.14441167827182494)	(98, 0.1485999712083831)	(100, 0.15235453578550323)	(102, 0.15592037886271526)	(104, 0.15952595278201315)	(106, 0.16280705815760932)	(108, 0.16614113798932006)	(110, 0.16924676547903675)	(112, 0.17214711695130946)	(114, 0.1743786659151357)
GI_24hpi_2_R1 - polya	(1, 0.001511285249949442)	(2, 0.003006990239590127)	(3, 0.004035287419968098)	(4, 0.005016843819419798)	(5, 0.00598281995856274)	(6, 0.0068631046660075174)	(7, 0.00793814262731176)	(8, 0.010142749461000895)	(9, 0.012440837856542573)	(10, 0.014664920015617654)	(12, 0.016554026578054454)	(14, 0.018941701470371487)	(16, 0.020772382056650447)	(18, 0.022412204454147138)	(20, 0.02393127983425096)	(22, 0.02544646014927759)	(24, 0.026965535529381413)	(26, 0.028352178696860797)	(28, 0.029999791224511862)	(30, 0.03137474919675968)	(32, 0.03249652793899019)	(34, 0.033906541496932716)	(36, 0.035273709339026155)	(38, 0.036403278211411046)	(40, 0.0375834829297994)	(42, 0.03882600868942278)	(44, 0.03995947262688486)	(46, 0.041505813462529004)	(48, 0.04315342599018007)	(50, 0.04435310603395437)	(52, 0.04564626763958121)	(54, 0.046783626642120484)	(56, 0.04794435603512289)	(58, 0.0490310791916587)	(60, 0.05017233325927516)	(62, 0.05156287149183174)	(64, 0.0524509463294309)	(66, 0.053319545841644105)	(68, 0.054402373933102724)	(70, 0.05547351682932977)	(72, 0.056790048825419756)	(74, 0.05929068060497528)	(76, 0.06297151710291915)	(78, 0.06577596395849543)	(80, 0.06861157133468923)	(82, 0.07141212312518833)	(84, 0.07434121206323466)	(86, 0.07734041217267042)	(88, 0.08012148863778357)	(90, 0.08315184926783684)	(92, 0.08631853717559171)	(94, 0.08958649677535352)	(96, 0.09260517221017522)	(98, 0.09558100192914784)	(100, 0.09855293658304326)	(102, 0.10120158083553196)	(104, 0.10403718821172576)	(106, 0.11258296099107906)	(108, 0.11530171641495718)	(110, 0.11768549624219701)	(112, 0.12048215296761892)	(114, 0.12280361175362374)
GI_24hpi_2_R2 - polya	(1, 0.003801583515336741)	(2, 0.007026697399249468)	(3, 0.008943069417226595)	(4, 0.01049330531794793)	(5, 0.011864368225118558)	(6, 0.013032887748275343)	(7, 0.014279308572975914)	(8, 0.01679552061284019)	(9, 0.01990378254443724)	(10, 0.022860136938023905)	(12, 0.025555521971438892)	(14, 0.028780635855351618)	(16, 0.03177594089971018)	(18, 0.03448690619343392)	(20, 0.03682784030482468)	(22, 0.039344052344688955)	(24, 0.041642140740230635)	(26, 0.044127192259477394)	(28, 0.046947219375362434)	(30, 0.04947901167553547)	(32, 0.05170309383461055)	(34, 0.05398949703492066)	(36, 0.05636548673200612)	(38, 0.05865968006247061)	(40, 0.06100061417386137)	(42, 0.06362199297080975)	(44, 0.06595513695204613)	(46, 0.0688413801742434)	(48, 0.0719652223661492)	(50, 0.07432563180292591)	(52, 0.07691974514433397)	(54, 0.07965797589359805)	(56, 0.08253642898564093)	(58, 0.08528244986505937)	(60, 0.08807910659048127)	(62, 0.09138601684101497)	(64, 0.09483704449940468)	(66, 0.09865420827505017)	(68, 0.10257653880777978)	(70, 0.106346961802499)	(72, 0.11050689130493717)	(74, 0.11460839483121749)	(76, 0.11882675030981348)	(78, 0.12330607514858116)	(80, 0.12789446180951014)	(82, 0.1325568547069057)	(84, 0.13707123513136807)	(86, 0.1412428498290378)	(88, 0.14563258817103014)	(90, 0.14994832027655586)	(92, 0.15423289186146405)	(94, 0.15847461773052318)	(96, 0.16295394256929085)	(98, 0.16747221805883045)	(100, 0.17158151171526514)	(102, 0.17590892901602245)	(104, 0.17998316708676243)	(106, 0.18346146020069243)	(108, 0.18717345721925382)	(110, 0.19116200385829568)	(112, 0.194893476202243)	(114, 0.1977680342292087)
GI_24hpi_3_R2 - polya	(1, 0.003947812149909988)	(2, 0.007107774586605836)	(3, 0.008734855516069822)	(4, 0.01019922835258741)	(5, 0.011535147431515735)	(6, 0.012699794833658379)	(7, 0.013770242813568897)	(8, 0.016253682126961298)	(9, 0.018994028955532222)	(10, 0.021790039079058493)	(12, 0.024290605560129463)	(14, 0.02720222406548607)	(16, 0.02952295528593207)	(18, 0.031680978413431676)	(20, 0.03393748275508304)	(22, 0.036078378714904075)	(24, 0.038155047795930486)	(26, 0.040043318032492635)	(28, 0.04237261283677792)	(30, 0.04456060850771502)	(32, 0.04662015042106285)	(34, 0.04860690187177677)	(36, 0.05057224436289248)	(38, 0.052396287720660004)	(40, 0.05458000159967746)	(42, 0.05684078773324847)	(44, 0.05879328484860526)	(46, 0.061443714046863704)	(48, 0.0638457993137829)	(50, 0.06586680509985396)	(52, 0.06817469094454104)	(54, 0.07046973141346918)	(56, 0.07258921841369201)	(58, 0.07495704934525407)	(60, 0.07736769819601255)	(62, 0.08034782537208343)	(64, 0.08354632393605606)	(66, 0.08668915920507334)	(68, 0.09037578204788516)	(70, 0.09370273436944705)	(72, 0.097423611547616)	(74, 0.10096465346516001)	(76, 0.10481398440091821)	(78, 0.10874895117506929)	(80, 0.11297079800783635)	(82, 0.1168415379031928)	(84, 0.12088783126725455)	(86, 0.12453163619086996)	(88, 0.12844091221350318)	(90, 0.13233306106845782)	(92, 0.1361395740850196)	(94, 0.14005313189957244)	(96, 0.14418077931010742)	(98, 0.148312708512562)	(100, 0.1520678400260881)	(102, 0.15569023599010529)	(104, 0.15936829524907783)	(106, 0.1625496666453719)	(108, 0.16598794555684449)	(110, 0.16941766088447777)	(112, 0.17274461320603968)	(114, 0.17525374327094992)
GI_48hpi_1_R2 - polya	(1, 0.0034557508995622485)	(2, 0.005775647419786308)	(3, 0.006966573526607561)	(4, 0.008143731701558047)	(5, 0.009079951068770131)	(6, 0.009961098708499152)	(7, 0.01102811342848351)	(8, 0.013065767345356869)	(9, 0.015303056274356332)	(10, 0.017488715458840426)	(12, 0.01938524807403843)	(14, 0.021533045445877915)	(16, 0.023512185652300517)	(18, 0.025453464046078515)	(20, 0.027260505104116543)	(22, 0.02925341324240991)	(24, 0.031084548181221777)	(26, 0.03295698691564594)	(28, 0.03501873471329314)	(30, 0.0369737810389419)	(32, 0.03850546345956461)	(34, 0.040006168033478104)	(36, 0.04182009305745152)	(38, 0.04325884193794656)	(40, 0.04489378384760001)	(42, 0.04682473629247493)	(44, 0.04840804845761301)	(46, 0.05036997874919716)	(48, 0.05224241748362132)	(50, 0.053784425853147105)	(52, 0.0555639310474436)	(54, 0.057271154599418575)	(56, 0.058971494185458176)	(58, 0.06076476731162544)	(60, 0.06302270813843104)	(62, 0.06554912363671658)	(64, 0.06828550009603132)	(66, 0.07100466664050759)	(68, 0.07412310320923608)	(70, 0.07689389949822772)	(72, 0.0800157780499239)	(74, 0.0833304076478108)	(76, 0.08652112585886079)	(78, 0.0895569548363647)	(80, 0.09304712556560385)	(82, 0.09643403680581226)	(84, 0.09952837949376692)	(86, 0.1026433740795277)	(88, 0.10577557858012696)	(90, 0.10905923033130463)	(92, 0.1123841858780946)	(94, 0.11572979332269073)	(96, 0.11934731742173446)	(98, 0.1230508910949705)	(100, 0.12644124431814663)	(102, 0.12949772519345665)	(104, 0.1326230457281205)	(106, 0.1353456542555645)	(108, 0.13842967099461606)	(110, 0.14154122359740914)	(112, 0.14452198084742995)	(114, 0.14669731408301098)
GI_48hpi_2_R2 - polya	(1, 0.004469018765124538)	(2, 0.007211869889382643)	(3, 0.008521124159361845)	(4, 0.009837692699005736)	(5, 0.010993347306026482)	(6, 0.012075859216400349)	(7, 0.013326599329062043)	(8, 0.015476994610480398)	(9, 0.017919960678486283)	(10, 0.02046166938696546)	(12, 0.022780292870671646)	(14, 0.02516474478136002)	(16, 0.02743216837741339)	(18, 0.029407021186879226)	(20, 0.03138918826600975)	(22, 0.033652954727230774)	(24, 0.03569729309851115)	(26, 0.0377562600091209)	(28, 0.04008585489732411)	(30, 0.04201316495396947)	(32, 0.04396607495444124)	(34, 0.04572149967396643)	(36, 0.04759760984295897)	(38, 0.04922137770851977)	(40, 0.050929259675224485)	(42, 0.05292239815885204)	(44, 0.05465222293455081)	(46, 0.056747761193484014)	(48, 0.05890547074456705)	(50, 0.06077792377872725)	(52, 0.06283323355450465)	(54, 0.06472031512799423)	(56, 0.06647939698235177)	(58, 0.06869562069075232)	(60, 0.07127755788238727)	(62, 0.07414475159094508)	(64, 0.07699365962534116)	(66, 0.08022656681713339)	(68, 0.08354724524490187)	(70, 0.08671432400971188)	(72, 0.09000208822398927)	(74, 0.09375430856197436)	(76, 0.09732732929317459)	(78, 0.1010246926086745)	(80, 0.10513531216022931)	(82, 0.10903747502634051)	(84, 0.11235815345410899)	(86, 0.11576660311785372)	(88, 0.11954442339966523)	(90, 0.12330030087248266)	(92, 0.1269903499183179)	(94, 0.13084131289677628)	(96, 0.13489707542584592)	(98, 0.13884312390994524)	(100, 0.14257340143893626)	(102, 0.14595259402402225)	(104, 0.14933910087877295)	(106, 0.15263052222788265)	(108, 0.15592194357699238)	(110, 0.15921702206093447)	(112, 0.16249015773588246)	(114, 0.16514158048933195)
GI_48hpi_3_R2 - polya	(1, 0.00359508838746891)	(2, 0.005878455336266731)	(3, 0.007287341325950493)	(4, 0.00841167398766857)	(5, 0.009522125999241978)	(6, 0.010327203707632699)	(7, 0.01118780401660209)	(8, 0.013061691786132217)	(9, 0.01540058133550871)	(10, 0.017961561287199883)	(12, 0.019932613607742684)	(14, 0.02222292088161284)	(16, 0.024305018403312978)	(18, 0.026071331134221932)	(20, 0.0280770850801264)	(22, 0.03010366000124787)	(24, 0.03210941394715234)	(26, 0.03390695814088679)	(28, 0.03610704118881661)	(30, 0.03816137741022742)	(32, 0.04010466843048088)	(34, 0.041791167423057995)	(36, 0.04383162299432413)	(38, 0.04550077117422041)	(40, 0.04736077829360587)	(42, 0.04943593549023368)	(44, 0.051146725620563965)	(46, 0.053329457855812945)	(48, 0.0552519279008494)	(50, 0.0570564124196562)	(52, 0.05905175587795217)	(54, 0.061099151774290636)	(56, 0.06291404678070592)	(58, 0.06492327088914657)	(60, 0.06706089101142537)	(62, 0.06990642429108224)	(64, 0.07267214383240725)	(66, 0.07565995377604695)	(68, 0.07894966786033317)	(70, 0.08190971650368355)	(72, 0.08468931669515323)	(74, 0.08788186622842678)	(76, 0.09124445372597251)	(78, 0.09442659277163756)	(80, 0.09821601026113182)	(82, 0.10169658328490722)	(84, 0.10530208215998463)	(86, 0.10853280348115601)	(88, 0.11201684666746758)	(90, 0.11532391156443464)	(92, 0.11889470881415037)	(94, 0.12231628907481094)	(96, 0.12600507185075638)	(98, 0.12975631755235278)	(100, 0.13318830830062184)	(102, 0.13661335872381858)	(104, 0.14000370752165364)	(106, 0.14301927876558268)	(108, 0.14605914114726487)	(110, 0.14930027295604476)	(112, 0.1523991281008418)	(114, 0.15471372651246515)
GI_6hpi_1_R2 - polya	(1, 0.0048387818037174905)	(2, 0.007656221594313921)	(3, 0.009553173329704455)	(4, 0.011052076176357301)	(5, 0.012165369162045516)	(6, 0.013172930411662783)	(7, 0.01434841853621626)	(8, 0.016444394715975637)	(9, 0.01859634652071375)	(10, 0.020819822735146914)	(12, 0.02279451839411903)	(14, 0.025070860476587666)	(16, 0.027188604954949885)	(18, 0.02917573964169505)	(20, 0.03101982550905011)	(22, 0.0328950089458378)	(24, 0.03458049720908644)	(26, 0.03634372939591665)	(28, 0.038473912902051925)	(30, 0.040401962206875086)	(32, 0.04212165779649962)	(34, 0.04370763383756383)	(36, 0.045483305052167106)	(38, 0.04707550060711785)	(40, 0.04877031814119627)	(42, 0.05069525768907618)	(44, 0.05226257518848081)	(46, 0.05474105147226156)	(48, 0.056737515429836516)	(50, 0.05843855247780147)	(52, 0.06030751640070263)	(54, 0.062017882719497375)	(56, 0.06395215153820707)	(58, 0.06598904233604444)	(60, 0.06821562830742087)	(62, 0.07083404365364845)	(64, 0.07362971514564204)	(66, 0.07604288653361427)	(68, 0.07898471660194123)	(70, 0.0817990466355944)	(72, 0.08473776694697809)	(74, 0.08792215805687957)	(76, 0.09128691506949033)	(78, 0.09466100135293085)	(80, 0.09819368524047782)	(82, 0.10156777152391835)	(84, 0.10485478461294752)	(86, 0.10804228547979228)	(88, 0.11134173759659449)	(90, 0.11484954342859535)	(92, 0.118248507767582)	(94, 0.12193045998840558)	(96, 0.12546625363289582)	(98, 0.12898027897878317)	(100, 0.132298389637245)	(102, 0.13546412220548687)	(104, 0.1383655254335514)	(106, 0.14131357501576491)	(108, 0.1442025392160564)	(110, 0.14692668629835492)	(112, 0.14987162612362515)	(114, 0.15230967556714348)
GI_6hpi_2_R2 - polya	(1, 0.005162778209039104)	(2, 0.0083757837965794)	(3, 0.010318691021523637)	(4, 0.011746693504874877)	(5, 0.013119772815789533)	(6, 0.01403287055754778)	(7, 0.015117603213170357)	(8, 0.017273337731306366)	(9, 0.019511457008097255)	(10, 0.021794201362492868)	(12, 0.023792031759873693)	(14, 0.026174324364310622)	(16, 0.028439905227319803)	(18, 0.030358783564323033)	(20, 0.03221930603061239)	(22, 0.03428235769526166)	(24, 0.036129149368441874)	(26, 0.03778027723981675)	(28, 0.03969915557681998)	(30, 0.04153564915516833)	(32, 0.04312498845755204)	(34, 0.044971780130732254)	(36, 0.04679797561424874)	(38, 0.04848343046839648)	(40, 0.049938894537966017)	(42, 0.051977917314674285)	(44, 0.05398947850516425)	(46, 0.05653997332518823)	(48, 0.058716304032987957)	(50, 0.06038116269747197)	(52, 0.06227944484481149)	(54, 0.06412280381971441)	(56, 0.06608630723432238)	(58, 0.06827980143350854)	(60, 0.07038404547748525)	(62, 0.07288304982334992)	(64, 0.07571845860038867)	(66, 0.0783822324635631)	(68, 0.08115241997333342)	(70, 0.08403931922453149)	(72, 0.08730381528623107)	(74, 0.09042757071856192)	(76, 0.09374355725442082)	(78, 0.09714879394548917)	(80, 0.10100714680915934)	(82, 0.104511931750269)	(84, 0.10786224526890076)	(86, 0.111397924494506)	(88, 0.11484778626317907)	(90, 0.11828048454046572)	(92, 0.12181273106779367)	(94, 0.1254513912417175)	(96, 0.1293063114071104)	(98, 0.13306854871901655)	(100, 0.1363399101772707)	(102, 0.13950829068720627)	(104, 0.1426389115160917)	(106, 0.14611280217270578)	(108, 0.1492708845878095)	(110, 0.15238434192530848)	(112, 0.155432577995539)	(114, 0.15775994742753935)
GI_6hpi_3_R2 - polya	(1, 0.0057883399823952545)	(2, 0.009058962886079566)	(3, 0.011016518031010324)	(4, 0.012793375777947473)	(5, 0.014305210674493996)	(6, 0.015250860390660547)	(7, 0.016377207504820704)	(8, 0.018425111348748267)	(9, 0.020756107782865817)	(10, 0.023117220449982295)	(12, 0.025360879808402938)	(14, 0.027815352797816113)	(16, 0.029887349628142823)	(18, 0.0317425095808772)	(20, 0.03361272765011105)	(22, 0.035485957342644786)	(24, 0.037374245151678)	(26, 0.039250486467511635)	(28, 0.04125923920854058)	(30, 0.04308127130497613)	(32, 0.0449394428810104)	(34, 0.04671630062794755)	(36, 0.048679879019478095)	(38, 0.05045372514311535)	(40, 0.05225768749975154)	(42, 0.05418813803498326)	(44, 0.056043297987717636)	(46, 0.0586875032450241)	(48, 0.06090706961704559)	(50, 0.06271103197368179)	(52, 0.06463545926231372)	(54, 0.06639725889275139)	(56, 0.06837890702408131)	(58, 0.07049607820390641)	(60, 0.07270660970602821)	(62, 0.075341780093435)	(64, 0.07822691521473296)	(66, 0.08118734091852825)	(68, 0.08403934818352736)	(70, 0.08677992538643042)	(72, 0.08989394387852027)	(74, 0.09341754313939563)	(76, 0.09709172356526567)	(78, 0.10083517132703326)	(80, 0.1045033285063035)	(82, 0.10800584640407962)	(84, 0.11148427131545657)	(86, 0.11485427778803738)	(88, 0.11837787704891274)	(90, 0.1218111276107913)	(92, 0.12537688959786517)	(94, 0.1289245818451397)	(96, 0.132930040833998)	(98, 0.13651989580747104)	(100, 0.13987785578685225)	(102, 0.1435008386166241)	(104, 0.14686783346590498)	(106, 0.15014749123948898)	(108, 0.15326753297817863)	(110, 0.15640564445666763)	(112, 0.1594082328866614)	(114, 0.16165791549168185)
HC_24hpi_1_R2 - polya	(1, 0.004651502860186826)	(2, 0.007450760569460934)	(3, 0.00954672218759901)	(4, 0.01118310418182641)	(5, 0.01273592624443369)	(6, 0.013829168683130295)	(7, 0.015173090916687266)	(8, 0.017401355759890536)	(9, 0.020472183246930044)	(10, 0.02295112788499368)	(12, 0.02520028271110198)	(14, 0.027915980488755966)	(16, 0.030248695246484388)	(18, 0.03261274497857036)	(20, 0.0345485500611032)	(22, 0.036484355143636044)	(24, 0.03836097194127129)	(26, 0.04019929043691399)	(28, 0.04193664068184905)	(30, 0.04384459245384184)	(32, 0.045644612647491985)	(34, 0.04759434438529485)	(36, 0.04958585608890777)	(38, 0.051403284601645435)	(40, 0.05307100157023038)	(42, 0.05489191174678555)	(44, 0.05668148694898318)	(46, 0.058652108669691075)	(48, 0.060587913752223915)	(50, 0.06231481900570644)	(52, 0.06422625244151675)	(54, 0.06622820913658219)	(56, 0.06835898739289531)	(58, 0.07043405902812835)	(60, 0.07271803049241171)	(62, 0.07548595322732828)	(64, 0.07856026237818528)	(66, 0.0815753832441447)	(68, 0.08471236234371682)	(70, 0.08805824127233922)	(72, 0.09173487826362461)	(74, 0.09535580863382993)	(76, 0.09926919876470568)	(78, 0.10300502404088865)	(80, 0.1069149325079469)	(82, 0.11075520769865503)	(84, 0.1142682064905177)	(86, 0.1177463886442053)	(88, 0.12120019915117036)	(90, 0.1248420195042807)	(92, 0.12862658807390875)	(94, 0.13221618346975653)	(96, 0.13603905034137714)	(98, 0.13973309565175007)	(100, 0.14307201125273744)	(102, 0.1466546433209502)	(104, 0.15042876689912577)	(106, 0.15377464582774816)	(108, 0.1573468329045084)	(110, 0.16064745020350324)	(112, 0.16351982285294497)	(114, 0.16587342759357843)
HC_24hpi_2_R2 - polya	(1, 0.00568120795932942)	(2, 0.008994053406646198)	(3, 0.011033277926052854)	(4, 0.012664657541578177)	(5, 0.014145778508305118)	(6, 0.015269140787416854)	(7, 0.016614313452850017)	(8, 0.01893258974859653)	(9, 0.02230267658593174)	(10, 0.025111082283711082)	(12, 0.027518798251361394)	(14, 0.03022703151660848)	(16, 0.03283509234932331)	(18, 0.035189144513831344)	(20, 0.037417981137674056)	(22, 0.03948224876521378)	(24, 0.041789792300331835)	(26, 0.044083025487945286)	(28, 0.046251043134893415)	(30, 0.048279534893671615)	(32, 0.05035095769496364)	(34, 0.05221130287056269)	(36, 0.054465182602538464)	(38, 0.05642570021066978)	(40, 0.05828246779939268)	(42, 0.06040397681695084)	(44, 0.06250044272637592)	(46, 0.06479367591398938)	(48, 0.06712268497036433)	(50, 0.06906173705723874)	(52, 0.07101152190474161)	(54, 0.07326182404984122)	(56, 0.0756874279518723)	(58, 0.0779842387263619)	(60, 0.08067458405722822)	(62, 0.08372984324946206)	(64, 0.08708561973929266)	(66, 0.0902374737771826)	(68, 0.09380432789270617)	(70, 0.09731036303133514)	(72, 0.1009165706024964)	(74, 0.10466230406182757)	(76, 0.10837583923927338)	(78, 0.11232191756366906)	(80, 0.11614278034739942)	(82, 0.12011032419305202)	(84, 0.12399916112742929)	(86, 0.12779140321615046)	(88, 0.1318805850155922)	(90, 0.13587317196937787)	(92, 0.13985860374941123)	(94, 0.14380468207380692)	(96, 0.14791175180762944)	(98, 0.15219412329838342)	(100, 0.15623321888155906)	(102, 0.15998252992776635)	(104, 0.16401447033718972)	(106, 0.1676314106689794)	(108, 0.1715774889933751)	(110, 0.17520873967266942)	(112, 0.17837490405806394)	(114, 0.18079693037321887)
HC_24hpi_3_R1 - polya	(1, 0.0017021291350213148)	(2, 0.0033569769051809265)	(3, 0.004200161245214633)	(4, 0.005319153546941609)	(5, 0.006319942436514327)	(6, 0.007234048823840588)	(7, 0.008416082945383168)	(8, 0.010764390733514427)	(9, 0.013900721269340739)	(10, 0.016891267596843465)	(12, 0.01902680924309706)	(14, 0.02132783566636661)	(16, 0.023388515151589177)	(18, 0.025197027357549327)	(20, 0.026974018653601668)	(22, 0.02845550141926837)	(24, 0.029767559294180634)	(26, 0.03110719796526222)	(28, 0.03252563891111332)	(30, 0.033814056103594725)	(32, 0.03507883261364529)	(34, 0.03631602832752652)	(36, 0.03762020597496184)	(38, 0.03885740168884307)	(40, 0.04013399854010906)	(42, 0.041331793116605536)	(44, 0.04244684530459404)	(46, 0.04359735851622882)	(48, 0.04492517684609498)	(50, 0.04631997710951523)	(52, 0.04738380781890355)	(54, 0.04856190182670765)	(56, 0.049897600384050764)	(58, 0.051186017576532176)	(60, 0.052450794086582736)	(62, 0.053877115259910784)	(64, 0.054779401306021616)	(66, 0.0555792443949321)	(68, 0.056619434421889575)	(70, 0.05755324137790821)	(72, 0.05871557493075841)	(74, 0.06124906806459801)	(76, 0.06483851168034897)	(78, 0.06740352572409637)	(80, 0.07019706636467535)	(82, 0.07296302620908499)	(84, 0.07580778832826413)	(86, 0.07878651431455141)	(88, 0.08189132394046991)	(90, 0.08487793015423417)	(92, 0.08775027306958265)	(94, 0.09086690303671657)	(96, 0.09423176016937446)	(98, 0.09747053366240113)	(100, 0.10042561896625757)	(102, 0.10281726800551205)	(104, 0.10564232955599884)	(106, 0.10797487688917617)	(108, 0.11076841752975515)	(110, 0.11334919202845645)	(112, 0.11581176311500349)	(114, 0.1178015205529335)
HC_24hpi_3_R2 - polya	(1, 0.007320731326087044)	(2, 0.011843981897856648)	(3, 0.014838468339097851)	(4, 0.017241937719567762)	(5, 0.01910167140412809)	(6, 0.02058315416979479)	(7, 0.022285283304816102)	(8, 0.025413733613165464)	(9, 0.028817991883208095)	(10, 0.03216708856091207)	(12, 0.03519703602579955)	(14, 0.038613114637057605)	(16, 0.04171792426297612)	(18, 0.04454298581346288)	(20, 0.04721438292814911)	(22, 0.04987001958788144)	(24, 0.05250595567892139)	(26, 0.05500004767537624)	(28, 0.05739169671463072)	(30, 0.05966514234173095)	(32, 0.06182038455667692)	(34, 0.06402290813648459)	(36, 0.06643031763069299)	(38, 0.06856585927694658)	(40, 0.07082748456283137)	(42, 0.07319943303339349)	(44, 0.07548469900170915)	(46, 0.07802213224928722)	(48, 0.08068958925023498)	(50, 0.08312851965435115)	(52, 0.08574869529043722)	(54, 0.08839645172269259)	(56, 0.0910875494060712)	(58, 0.09392049118403492)	(60, 0.09695437876266086)	(62, 0.10071324726916626)	(64, 0.10443271463828692)	(66, 0.10815218200740757)	(68, 0.1124350856411302)	(70, 0.1165919056352216)	(72, 0.12096937199866761)	(74, 0.1252049942675285)	(76, 0.12993313075369883)	(78, 0.13469672826351542)	(80, 0.13945638565959356)	(82, 0.14428302498922577)	(84, 0.14895205976931897)	(86, 0.15355411261585805)	(88, 0.15832953046689008)	(90, 0.1631719302514762)	(92, 0.1680773718558779)	(94, 0.17275034674970957)	(96, 0.17754152505569548)	(98, 0.18262427177832857)	(100, 0.18711600144019036)	(102, 0.19154862939597506)	(104, 0.1963043466783147)	(106, 0.20074091474783784)	(108, 0.20524840486465357)	(110, 0.2095234282708992)	(112, 0.21356598496657483)	(114, 0.21662745334137012)
HC_48hpi_1_R2 - polya	(1, 0.0048750563409666)	(2, 0.008261798330891836)	(3, 0.010180070161122927)	(4, 0.01176099073845131)	(5, 0.013136854671858437)	(6, 0.0144068829180804)	(7, 0.015782746851487527)	(8, 0.018600622022792508)	(9, 0.0220468965867594)	(10, 0.025344339715622152)	(12, 0.028135755965130845)	(14, 0.03161841154656764)	(16, 0.034423057256974476)	(18, 0.03711525254974707)	(20, 0.03973799317280441)	(22, 0.042198672899859464)	(24, 0.04442452969597244)	(26, 0.04659416128326829)	(28, 0.048988693705832614)	(30, 0.051290619902109924)	(32, 0.05330149795862804)	(34, 0.055408289606657696)	(36, 0.05765068322889336)	(38, 0.05965163918973786)	(40, 0.06176504556821659)	(42, 0.06386191512057265)	(44, 0.06607123509056292)	(46, 0.06824417404308333)	(48, 0.07048656766531898)	(50, 0.07259666667857317)	(52, 0.0747530688049709)	(54, 0.0770913760187181)	(56, 0.07939660958021993)	(58, 0.08178121990711065)	(60, 0.08461563190453833)	(62, 0.0877245552156025)	(64, 0.09095254367475)	(66, 0.09422352788181647)	(68, 0.09794100639419534)	(70, 0.10164194808045152)	(72, 0.10570008521095764)	(74, 0.1098971316808943)	(76, 0.1142727758729559)	(78, 0.11854258437783236)	(80, 0.12311997784859068)	(82, 0.12763122401485827)	(84, 0.13177866000642685)	(86, 0.13620391467685652)	(88, 0.14064570617340888)	(90, 0.14517679653102367)	(92, 0.1496648911407195)	(94, 0.1544010381422556)	(96, 0.15899166107391208)	(98, 0.16359882083169122)	(100, 0.1677429494580353)	(102, 0.17180770131899048)	(104, 0.176084124554316)	(106, 0.1799570492322481)	(108, 0.18385974019720097)	(110, 0.18780211954484832)	(112, 0.19166842949233134)	(114, 0.19469797603800665)
HC_48hpi_2_R1 - polya	(1, 0.001277643103451729)	(2, 0.0028246271854689576)	(3, 0.0037707736999169944)	(4, 0.0047859820037408005)	(5, 0.00579428412862703)	(6, 0.0066506503168865675)	(7, 0.007707295694335835)	(8, 0.010338549869552639)	(9, 0.013460142749337404)	(10, 0.016205348877024225)	(12, 0.018197781500515167)	(14, 0.02042157111841493)	(16, 0.02260392366268924)	(18, 0.024333921486552255)	(20, 0.025991404431570712)	(22, 0.02749349835049369)	(24, 0.028923077390572115)	(26, 0.03031812553596265)	(28, 0.031754610754978645)	(30, 0.03333612573168376)	(32, 0.03477261095069976)	(34, 0.035963926817431775)	(36, 0.03715869577363258)	(38, 0.038208434972144274)	(40, 0.03941356319675145)	(42, 0.040625597600296194)	(44, 0.041623540456776055)	(46, 0.042880465023415054)	(48, 0.04421681064783618)	(50, 0.04550135993022549)	(52, 0.046651238723332045)	(54, 0.04789435093209589)	(56, 0.04907185444095276)	(58, 0.05004217258168231)	(60, 0.05140268983238497)	(62, 0.052663067488492754)	(64, 0.053488355871533194)	(66, 0.05433436279138637)	(68, 0.0554600699582114)	(70, 0.056547793140879765)	(72, 0.05772529664973663)	(74, 0.060259864319827355)	(76, 0.0641963863142462)	(78, 0.06700029496290241)	(80, 0.06992851483243503)	(82, 0.07281875071781096)	(84, 0.07577804839256269)	(86, 0.07858195704121891)	(88, 0.08131680390049936)	(90, 0.08430027320153259)	(92, 0.08730446103937856)	(94, 0.08999441773556476)	(96, 0.09322650947835075)	(98, 0.09634119617919795)	(100, 0.09881706132831926)	(102, 0.10138961298256666)	(104, 0.10414863146812864)	(106, 0.10769840744204318)	(108, 0.11022606893319632)	(110, 0.11285732310841312)	(112, 0.11527448573656504)	(114, 0.11721857510749295)
HC_48hpi_2_R2 - polya	(1, 0.0033702153215375338)	(2, 0.006312247548945299)	(3, 0.007997355209714065)	(4, 0.009661744333670102)	(5, 0.010973918331809714)	(6, 0.012286092329949328)	(7, 0.01364660958065198)	(8, 0.016519580018683977)	(9, 0.02013841778197428)	(10, 0.023460289850948772)	(12, 0.026298729394292886)	(14, 0.02953427422654767)	(16, 0.03246940027501786)	(18, 0.03523532493951741)	(20, 0.03795290635145393)	(22, 0.040597972884545884)	(24, 0.04305657258632327)	(26, 0.04554970318278853)	(28, 0.04799103743722197)	(30, 0.05067063486500181)	(32, 0.05347109042418925)	(34, 0.05571214548943296)	(36, 0.057794358439112396)	(38, 0.060152818546294916)	(40, 0.062435310685164086)	(42, 0.06486973876065995)	(44, 0.06718330870474822)	(46, 0.06944162921733586)	(48, 0.07208669575042781)	(50, 0.07424487666842061)	(52, 0.07665858620710374)	(54, 0.07932782436647721)	(56, 0.08199015634691312)	(58, 0.08484240824813238)	(60, 0.08840254349045329)	(62, 0.0923770494690288)	(64, 0.09609257373744517)	(66, 0.09964234971135971)	(68, 0.10353743463215309)	(70, 0.10785724955760745)	(72, 0.11213908049890513)	(74, 0.11661428445045496)	(76, 0.12119308108606847)	(78, 0.125885829674152)	(80, 0.1306303746042673)	(82, 0.13514356253997384)	(84, 0.13935633169189576)	(86, 0.14363125645425584)	(88, 0.1481893345530566)	(90, 0.1529304263937032)	(92, 0.15749541067144152)	(94, 0.16188774047574042)	(96, 0.16660466069010546)	(98, 0.17114892643103108)	(100, 0.17525119671995176)	(102, 0.1793914509930291)	(104, 0.18384593640776623)	(106, 0.18797583141243723)	(108, 0.19196414974888787)	(110, 0.195993905158964)	(112, 0.1992363561701564)	(114, 0.2020678895345629)
HC_48hpi_3_R1 - polya	(1, 0.0013835241033726168)	(2, 0.0029976355573073364)	(3, 0.004073709859930483)	(4, 0.005080607957384998)	(5, 0.0060875060548395135)	(6, 0.006956051741956767)	(7, 0.008032126044579913)	(8, 0.010284195835069784)	(9, 0.013189596452152279)	(10, 0.015806762881032145)	(12, 0.017778284728338124)	(14, 0.019892002108490736)	(16, 0.022047993836246393)	(18, 0.0239311238658369)	(20, 0.025437627889509304)	(22, 0.027101699936065815)	(24, 0.02846600842689159)	(26, 0.02981878755018926)	(28, 0.03129070347127735)	(30, 0.032631953227046914)	(32, 0.03400010484038206)	(34, 0.035118453490608256)	(36, 0.036313664591021824)	(38, 0.03755883628405718)	(40, 0.03864259683169906)	(42, 0.039772474849453364)	(44, 0.04087929413215145)	(46, 0.04190540784215281)	(48, 0.04324665759792237)	(50, 0.04418053636769889)	(52, 0.04518359134264404)	(54, 0.0465133117308855)	(56, 0.047992913896992326)	(58, 0.04903824321954053)	(60, 0.05022961119744472)	(62, 0.051540115973139344)	(64, 0.05241250478276596)	(66, 0.053196501774677114)	(68, 0.054264889832281525)	(70, 0.05536017974745151)	(72, 0.05649005776520581)	(74, 0.05896887178374842)	(76, 0.06271591623038258)	(78, 0.06557519937735266)	(80, 0.06847291374941641)	(82, 0.07122843258863354)	(84, 0.07403391202047246)	(86, 0.07677405836965212)	(88, 0.07968714523175335)	(90, 0.08254642837872343)	(92, 0.08539033903565603)	(94, 0.08811895601730757)	(96, 0.09098976853180576)	(98, 0.09414112898948783)	(100, 0.0967813541534239)	(102, 0.0994676967874724)	(104, 0.10232697993444248)	(106, 0.107465234729468)	(108, 0.10991714689044503)	(110, 0.11221917727355668)	(112, 0.1146480306994775)	(114, 0.11658496444419916)
HC_48hpi_3_R2 - polya	(1, 0.003189791682775755)	(2, 0.005849232459258674)	(3, 0.007609382568549392)	(4, 0.00891604422173464)	(5, 0.01015352966975126)	(6, 0.011490936303011455)	(7, 0.012897519141440283)	(8, 0.015641508613129306)	(9, 0.019453886142422737)	(10, 0.02283967707317628)	(12, 0.02566821524007141)	(14, 0.028934869373034532)	(16, 0.03188638746022945)	(18, 0.03491476799761173)	(20, 0.037520405058963494)	(22, 0.03983396480960326)	(24, 0.04216674017278986)	(26, 0.04468398541642615)	(28, 0.04718970129253433)	(30, 0.04976843649632052)	(32, 0.052047408144375966)	(34, 0.0542187723621691)	(36, 0.05669374325820234)	(38, 0.05914949854168873)	(40, 0.061509175762440915)	(42, 0.06390344108577742)	(44, 0.06622468708143592)	(46, 0.06846907062690705)	(48, 0.07102474709563703)	(50, 0.07324607190605195)	(52, 0.07549429857403245)	(54, 0.0778347601822378)	(56, 0.08062102400152987)	(58, 0.08350720900606552)	(60, 0.08664319697371012)	(62, 0.09027110462255387)	(64, 0.09416803084705341)	(66, 0.09776903663833159)	(68, 0.10191960894844942)	(70, 0.10608939687111413)	(72, 0.11056663459452828)	(74, 0.11491320615262393)	(76, 0.1194865219387723)	(78, 0.12400219088728015)	(80, 0.12890985833174357)	(82, 0.13351776222047623)	(84, 0.1377413538582721)	(86, 0.1423492577470048)	(88, 0.14684955420547516)	(90, 0.15144592872667975)	(92, 0.15595391143016885)	(94, 0.1598508376546684)	(96, 0.16440109470576056)	(98, 0.16906664543213376)	(100, 0.17309039469944246)	(102, 0.17716794768188232)	(104, 0.18158369544514658)	(106, 0.1854959941596836)	(108, 0.1894659397118611)	(110, 0.1930400436455737)	(112, 0.1966256769468144)	(114, 0.19958872440153744)
HC_6hpi_1_R1 - polya	(1, 0.0014143741726873845)	(2, 0.003255861338116999)	(3, 0.003886028048720289)	(4, 0.004495189202303469)	(5, 0.005279396664387564)	(6, 0.0060916115358318045)	(7, 0.007071870863436922)	(8, 0.010215702564113336)	(9, 0.013961693566032893)	(10, 0.01700399840777878)	(12, 0.018890997613418628)	(14, 0.021359150563281516)	(16, 0.023792294251444218)	(18, 0.026330465724707472)	(20, 0.028455527909908566)	(22, 0.03074513362510052)	(24, 0.03255161152882995)	(26, 0.03467317278786103)	(28, 0.036791233120722085)	(30, 0.038622217507641644)	(32, 0.040271153733720255)	(34, 0.04194459644298899)	(36, 0.043698560454168145)	(38, 0.045340494827906724)	(40, 0.04687740141654474)	(42, 0.048403805226672716)	(44, 0.04973415717127966)	(46, 0.051082013746736696)	(48, 0.05255240273814438)	(50, 0.05387225190424127)	(52, 0.05538815293585918)	(54, 0.056813029887056624)	(56, 0.05828341887846429)	(58, 0.059718798608171794)	(60, 0.06159879596147161)	(62, 0.06381488222709317)	(64, 0.0660029610833546)	(66, 0.0679004630675045)	(68, 0.07045263824544784)	(70, 0.07328838844316264)	(72, 0.07597709974173668)	(74, 0.07897389254327232)	(76, 0.08201269645884818)	(78, 0.08482394017337286)	(80, 0.08865395340337287)	(82, 0.09178728232553922)	(84, 0.0944829954764533)	(86, 0.09771785125755018)	(88, 0.1006131172001553)	(90, 0.10364491926339113)	(92, 0.10646316483025585)	(94, 0.10925690391393042)	(96, 0.11231321246035639)	(98, 0.11524698859083171)	(100, 0.11828929343257759)	(102, 0.12119156122752274)	(104, 0.12393978827098709)	(106, 0.1266950171667915)	(108, 0.12968130718981707)	(110, 0.13255206664923205)	(112, 0.13519176498142582)	(114, 0.13756539292469822)
HC_6hpi_1_R2 - polya	(1, 0.0029757872445155364)	(2, 0.00654673193793418)	(3, 0.007982111667641675)	(4, 0.00951551733010968)	(5, 0.010775850751316261)	(6, 0.011868139716361964)	(7, 0.013254506479689203)	(8, 0.016475358556106018)	(9, 0.02065546440310784)	(10, 0.024373447995667253)	(12, 0.02663854722766908)	(14, 0.029610833546014598)	(16, 0.032632132830740374)	(18, 0.03551339506866542)	(20, 0.03551339506866542)	(22, 0.03551339506866542)	(24, 0.03551339506866542)	(26, 0.03551339506866542)	(28, 0.03551339506866542)	(30, 0.037617451696846396)	(32, 0.04155249271194694)	(34, 0.04410466788989027)	(36, 0.046835390302504526)	(38, 0.04905497749429612)	(40, 0.05134108228331805)	(42, 0.05391076209211147)	(44, 0.0562913918877239)	(46, 0.058230904985914024)	(48, 0.06044349032536557)	(50, 0.0624985339871663)	(52, 0.06460259061534729)	(54, 0.06686068799500908)	(56, 0.06916779834105112)	(58, 0.07156593276751363)	(60, 0.07446820056245879)	(62, 0.07822819526905843)	(64, 0.08199869275416811)	(66, 0.08536308280355569)	(68, 0.08882199785953374)	(70, 0.09284106110271473)	(72, 0.096723588225265)	(74, 0.10078816350865621)	(76, 0.10506629528841854)	(78, 0.10903284463904926)	(80, 0.11332498012349167)	(82, 0.11752959245368363)	(84, 0.1215486556968646)	(86, 0.1256657448728061)	(88, 0.1299508785049085)	(90, 0.13400845193595967)	(92, 0.13818505685679144)	(94, 0.1421551071335922)	(96, 0.14642273613484447)	(98, 0.15078489014268726)	(100, 0.1548004524596982)	(102, 0.15874599625330882)	(104, 0.16312565489200168)	(106, 0.1669591690481717)	(108, 0.17080318598285177)	(110, 0.17516533999069456)	(112, 0.1786452606036927)	(114, 0.1816490552575684)
HC_6hpi_2_R1 - polya	(1, 0.0015268404187717046)	(2, 0.0033408388979546014)	(3, 0.004055232121416591)	(4, 0.004699586793558779)	(5, 0.00544899929268067)	(6, 0.0061844040815386015)	(7, 0.00711591681409198)	(8, 0.009826408750168355)	(9, 0.013083201386539192)	(10, 0.015996805121442997)	(12, 0.017709247701212176)	(14, 0.019957485198577853)	(16, 0.022044634027907982)	(18, 0.02416680213289801)	(20, 0.02602282374287279)	(22, 0.02768273740915212)	(24, 0.029185064334961895)	(26, 0.030711904753733598)	(28, 0.03246637046429467)	(30, 0.03394068196957652)	(32, 0.035236395168992865)	(34, 0.03660214691972903)	(36, 0.03803793722178499)	(38, 0.039435206320615056)	(40, 0.04070990795463547)	(42, 0.04195309224056197)	(44, 0.04305619942384887)	(46, 0.04406475456285403)	(48, 0.04522389258719677)	(50, 0.046376026756407535)	(52, 0.04751765514292032)	(54, 0.04881687026990266)	(56, 0.050116085396885)	(58, 0.051369775465509485)	(60, 0.052802063839999455)	(62, 0.05470010858076611)	(64, 0.05653862055291094)	(66, 0.0585067038449974)	(68, 0.0609615550687565)	(70, 0.06368255278753085)	(72, 0.06637203315821127)	(74, 0.06933816580660493)	(76, 0.07193309413300362)	(78, 0.07465058992421197)	(80, 0.07766224763096351)	(82, 0.08034122221894598)	(84, 0.08276805802217715)	(86, 0.08560111742306317)	(88, 0.08828359393861163)	(90, 0.09092054539580222)	(92, 0.0934489370984471)	(94, 0.0960753827729397)	(96, 0.09872984386796024)	(98, 0.10158391483424221)	(100, 0.1042523836395267)	(102, 0.1068823312415853)	(104, 0.10950177306094594)	(106, 0.1120021493430629)	(108, 0.1146671162207814)	(110, 0.11751768525949738)	(112, 0.1198639767287108)	(114, 0.12207719495041655)
HC_6hpi_2_R2 - polya	(1, 0.0029626307208276653)	(2, 0.006555608403533557)	(3, 0.007865329313213872)	(4, 0.009048980830518543)	(5, 0.010225628492691232)	(6, 0.011241187486828374)	(7, 0.012515889120848788)	(8, 0.015506535262204375)	(9, 0.019253597757813833)	(10, 0.02295513519506542)	(12, 0.025140337996243274)	(14, 0.028187014978654702)	(16, 0.0312441977437641)	(18, 0.03371655860535314)	(20, 0.03371655860535314)	(22, 0.03371655860535314)	(24, 0.03371655860535314)	(26, 0.03371655860535314)	(28, 0.03371655860535314)	(30, 0.035642618766647725)	(32, 0.03950874679950085)	(34, 0.041928578747600045)	(36, 0.044432456957283)	(38, 0.0466001501206309)	(40, 0.048984962793070186)	(42, 0.051292733059057696)	(44, 0.05350244935319748)	(46, 0.055656134806281427)	(48, 0.05790787423121309)	(50, 0.059981015350279256)	(52, 0.062134700803363196)	(54, 0.06425336698078724)	(56, 0.06654362760894479)	(58, 0.06888291522302621)	(60, 0.07186305558168382)	(62, 0.07504280581160289)	(64, 0.07828909266527576)	(66, 0.08129724844446129)	(68, 0.0847781644450555)	(70, 0.0885427365784949)	(72, 0.09247540123510184)	(74, 0.09638355239874684)	(76, 0.1000990975462624)	(78, 0.10379713305594798)	(80, 0.10815002902047374)	(82, 0.11227179776564414)	(84, 0.11582625424512413)	(86, 0.11949277240671582)	(88, 0.12321882333692935)	(90, 0.12692386270174694)	(92, 0.13065341555952642)	(94, 0.13428141251789222)	(96, 0.13814754055074535)	(98, 0.14217475725163403)	(100, 0.14596734480560136)	(102, 0.14962685911206106)	(104, 0.1533038830563507)	(106, 0.15655717376515554)	(108, 0.1603777767396508)	(110, 0.16426141441033387)	(112, 0.16755672824993062)	(114, 0.1704388146367405)
HC_6hpi_3_R1 - polya	(1, 0.001404996878494309)	(2, 0.0031860787800199225)	(3, 0.003803425893297725)	(4, 0.004463348669560203)	(5, 0.005080695782838006)	(6, 0.005847057716562174)	(7, 0.006769530414563488)	(8, 0.010005280801398866)	(9, 0.013574540548280873)	(10, 0.016420014024423387)	(12, 0.018130136487641207)	(14, 0.020436318232644492)	(16, 0.022767335781055505)	(18, 0.025126737104789635)	(20, 0.027095861517830902)	(22, 0.02878114817764099)	(24, 0.030441599034043358)	(26, 0.03204528233979949)	(28, 0.03410665402264089)	(30, 0.03561809005859688)	(32, 0.03693083966729106)	(34, 0.03816908186576205)	(36, 0.039712449648956566)	(38, 0.040929404015935214)	(40, 0.04237697655741421)	(42, 0.043540711345662016)	(44, 0.04477185760030224)	(46, 0.04583979714683452)	(48, 0.04703191571040545)	(50, 0.04826660993696105)	(52, 0.04959709940523218)	(54, 0.0507927659407185)	(56, 0.052350325611574565)	(58, 0.053719842770914975)	(60, 0.05556478816691761)	(62, 0.05772195509147452)	(64, 0.059620120066207996)	(66, 0.06148635329370296)	(68, 0.06385994650509866)	(70, 0.06646415789099466)	(72, 0.06926705570415251)	(74, 0.07228992777606451)	(76, 0.07517088097136092)	(78, 0.07797377878451875)	(80, 0.08086892386747672)	(82, 0.08392727565854262)	(84, 0.08634344453292297)	(86, 0.08914279437416542)	(88, 0.0918995685524232)	(90, 0.09459957518003474)	(92, 0.09730667775147706)	(94, 0.10008828773314254)	(96, 0.10275991058543098)	(98, 0.10547765707261947)	(100, 0.10805703265510774)	(102, 0.11063995620951142)	(104, 0.11329383920222291)	(106, 0.11582354317789574)	(108, 0.11838517890080708)	(110, 0.12107099364075706)	(112, 0.12357586181302216)	(114, 0.12557691797330195)
HC_6hpi_3_R2 - polya	(1, 0.003803425893297725)	(2, 0.0077700584947033744)	(3, 0.009274398586828594)	(4, 0.01082131434193849)	(5, 0.012027624793170977)	(6, 0.013099112311618658)	(7, 0.014390574088820496)	(8, 0.017307007003270803)	(9, 0.021287831492338014)	(10, 0.025300587728643728)	(12, 0.027674180940039414)	(14, 0.030807040141328495)	(16, 0.0334502792182938)	(18, 0.035862900120758774)	(20, 0.035862900120758774)	(22, 0.035862900120758774)	(24, 0.035862900120758774)	(26, 0.035862900120758774)	(28, 0.035862900120758774)	(30, 0.037874600196784715)	(32, 0.04152901126963607)	(34, 0.04348039582310039)	(36, 0.046027839658350174)	(38, 0.048238226161637934)	(40, 0.05067568286751064)	(42, 0.05281156196057522)	(44, 0.054770042457870316)	(46, 0.056877537775611775)	(48, 0.05894600540228395)	(50, 0.060911581843409834)	(52, 0.06300843324540513)	(54, 0.06525429946784679)	(56, 0.06739372653282676)	(58, 0.06949767387865283)	(60, 0.07214800889944892)	(62, 0.07497574251601448)	(64, 0.07806602605431888)	(66, 0.08096471910919224)	(68, 0.08439915592328945)	(70, 0.08794712783867911)	(72, 0.09171507401282294)	(74, 0.09540496480482819)	(76, 0.099045183990018)	(78, 0.10266411534371546)	(80, 0.10684362626004448)	(82, 0.11052287313630357)	(84, 0.11397504980997772)	(86, 0.11788491486073713)	(88, 0.12163512117530402)	(90, 0.12530017616390154)	(92, 0.12899716289973756)	(94, 0.13282187662452766)	(96, 0.1368204409731718)	(98, 0.1406345107822157)	(100, 0.14446277247892114)	(102, 0.14786172957386445)	(104, 0.15136712582626943)	(106, 0.15473060320205884)	(108, 0.1583495345557563)	(110, 0.16222037191544642)	(112, 0.16555901348782812)	(114, 0.16833707549757823)
HI_24hpi_1_R1 - polya	(1, 0.0012730639402729323)	(2, 0.0023622408669508855)	(3, 0.0030836437664388803)	(4, 0.0037413934689132285)	(5, 0.0043142722420360475)	(6, 0.0050073848317402)	(7, 0.005841948970363567)	(8, 0.007383770853583007)	(9, 0.009625777903952559)	(10, 0.011680361652004152)	(12, 0.013292909309683201)	(14, 0.015061053671173384)	(16, 0.016609948131838782)	(18, 0.017978491867632188)	(20, 0.01917729374472253)	(22, 0.020450357684995465)	(24, 0.021691595026761573)	(26, 0.02282320741811529)	(28, 0.024011400429036694)	(30, 0.025089968489545707)	(32, 0.026126101085378953)	(34, 0.027176378836104124)	(36, 0.028163003389815644)	(38, 0.0290718295916216)	(40, 0.029885175997907083)	(42, 0.03093545374863225)	(44, 0.03196805005574252)	(46, 0.03300771894029875)	(48, 0.034125186176760545)	(50, 0.035076447843242264)	(52, 0.035900403115696686)	(54, 0.036947144577698876)	(56, 0.037993886039701066)	(58, 0.03889563966406106)	(60, 0.03988226421777258)	(62, 0.04111996527081571)	(64, 0.041929775388378214)	(66, 0.04265117828786621)	(68, 0.04353171417988832)	(70, 0.044383959762126585)	(72, 0.045413019780513875)	(74, 0.04756661961280892)	(76, 0.05068208997775463)	(78, 0.05311859290788809)	(80, 0.055314628204858905)	(82, 0.057549562677782495)	(84, 0.05982339632665887)	(86, 0.062203318637224655)	(88, 0.06460092239140534)	(90, 0.06695962696963326)	(92, 0.06953758144868594)	(94, 0.07215089881496843)	(96, 0.07473946216019006)	(98, 0.07712292075947882)	(100, 0.07949930678132164)	(102, 0.08179082187381291)	(104, 0.08470826007027171)	(106, 0.09179498267112438)	(108, 0.09409357034106161)	(110, 0.09657958131331681)	(112, 0.09890292300431491)	(114, 0.10089738984407584)
HI_24hpi_1_R2 - polya	(1, 0.0038191918208187966)	(2, 0.006393610011148504)	(3, 0.007850560965016415)	(4, 0.009194350679748955)	(5, 0.010234019564305183)	(6, 0.01125954329396949)	(7, 0.012447736304890893)	(8, 0.014675598200368524)	(9, 0.01743390340429321)	(10, 0.020068438502913583)	(12, 0.022331663285621018)	(14, 0.025047533024869943)	(16, 0.027473427088834473)	(18, 0.02985334939940026)	(20, 0.03200341294297232)	(22, 0.03402617009251709)	(24, 0.036123189305244455)	(26, 0.03801156748331597)	(28, 0.0401121229847663)	(30, 0.04201111002900676)	(32, 0.043782790679219925)	(34, 0.04558983421666289)	(36, 0.047630272809822564)	(38, 0.049557550163846865)	(40, 0.05118070668769485)	(42, 0.053150419506394916)	(44, 0.05500343479723663)	(46, 0.0572242241152683)	(48, 0.059349533637779506)	(50, 0.06112828686543863)	(52, 0.06308739081796975)	(54, 0.0653293978683393)	(56, 0.06753604203147906)	(58, 0.06995132722927465)	(60, 0.07257878975044907)	(62, 0.07539367557394142)	(64, 0.0786399886216374)	(66, 0.08155035424065024)	(68, 0.08491336481620457)	(70, 0.08827991168048188)	(72, 0.09181620040346225)	(74, 0.09564600109044999)	(76, 0.09965615250230972)	(78, 0.10349656205546641)	(80, 0.10751024975604913)	(82, 0.1109934941481848)	(84, 0.11433528699140122)	(86, 0.11823934974157155)	(88, 0.12203732383005247)	(90, 0.1258671245170402)	(92, 0.12960498169723045)	(94, 0.13350197186995483)	(96, 0.13748029668330775)	(98, 0.14148691180644452)	(100, 0.14494186588879632)	(102, 0.14847815461177666)	(104, 0.152021515912203)	(106, 0.1555153691705076)	(108, 0.15896325067541345)	(110, 0.16234747898330568)	(112, 0.16536393326400795)	(114, 0.16778982732797246)
HI_24hpi_2_R1 - polya	(1, 0.0016139418553049831)	(2, 0.0030840051731215374)	(3, 0.004066132581194725)	(4, 0.005004470869162738)	(5, 0.005861486505506857)	(6, 0.006674713021745802)	(7, 0.0076693516069918964)	(8, 0.009890085555182861)	(9, 0.012899023665266959)	(10, 0.015654610437599692)	(12, 0.017540670396415395)	(14, 0.019836471407643802)	(16, 0.021957115938451514)	(18, 0.024043354732033728)	(20, 0.025516545844143514)	(22, 0.02727749403123015)	(24, 0.02895399177239967)	(26, 0.030499122153253663)	(28, 0.03223504798599448)	(30, 0.03362691644648037)	(32, 0.03502191270125948)	(34, 0.036301180567189215)	(36, 0.037649259907569926)	(38, 0.03900359483653709)	(40, 0.040282862702466816)	(42, 0.04157464174556945)	(44, 0.04287893196584499)	(46, 0.044080004974444045)	(48, 0.04535927284037377)	(50, 0.04635703921991309)	(52, 0.04745176722254244)	(54, 0.048746674059938294)	(56, 0.049938363685657676)	(58, 0.05122701493446708)	(60, 0.052878490321290786)	(62, 0.05437670378774638)	(64, 0.055274380749902444)	(66, 0.05626589154085531)	(68, 0.05742004763505597)	(70, 0.05866803755805343)	(72, 0.06010369513864448)	(74, 0.06327215075768314)	(76, 0.0675415899679376)	(78, 0.07064123411252528)	(80, 0.07405052989214239)	(82, 0.07750361479186468)	(84, 0.08057510878781331)	(86, 0.08375607558402487)	(88, 0.08688074208295837)	(90, 0.0899303415188544)	(92, 0.09312381949223889)	(94, 0.09622033584253332)	(96, 0.0996734207422556)	(98, 0.10295760475014365)	(100, 0.10608539904337037)	(102, 0.10911623171350705)	(104, 0.11219398129804214)	(106, 0.1208673548731598)	(108, 0.12396074342916102)	(110, 0.1268289307960499)	(112, 0.12971588492869818)	(114, 0.13218684242034728)
HI_24hpi_2_R2 - polya	(1, 0.004616624376802626)	(2, 0.00838874429443404)	(3, 0.010421810585031402)	(4, 0.012267209218035162)	(5, 0.013687227827160088)	(6, 0.014975879075969494)	(7, 0.016295808267711168)	(8, 0.01926721284627654)	(9, 0.023383390136162894)	(10, 0.026845858418764863)	(12, 0.029923608003299948)	(14, 0.03388026778423174)	(16, 0.03710502370054848)	(18, 0.04042048565136879)	(20, 0.04360458024187358)	(22, 0.04644148966583021)	(24, 0.04923148217538843)	(26, 0.052099669542277335)	(28, 0.05514301338958692)	(30, 0.05795490045919774)	(32, 0.06069797605435756)	(34, 0.06330968428920186)	(36, 0.06625606651342142)	(38, 0.06880834665669443)	(40, 0.0715107609260423)	(42, 0.07410370239512724)	(44, 0.07649646502944568)	(46, 0.07920200709308678)	(48, 0.08195759386541952)	(50, 0.08458181327743673)	(52, 0.08746563961579176)	(54, 0.09043078860577068)	(56, 0.09353043275035836)	(58, 0.09667699380934441)	(60, 0.10012069532618703)	(62, 0.10430881188481761)	(64, 0.10857199550648561)	(66, 0.11254429425888353)	(68, 0.11720783555008454)	(70, 0.12171811492091747)	(72, 0.1265317903381934)	(74, 0.13154877238452903)	(76, 0.13695985651181125)	(78, 0.1421551228328608)	(80, 0.14715959370202353)	(82, 0.15257067782930578)	(84, 0.15738435324658168)	(86, 0.16238569632145117)	(88, 0.1673870393963207)	(90, 0.1724352993855886)	(92, 0.17736157539742067)	(94, 0.18258499186710928)	(96, 0.18786783642836918)	(98, 0.19331645408717013)	(100, 0.19797061199549149)	(102, 0.20272173152690287)	(104, 0.20764487974444168)	(106, 0.21226463191553754)	(108, 0.216631032748882)	(110, 0.22094426107924167)	(112, 0.22534819544410487)	(114, 0.22867929636639134)
HI_24hpi_3_R2 - polya	(1, 0.0035296867297784367)	(2, 0.006436011353609765)	(3, 0.007957986365532577)	(4, 0.009293762306847812)	(5, 0.010500008459914296)	(6, 0.011479577483545467)	(7, 0.012612963130722028)	(8, 0.014952594930965075)	(9, 0.017777963437140935)	(10, 0.0207085748962689)	(12, 0.02310892378475355)	(14, 0.025788571279149568)	(16, 0.0282213026146964)	(18, 0.030605460279649957)	(20, 0.032681984697512725)	(22, 0.03479898717420324)	(24, 0.03663669104498238)	(26, 0.03849868175105815)	(28, 0.040445676380672174)	(30, 0.042182185104381986)	(32, 0.04409274948105105)	(34, 0.04591426212829909)	(36, 0.04788959139909253)	(38, 0.049707056240457806)	(40, 0.05124927028179448)	(42, 0.05335817714671945)	(44, 0.05524445468809186)	(46, 0.05742217425302397)	(48, 0.05955941575912835)	(50, 0.06142950207696968)	(52, 0.06338864012423201)	(54, 0.0656473158068196)	(56, 0.0681002861717803)	(58, 0.07025776670729854)	(60, 0.07283621905462523)	(62, 0.0759004081078847)	(64, 0.07898888399644086)	(66, 0.08186282617320999)	(68, 0.0852265528617947)	(70, 0.08837979364447521)	(72, 0.09169494666246666)	(74, 0.09550797980403924)	(76, 0.09947887737503999)	(78, 0.10351453984016509)	(80, 0.1076756842876562)	(82, 0.11154133890570483)	(84, 0.11539080230022236)	(86, 0.1190297797888357)	(88, 0.12273352217157338)	(90, 0.1267408499955191)	(92, 0.13070769976063706)	(94, 0.13464621488457562)	(96, 0.13862925587322467)	(98, 0.14264872711481869)	(100, 0.1462269875151904)	(102, 0.1498821562273348)	(104, 0.1534644644335893)	(106, 0.15691319504571227)	(108, 0.16022834806370373)	(110, 0.1636487440346473)	(112, 0.16666031161143072)	(114, 0.1690687561116809)
HI_48hpi_1_R2 - polya	(1, 0.005046289255795217)	(2, 0.008763951056109123)	(3, 0.011003280898915653)	(4, 0.012674981171540027)	(5, 0.014209452317307174)	(6, 0.015644120461723615)	(7, 0.017147403169568667)	(8, 0.020303673087284837)	(9, 0.02482599658598883)	(10, 0.02849375688562738)	(12, 0.03141611351892783)	(14, 0.03495912006687799)	(16, 0.038053013108749964)	(18, 0.04116561921337519)	(20, 0.04377297262366246)	(22, 0.04639592025291078)	(24, 0.048616537032964056)	(26, 0.051155275879822715)	(28, 0.05359733056912287)	(30, 0.055852254630890455)	(32, 0.058300547007775025)	(34, 0.06028413165962037)	(36, 0.06241430196969956)	(38, 0.06480333631453215)	(40, 0.06706449806388415)	(42, 0.06938491784528814)	(44, 0.07151508815536733)	(46, 0.07365149615303093)	(48, 0.07595320287168167)	(50, 0.07821748346482586)	(52, 0.08035077261869727)	(54, 0.08271485621319219)	(56, 0.08531597193589505)	(58, 0.0879545137841044)	(60, 0.0908332066043139)	(62, 0.0943543812457186)	(64, 0.09810323148395461)	(66, 0.10150900890504755)	(68, 0.10558221889767336)	(70, 0.10964607235892254)	(72, 0.1136381924129509)	(74, 0.11811685209856394)	(76, 0.12262981906589132)	(78, 0.12703674534428355)	(80, 0.13208303460007875)	(82, 0.13709501657415968)	(84, 0.14177951995005858)	(86, 0.14622387235395734)	(88, 0.1508023350409211)	(90, 0.15528723241411857)	(92, 0.15994990388347202)	(94, 0.1645346042580202)	(96, 0.16954970507589334)	(98, 0.174870452585403)	(100, 0.17948946024166548)	(102, 0.1839837141462396)	(104, 0.1885185130201124)	(106, 0.19273830867097208)	(108, 0.1968395882577278)	(110, 0.20115606806614594)	(112, 0.20519185193326522)	(114, 0.20826391306859174)
HI_48hpi_2_R2 - polya	(1, 0.005019044879686661)	(2, 0.008066602647008139)	(3, 0.009802453849528877)	(4, 0.011200560247939246)	(5, 0.012543684934052578)	(6, 0.013949645862791096)	(7, 0.015057134639059982)	(8, 0.017523457162098497)	(9, 0.020735960066311086)	(10, 0.023822790485273304)	(12, 0.026426567289054414)	(14, 0.02920314376005478)	(16, 0.03183441141998441)	(18, 0.034410697367616996)	(20, 0.036857383564835144)	(22, 0.03907236111737292)	(24, 0.041173447980152544)	(26, 0.0431645714183381)	(28, 0.045399185296696246)	(30, 0.04735496334840513)	(32, 0.04940106849888772)	(34, 0.05130579210346364)	(36, 0.05348542426952475)	(38, 0.05567291096591401)	(40, 0.05785647039713919)	(42, 0.060012538972215854)	(44, 0.06201544420589363)	(46, 0.0640654766215403)	(48, 0.06624118152243733)	(50, 0.06820088683931029)	(52, 0.07033339182340251)	(54, 0.07261120561856547)	(56, 0.07496363745184584)	(58, 0.07720610586053213)	(60, 0.07949570145118731)	(62, 0.08275925880253288)	(64, 0.08595605264608916)	(66, 0.0890703739211999)	(68, 0.0927030941979684)	(70, 0.09624156011079915)	(72, 0.09993318936502876)	(74, 0.10371907298319617)	(76, 0.10797622842105246)	(78, 0.11229622010153395)	(80, 0.11634130322053024)	(82, 0.12048849523379246)	(84, 0.12451394202696837)	(86, 0.12873967934351205)	(88, 0.1329418530690713)	(90, 0.1371872267114354)	(92, 0.14132656419436945)	(94, 0.1454423380863191)	(96, 0.1500725837147624)	(98, 0.15478922917681537)	(100, 0.1586183127117876)	(102, 0.16268303215660423)	(104, 0.16635895235017759)	(106, 0.16981494569456276)	(108, 0.17336126613772165)	(110, 0.17670336879234866)	(112, 0.18015150760640572)	(114, 0.18294772040322646)
HI_48hpi_3_R2 - polya	(1, 0.001958083706151435)	(2, 0.0036861702785644474)	(3, 0.004637239507266573)	(4, 0.005731279927211502)	(5, 0.006564242519669573)	(6, 0.00763963452336544)	(7, 0.008808268608306614)	(8, 0.011338237079429261)	(9, 0.015080352606740892)	(10, 0.017576132314740263)	(12, 0.01964299844901122)	(14, 0.022005131173892314)	(16, 0.024333075135650133)	(18, 0.0266858836524067)	(20, 0.028842883798548123)	(22, 0.03093772255719267)	(24, 0.03284296908397177)	(26, 0.03484145769199617)	(28, 0.03712278061313133)	(30, 0.03888505594866762)	(32, 0.04085246386294358)	(34, 0.042530821325359104)	(36, 0.044426743644013666)	(38, 0.04626050457517136)	(40, 0.048162643032575614)	(42, 0.04995599906186034)	(44, 0.0516374645936507)	(46, 0.05330338977856684)	(48, 0.05512471843222516)	(50, 0.05668186118902178)	(52, 0.05848454142643103)	(54, 0.060411544438834036)	(56, 0.06241314111623328)	(58, 0.06449554759737847)	(60, 0.06688254487725831)	(62, 0.06966115889836844)	(64, 0.07294638822757807)	(66, 0.07551054546182398)	(68, 0.0788517200397808)	(70, 0.08200641045524701)	(72, 0.08555893375069318)	(74, 0.08892186481427389)	(76, 0.09235938954285086)	(78, 0.09589326442204797)	(80, 0.0995421378681143)	(82, 0.1031754709673064)	(84, 0.10644205188026698)	(86, 0.1097055247238527)	(88, 0.11298453791431265)	(90, 0.11652152086288459)	(92, 0.12002742311770812)	(94, 0.12325981526754541)	(96, 0.12666004316362425)	(98, 0.13017216155719746)	(100, 0.13335482459703724)	(102, 0.13652505535937767)	(104, 0.1395958279017231)	(106, 0.1427070053459415)	(108, 0.14572804877828943)	(110, 0.14889517147125497)	(112, 0.15183851316923183)	(114, 0.15411672802099216)
HI_6hpi_1_R1 - polya	(1, 0.0012480048035880666)	(2, 0.002701080819033327)	(3, 0.003263561857270202)	(4, 0.003913930557731589)	(5, 0.004505707483376635)	(6, 0.005150217006356387)	(7, 0.005970501853785164)	(8, 0.008337609556365345)	(9, 0.011267198297182403)	(10, 0.01383937721161978)	(12, 0.015494594850181419)	(14, 0.017630265042237053)	(16, 0.01962531497473347)	(18, 0.0216057169635258)	(20, 0.023237497892160904)	(22, 0.024904433885685806)	(24, 0.026427820030910674)	(26, 0.027860388925170218)	(28, 0.02967966353321761)	(30, 0.03090716121561996)	(32, 0.032286997512544796)	(34, 0.03367269298695126)	(36, 0.03507889558254345)	(38, 0.036239012723907005)	(40, 0.0374577216400869)	(42, 0.03857096536159738)	(44, 0.039643194840736425)	(46, 0.04053671940668563)	(48, 0.04145075109382054)	(50, 0.04245267044317998)	(52, 0.04358056210839455)	(54, 0.04464400282131114)	(56, 0.045845134205046136)	(58, 0.04690857491796273)	(60, 0.048382158054593706)	(62, 0.05013112253286149)	(64, 0.051856650301202734)	(66, 0.05359096683576643)	(68, 0.055873116464862926)	(70, 0.058207998691294116)	(72, 0.060580965571355935)	(74, 0.06317365160697902)	(76, 0.06569602751282252)	(78, 0.06796352919821491)	(80, 0.07048883469279923)	(82, 0.07309030949464476)	(84, 0.07526699392907185)	(86, 0.07776007394750716)	(88, 0.08016233671497715)	(90, 0.08264662796719002)	(92, 0.08519829976044167)	(94, 0.08771188690006271)	(96, 0.09007606501390207)	(98, 0.0925017644912986)	(100, 0.09499777409847474)	(102, 0.09732093796994265)	(104, 0.09971148238244937)	(106, 0.1020024207777683)	(108, 0.10432558464923623)	(110, 0.1068450309663389)	(112, 0.10900999704580272)	(114, 0.11072087687043987)
HI_6hpi_1_R2 - polya	(1, 0.003216688437417129)	(2, 0.0069079702508466215)	(3, 0.008308313668957176)	(4, 0.009708657087067729)	(5, 0.011015253665472137)	(6, 0.012099201499574448)	(7, 0.013294473705827807)	(8, 0.01613031560693872)	(9, 0.01963410374095592)	(10, 0.0228595809445955)	(12, 0.02487806758701845)	(14, 0.027479542388864)	(16, 0.030083946779450366)	(18, 0.032313363811212144)	(20, 0.032313363811212144)	(22, 0.032313363811212144)	(24, 0.032313363811212144)	(26, 0.032313363811212144)	(28, 0.032313363811212144)	(30, 0.03410334253185136)	(32, 0.03746943999505017)	(34, 0.039651983606958874)	(36, 0.0418374568076084)	(38, 0.043967267822182396)	(40, 0.046012120763272706)	(42, 0.04820345314140387)	(44, 0.05004909404811861)	(46, 0.0517980585263864)	(48, 0.05359975560198889)	(50, 0.055688552374191444)	(52, 0.0575341932809062)	(54, 0.05958490539947814)	(56, 0.06158581450945619)	(58, 0.06348711760224646)	(60, 0.06588645078097563)	(62, 0.06873401103704982)	(64, 0.07144095103356476)	(66, 0.07409515843274503)	(68, 0.07751691808201935)	(70, 0.08119941112922638)	(72, 0.084568438181166)	(74, 0.08826850876081795)	(76, 0.09174300100742697)	(78, 0.09505050669580943)	(80, 0.09888240876879814)	(82, 0.10250631004118885)	(84, 0.10564682917134474)	(86, 0.10910374388550886)	(88, 0.11258116572085872)	(90, 0.1163427576640678)	(92, 0.11980553155571358)	(94, 0.12331810845595323)	(96, 0.12658752949070506)	(98, 0.13015869816576106)	(100, 0.13373865560703949)	(102, 0.13714869690135056)	(104, 0.14059682284929223)	(106, 0.14374613074567055)	(108, 0.14691887535197545)	(110, 0.1503787196548804)	(112, 0.1531325330712484)	(114, 0.15556702131486738)
HI_6hpi_2_R1 - polya	(1, 0.0014127479525551535)	(2, 0.0030701275852064373)	(3, 0.003687822577449167)	(4, 0.004397254449727945)	(5, 0.005063875777989901)	(6, 0.005865044530304728)	(7, 0.006800760706672427)	(8, 0.009503940771734668)	(9, 0.012476215684902654)	(10, 0.015216090501979314)	(12, 0.01672669112657292)	(14, 0.018815234095393634)	(16, 0.020943529712229972)	(18, 0.02308405691307111)	(20, 0.025022762977832944)	(22, 0.02668014261048423)	(24, 0.028361985411145124)	(26, 0.029875643931739936)	(28, 0.03171343942846211)	(30, 0.033003871540969204)	(32, 0.0341261193734102)	(34, 0.035532751533962945)	(36, 0.037015831094545745)	(38, 0.03817783157500236)	(40, 0.039404047871484216)	(42, 0.04054464307993243)	(44, 0.04159961720034698)	(46, 0.0425567386487231)	(48, 0.04364840752115208)	(50, 0.0446269342415366)	(52, 0.045761413657982405)	(54, 0.046978456266460654)	(56, 0.048229135730952125)	(58, 0.04940948358741595)	(60, 0.050917026316008356)	(62, 0.05262944807668127)	(64, 0.05440914354938062)	(66, 0.05612768110205593)	(68, 0.05847308733497758)	(70, 0.061191556880045836)	(72, 0.0637326684570444)	(74, 0.06653370119414509)	(76, 0.06915431806717488)	(78, 0.07172295070818425)	(80, 0.07465547297333662)	(82, 0.07730361091037723)	(84, 0.07998844359943225)	(86, 0.08285063425655698)	(88, 0.0853091826415231)	(90, 0.0877585573384856)	(92, 0.09024462678746253)	(94, 0.09284995418048632)	(96, 0.09540941313349208)	(98, 0.0982807774786204)	(100, 0.10098089964768145)	(102, 0.1033171321925995)	(104, 0.10572369634554518)	(106, 0.10803852361845481)	(108, 0.11072947209951226)	(110, 0.11367728384467063)	(112, 0.11587285317353341)	(114, 0.11763114337422434)
HI_6hpi_2_R2 - polya	(1, 0.0030089696651824046)	(2, 0.006617286946600329)	(3, 0.007846561139083384)	(4, 0.009179803795607296)	(5, 0.010323456900056706)	(6, 0.011460994212503713)	(7, 0.012629110484962736)	(8, 0.015674774902159558)	(9, 0.019026228919476546)	(10, 0.02267124095290889)	(12, 0.024875983969775268)	(14, 0.027774869378914414)	(16, 0.030667638996051155)	(18, 0.033135361069020874)	(20, 0.033135361069020874)	(22, 0.033135361069020874)	(24, 0.033135361069020874)	(26, 0.033135361069020874)	(28, 0.033135361069020874)	(30, 0.035089356613788716)	(32, 0.038783294983240284)	(34, 0.04111341173615593)	(36, 0.04337625477704513)	(38, 0.045366945073827394)	(40, 0.047330114306598836)	(42, 0.049473699403441186)	(44, 0.05142769494820903)	(46, 0.05323491148491919)	(48, 0.05503295433362575)	(50, 0.05689521299835754)	(52, 0.05874218218308333)	(54, 0.06088576727992567)	(56, 0.06302935237676802)	(58, 0.06509649007358032)	(60, 0.06744189630650196)	(62, 0.07049979230770359)	(64, 0.07338033034083553)	(66, 0.07604375775788216)	(68, 0.07927289593515108)	(70, 0.08304633960063389)	(72, 0.08670358321807103)	(74, 0.09044644792354184)	(76, 0.09398749149293333)	(78, 0.09752547716632362)	(80, 0.10138759981584128)	(82, 0.10516104348132409)	(84, 0.10844216589061342)	(86, 0.11202602000402175)	(88, 0.1155059056533892)	(90, 0.11928546511087443)	(92, 0.12276535076024186)	(94, 0.12645011544168983)	(96, 0.12987495896303566)	(98, 0.13376460267656415)	(100, 0.13750746738203495)	(102, 0.1410454530554252)	(104, 0.1445864966248167)	(106, 0.14793489274613247)	(108, 0.15144535735551196)	(110, 0.1549130114208746)	(112, 0.15794644425406662)	(114, 0.16038664526302554)
HI_6hpi_3_R2 - polya	(1, 0.004872286196493711)	(2, 0.007551680543000685)	(3, 0.009417816984876816)	(4, 0.010848279549272137)	(5, 0.01200281532459628)	(6, 0.012866901848266553)	(7, 0.013760033297102209)	(8, 0.015640692201561033)	(9, 0.017702881888303528)	(10, 0.01960169387099072)	(12, 0.021373434306079343)	(14, 0.023555434309129063)	(16, 0.025668452614910985)	(18, 0.027422039971771235)	(20, 0.029219194716379574)	(22, 0.030972782073239828)	(24, 0.03265375711718661)	(26, 0.034207660613534835)	(28, 0.035772455956820076)	(30, 0.037402602381727434)	(32, 0.03893835279984728)	(34, 0.04026352751051807)	(36, 0.04192998009188217)	(38, 0.04357464897937222)	(40, 0.04496517477166513)	(42, 0.04679500505708453)	(44, 0.04857037610781883)	(46, 0.050211414379663206)	(48, 0.05190691188619269)	(50, 0.05350075215464331)	(52, 0.055130898579550676)	(54, 0.056797351160914764)	(56, 0.058500109898735594)	(58, 0.0602609584868872)	(60, 0.06223601339813353)	(62, 0.06442890524812027)	(64, 0.06691587696540655)	(66, 0.06921768728476349)	(68, 0.07155580376057716)	(70, 0.07409360409690288)	(72, 0.07700535784473295)	(74, 0.07986628297352358)	(76, 0.08268727133021184)	(78, 0.08558813323110487)	(80, 0.08877218315236046)	(82, 0.09206152092734056)	(84, 0.09495875221258793)	(86, 0.09783783041960695)	(88, 0.10060799015725576)	(90, 0.10343987036088101)	(92, 0.10640608334339619)	(94, 0.1092307023157301)	(96, 0.11240022977440298)	(98, 0.11562058585211529)	(100, 0.1182019535761891)	(102, 0.12095759085125521)	(104, 0.12391291198683335)	(106, 0.12651243278913551)	(108, 0.12900666573771313)	(110, 0.13152994361145615)	(112, 0.1340895276416559)	(114, 0.13630057256987102)
