Sample	0	1	2	3	4	5	6	7	8	9	10	11	12	13	14	15	16	17	18	19	20	21	22	23	24	25	26	27	28	29	30	31	32	33	34	35	36	37	38	39	40	41	42	43	44	45	46	47	48	49	50	51	52	53	54	55	56	57	58	59	60	61	62	63	64	65	66	67	68	69	70	71	72	73	74	75	76	77	78	79	80	81	82	83	84	85	86	87	88	89	90	91	92	93	94	95	96	97	98	99	100	101	102	103	104	105	106	107	108	109	110	111	112	113	114	115	116	117	118	119	120	121	122	123	124
GC_24hpi_1	(1, 56.7385)	(2, 32.8244)	(3, 45.976099999999995)	(4, 44.9552)	(5, 42.080600000000004)	(6, 41.627700000000004)	(7, 41.768899999999995)	(8, 51.498)	(9, 50.02760000000001)	(10, 40.3363)	(11, 56.0727)	(12, 49.4441)	(13, 41.9161)	(14, 44.4642)	(15, 46.0958)	(16, 45.946)	(17, 45.8359)	(18, 46.0126)	(19, 45.9311)	(20, 46.0152)	(21, 46.112199999999994)	(22, 45.5754)	(23, 45.2872)	(24, 45.2697)	(25, 44.7694)	(26, 45.0048)	(27, 45.6348)	(28, 45.3891)	(29, 45.6012)	(30, 45.5144)	(31, 45.0934)	(32, 45.2211)	(33, 45.389)	(34, 45.484)	(35, 45.4268)	(36, 45.486599999999996)	(37, 45.4131)	(38, 45.8222)	(39, 45.612399999999994)	(40, 45.5573)	(41, 45.6764)	(42, 45.8495)	(43, 45.4828)	(44, 45.698699999999995)	(45, 46.0497)	(46, 45.6111)	(47, 45.7373)	(48, 45.9161)	(49, 45.5629)	(50, 45.6657)	(51, 45.7928)	(52, 45.5523)	(53, 45.684000000000005)	(54, 45.772)	(55, 45.625)	(56, 45.543099999999995)	(57, 45.884)	(58, 45.717400000000005)	(59, 45.7756)	(60, 45.9904)	(61, 45.6602)	(62, 45.8202)	(63, 45.882600000000004)	(64, 45.6558)	(65, 45.6764)	(66, 45.5895)	(67, 45.6152)	(68, 45.9322)	(69, 46.0064)	(70, 45.714)	(71, 45.8092)	(72, 46.031)	(73, 45.8568)	(74, 22.9303)	(75, 46.0547)	(76, 45.6604)	(77, 45.9593)	(78, 46.0645)	(79, 45.8986)	(80, 45.981100000000005)	(81, 45.906400000000005)	(82, 45.6278)	(83, 45.7581)	(84, 45.8834)	(85, 45.7345)	(86, 45.7391)	(87, 46.022800000000004)	(88, 46.0263)	(89, 45.813700000000004)	(90, 46.2579)	(91, 45.7707)	(92, 45.9264)	(93, 45.912)	(94, 45.698499999999996)	(95, 45.9526)	(96, 45.944)	(97, 45.678000000000004)	(98, 45.8885)	(99, 45.96)	(100, 45.6811)	(101, 45.7883)	(102, 45.9652)	(103, 45.804)	(104, 45.7225)	(105, 45.8022)	(106, 45.7065)	(107, 45.8926)	(108, 46.2236)	(109, 45.752900000000004)	(110, 45.9661)	(111, 46.0656)	(112, 45.8757)	(113, 45.8178)	(114, 45.7693)	(115, 45.8422)	(116, 45.6012)	(117, 45.9473)	(118, 45.734700000000004)	(119, 45.8099)	(120, 46.258500000000005)	(121, 45.8544)	(122, 45.9015)	(123, 46.1604)	(124, 45.837)	(125, 46.014500000000005)
GC_24hpi_2	(1, 56.5434)	(2, 32.7982)	(3, 45.8595)	(4, 45.0293)	(5, 42.1661)	(6, 41.7328)	(7, 41.9148)	(8, 51.700100000000006)	(9, 50.116400000000006)	(10, 40.358)	(11, 56.174800000000005)	(12, 49.518499999999996)	(13, 41.8895)	(14, 44.4853)	(15, 46.0195)	(16, 46.0364)	(17, 45.811800000000005)	(18, 45.9439)	(19, 45.954299999999996)	(20, 46.061600000000006)	(21, 45.9936)	(22, 45.5357)	(23, 45.3142)	(24, 45.2088)	(25, 44.7142)	(26, 44.9689)	(27, 45.624700000000004)	(28, 45.4005)	(29, 45.5937)	(30, 45.4316)	(31, 45.0991)	(32, 45.218)	(33, 45.2695)	(34, 45.505)	(35, 45.4501)	(36, 45.4284)	(37, 45.407599999999995)	(38, 45.8637)	(39, 45.5042)	(40, 45.5507)	(41, 45.6853)	(42, 45.771499999999996)	(43, 45.504099999999994)	(44, 45.6826)	(45, 46.0642)	(46, 45.6117)	(47, 45.748400000000004)	(48, 45.856)	(49, 45.5855)	(50, 45.563900000000004)	(51, 45.6899)	(52, 45.4533)	(53, 45.676)	(54, 45.6519)	(55, 45.6032)	(56, 45.525999999999996)	(57, 45.8724)	(58, 45.6734)	(59, 45.710499999999996)	(60, 46.0285)	(61, 45.6222)	(62, 45.7823)	(63, 45.774100000000004)	(64, 45.596199999999996)	(65, 45.5662)	(66, 45.4634)	(67, 45.5903)	(68, 45.887)	(69, 45.8848)	(70, 45.6777)	(71, 45.6936)	(72, 45.9193)	(73, 45.825700000000005)	(74, 22.8923)	(75, 46.008700000000005)	(76, 45.5443)	(77, 45.9748)	(78, 45.9727)	(79, 45.799)	(80, 45.9523)	(81, 45.7731)	(82, 45.5098)	(83, 45.5642)	(84, 45.651599999999995)	(85, 45.7152)	(86, 45.6431)	(87, 45.9113)	(88, 46.0383)	(89, 45.6467)	(90, 46.164899999999996)	(91, 45.6743)	(92, 45.8624)	(93, 45.8358)	(94, 45.4908)	(95, 45.7982)	(96, 45.7627)	(97, 45.521)	(98, 45.7757)	(99, 45.7798)	(100, 45.5968)	(101, 45.6407)	(102, 45.7256)	(103, 45.6809)	(104, 45.6208)	(105, 45.6455)	(106, 45.5535)	(107, 45.7299)	(108, 46.130500000000005)	(109, 45.5882)	(110, 45.9011)	(111, 45.921)	(112, 45.7718)	(113, 45.6594)	(114, 45.5156)	(115, 45.6805)	(116, 45.4105)	(117, 45.6878)	(118, 45.6233)	(119, 45.6638)	(120, 46.1105)	(121, 45.8025)	(122, 45.8146)	(123, 46.0445)	(124, 45.6893)	(125, 45.900200000000005)
GC_24hpi_3	(1, 57.0734)	(2, 31.752000000000002)	(3, 45.469)	(4, 44.798700000000004)	(5, 42.0295)	(6, 41.6498)	(7, 41.9258)	(8, 51.4731)	(9, 50.017199999999995)	(10, 40.3127)	(11, 56.2609)	(12, 49.425799999999995)	(13, 41.8354)	(14, 44.499)	(15, 46.055)	(16, 45.9709)	(17, 45.8177)	(18, 46.0065)	(19, 45.9024)	(20, 45.9608)	(21, 46.0169)	(22, 45.547399999999996)	(23, 45.2289)	(24, 45.1513)	(25, 44.6877)	(26, 44.818799999999996)	(27, 45.5074)	(28, 45.318799999999996)	(29, 45.5404)	(30, 45.481300000000005)	(31, 45.1034)	(32, 45.143899999999995)	(33, 45.3372)	(34, 45.509699999999995)	(35, 45.4093)	(36, 45.4792)	(37, 45.4098)	(38, 45.8215)	(39, 45.5392)	(40, 45.555099999999996)	(41, 45.6539)	(42, 45.771499999999996)	(43, 45.505)	(44, 45.629999999999995)	(45, 46.0382)	(46, 45.618199999999995)	(47, 45.7003)	(48, 45.968399999999995)	(49, 45.5984)	(50, 45.5694)	(51, 45.7988)	(52, 45.5533)	(53, 45.6443)	(54, 45.7372)	(55, 45.6332)	(56, 45.5543)	(57, 45.9584)	(58, 45.7848)	(59, 45.7076)	(60, 46.047900000000006)	(61, 45.6957)	(62, 45.8031)	(63, 45.9138)	(64, 45.68)	(65, 45.6776)	(66, 45.647)	(67, 45.7194)	(68, 45.9388)	(69, 45.974900000000005)	(70, 45.791900000000005)	(71, 45.7732)	(72, 46.0569)	(73, 45.968199999999996)	(74, 22.9227)	(75, 46.1428)	(76, 45.712199999999996)	(77, 45.9911)	(78, 46.0799)	(79, 45.89)	(80, 46.049099999999996)	(81, 45.9229)	(82, 45.6248)	(83, 45.7706)	(84, 45.846)	(85, 45.833200000000005)	(86, 45.7173)	(87, 46.051700000000004)	(88, 46.1673)	(89, 45.705600000000004)	(90, 46.287)	(91, 45.846399999999996)	(92, 45.941900000000004)	(93, 45.9361)	(94, 45.603)	(95, 45.9497)	(96, 45.9321)	(97, 45.6061)	(98, 45.888600000000004)	(99, 45.9662)	(100, 45.7629)	(101, 45.7918)	(102, 45.9291)	(103, 45.820100000000004)	(104, 45.6962)	(105, 45.7748)	(106, 45.728)	(107, 45.8586)	(108, 46.1451)	(109, 45.7667)	(110, 46.016600000000004)	(111, 46.0977)	(112, 45.9407)	(113, 45.7721)	(114, 45.766400000000004)	(115, 45.8431)	(116, 45.5994)	(117, 45.9283)	(118, 45.8089)	(119, 45.786300000000004)	(120, 46.2889)	(121, 45.935700000000004)	(122, 45.9261)	(123, 46.1885)	(124, 45.8389)	(125, 46.0245)
GC_48hpi_1	(1, 55.613800000000005)	(2, 33.5065)	(3, 45.8498)	(4, 46.3243)	(5, 43.6783)	(6, 42.8395)	(7, 43.066700000000004)	(8, 53.2596)	(9, 50.4928)	(10, 41.565400000000004)	(11, 57.3412)	(12, 50.1603)	(13, 42.7113)	(14, 45.4772)	(15, 47.0268)	(16, 46.9741)	(17, 46.7762)	(18, 46.779700000000005)	(19, 46.7044)	(20, 46.7557)	(21, 46.747499999999995)	(22, 46.3856)	(23, 45.955)	(24, 46.0171)	(25, 45.7203)	(26, 45.8113)	(27, 46.498)	(28, 46.108399999999996)	(29, 46.409099999999995)	(30, 46.3649)	(31, 45.941900000000004)	(32, 46.1001)	(33, 46.311)	(34, 46.4065)	(35, 46.3415)	(36, 46.2216)	(37, 46.3748)	(38, 46.6729)	(39, 46.4287)	(40, 46.341)	(41, 46.6053)	(42, 46.576499999999996)	(43, 46.3369)	(44, 46.475899999999996)	(45, 46.7571)	(46, 46.5327)	(47, 46.5007)	(48, 46.758)	(49, 46.505)	(50, 46.593)	(51, 46.6214)	(52, 46.541399999999996)	(53, 46.5123)	(54, 46.5906)	(55, 46.5884)	(56, 46.5827)	(57, 46.727999999999994)	(58, 46.7277)	(59, 46.7304)	(60, 47.0387)	(61, 46.678399999999996)	(62, 46.822)	(63, 46.6937)	(64, 46.7367)	(65, 46.5657)	(66, 46.7363)	(67, 46.814499999999995)	(68, 46.9941)	(69, 46.8547)	(70, 46.833999999999996)	(71, 46.7637)	(72, 46.8035)	(73, 46.9418)	(74, 23.433300000000003)	(75, 46.8177)	(76, 46.604099999999995)	(77, 46.9978)	(78, 46.9698)	(79, 46.7947)	(80, 46.8724)	(81, 46.8526)	(82, 46.6277)	(83, 46.746900000000004)	(84, 46.6072)	(85, 46.895900000000005)	(86, 46.6567)	(87, 46.7777)	(88, 46.9336)	(89, 46.6509)	(90, 47.2249)	(91, 46.821200000000005)	(92, 46.847899999999996)	(93, 46.6978)	(94, 46.4775)	(95, 46.8433)	(96, 46.7413)	(97, 46.6332)	(98, 46.665099999999995)	(99, 46.8345)	(100, 46.7107)	(101, 46.683099999999996)	(102, 46.808699999999995)	(103, 46.5984)	(104, 46.6899)	(105, 46.5997)	(106, 46.740700000000004)	(107, 46.813900000000004)	(108, 46.989)	(109, 46.7035)	(110, 46.9937)	(111, 46.983799999999995)	(112, 46.915099999999995)	(113, 46.8031)	(114, 46.834199999999996)	(115, 46.8698)	(116, 46.5819)	(117, 46.8336)	(118, 46.9366)	(119, 46.8699)	(120, 47.0108)	(121, 46.9529)	(122, 46.943)	(123, 47.0792)	(124, 46.8232)	(125, 46.894200000000005)
GC_48hpi_2	(1, 55.9941)	(2, 32.8513)	(3, 45.6489)	(4, 46.039)	(5, 43.614599999999996)	(6, 42.5775)	(7, 42.8359)	(8, 53.067699999999995)	(9, 50.4713)	(10, 41.403099999999995)	(11, 57.3279)	(12, 50.192099999999996)	(13, 42.6788)	(14, 45.4613)	(15, 47.0814)	(16, 46.9433)	(17, 46.7222)	(18, 46.8679)	(19, 46.694)	(20, 46.6922)	(21, 46.8234)	(22, 46.417500000000004)	(23, 45.9442)	(24, 46.0668)	(25, 45.6887)	(26, 45.6905)	(27, 46.4257)	(28, 45.9814)	(29, 46.3166)	(30, 46.3025)	(31, 45.7889)	(32, 46.082499999999996)	(33, 46.4639)	(34, 46.4029)	(35, 46.3016)	(36, 46.1552)	(37, 46.3827)	(38, 46.6532)	(39, 46.4257)	(40, 46.291700000000006)	(41, 46.5196)	(42, 46.571)	(43, 46.2447)	(44, 46.5032)	(45, 46.7329)	(46, 46.5144)	(47, 46.3967)	(48, 46.7988)	(49, 46.4236)	(50, 46.6136)	(51, 46.757799999999996)	(52, 46.5519)	(53, 46.51)	(54, 46.7322)	(55, 46.6299)	(56, 46.5658)	(57, 46.7173)	(58, 46.8377)	(59, 46.8294)	(60, 47.0414)	(61, 46.7894)	(62, 46.921099999999996)	(63, 46.7652)	(64, 46.8668)	(65, 46.562799999999996)	(66, 46.9335)	(67, 46.9162)	(68, 47.1331)	(69, 46.945)	(70, 46.9039)	(71, 46.8801)	(72, 46.956399999999995)	(73, 47.0474)	(74, 23.5142)	(75, 46.8887)	(76, 46.6267)	(77, 47.1135)	(78, 47.1095)	(79, 46.939)	(80, 46.9376)	(81, 47.0267)	(82, 46.7212)	(83, 46.8365)	(84, 46.7555)	(85, 47.0578)	(86, 46.7761)	(87, 46.9052)	(88, 46.915800000000004)	(89, 46.6203)	(90, 47.4179)	(91, 46.9234)	(92, 46.936699999999995)	(93, 46.8173)	(94, 46.555400000000006)	(95, 46.9213)	(96, 46.934799999999996)	(97, 46.7828)	(98, 46.7019)	(99, 46.9454)	(100, 46.7222)	(101, 46.7725)	(102, 47.038999999999994)	(103, 46.6335)	(104, 46.821)	(105, 46.686699999999995)	(106, 46.9065)	(107, 46.9585)	(108, 47.031099999999995)	(109, 46.8806)	(110, 47.111599999999996)	(111, 47.1051)	(112, 47.0361)	(113, 46.9399)	(114, 47.1032)	(115, 47.02)	(116, 46.753099999999996)	(117, 47.1364)	(118, 47.1497)	(119, 47.087)	(120, 47.1451)	(121, 47.0664)	(122, 47.007)	(123, 47.239399999999996)	(124, 47.083999999999996)	(125, 46.9831)
GC_48hpi_3	(1, 54.5232)	(2, 34.0447)	(3, 45.9757)	(4, 46.5733)	(5, 44.0066)	(6, 42.986999999999995)	(7, 42.8491)	(8, 53.607000000000006)	(9, 50.7723)	(10, 41.4792)	(11, 57.482200000000006)	(12, 50.3058)	(13, 42.7122)	(14, 45.4749)	(15, 47.0268)	(16, 47.0087)	(17, 46.8605)	(18, 46.7471)	(19, 46.7022)	(20, 46.8011)	(21, 46.7113)	(22, 46.3889)	(23, 46.0645)	(24, 46.0675)	(25, 45.7348)	(26, 45.9136)	(27, 46.5673)	(28, 46.131699999999995)	(29, 46.4834)	(30, 46.3987)	(31, 45.915499999999994)	(32, 46.164500000000004)	(33, 46.2969)	(34, 46.3836)	(35, 46.4162)	(36, 46.2097)	(37, 46.3573)	(38, 46.6957)	(39, 46.388400000000004)	(40, 46.2765)	(41, 46.603)	(42, 46.5483)	(43, 46.239599999999996)	(44, 46.4866)	(45, 46.7555)	(46, 46.4934)	(47, 46.532000000000004)	(48, 46.7567)	(49, 46.4282)	(50, 46.5723)	(51, 46.5978)	(52, 46.4195)	(53, 46.5047)	(54, 46.575100000000006)	(55, 46.5387)	(56, 46.583000000000006)	(57, 46.6956)	(58, 46.7089)	(59, 46.7795)	(60, 46.9712)	(61, 46.594)	(62, 46.8149)	(63, 46.602700000000006)	(64, 46.6622)	(65, 46.544000000000004)	(66, 46.6712)	(67, 46.7229)	(68, 46.9241)	(69, 46.745799999999996)	(70, 46.7279)	(71, 46.7151)	(72, 46.716499999999996)	(73, 46.773399999999995)	(74, 46.7826)	(75, 0.0)	(76, 46.4615)	(77, 46.976800000000004)	(78, 46.9105)	(79, 46.7067)	(80, 46.8491)	(81, 46.7355)	(82, 46.5397)	(83, 46.6623)	(84, 46.483999999999995)	(85, 46.7808)	(86, 46.6864)	(87, 46.7178)	(88, 46.759699999999995)	(89, 46.6231)	(90, 47.1757)	(91, 46.694)	(92, 46.7196)	(93, 46.6417)	(94, 46.374300000000005)	(95, 46.720099999999995)	(96, 46.6225)	(97, 46.504)	(98, 46.5881)	(99, 46.6494)	(100, 46.5285)	(101, 46.5487)	(102, 46.6748)	(103, 46.476600000000005)	(104, 46.6191)	(105, 46.4347)	(106, 46.5495)	(107, 46.7252)	(108, 46.8173)	(109, 46.5545)	(110, 46.9366)	(111, 46.862300000000005)	(112, 46.8072)	(113, 46.7156)	(114, 46.6945)	(115, 46.727999999999994)	(116, 46.4859)	(117, 46.691300000000005)	(118, 46.751599999999996)	(119, 46.7853)	(120, 46.8759)	(121, 46.805400000000006)	(122, 46.8406)	(123, 46.9806)	(124, 46.737)	(125, 46.8378)
GC_6hpi_1	(1, 56.6558)	(2, 31.691799999999997)	(3, 45.6893)	(4, 44.837199999999996)	(5, 42.0894)	(6, 41.9533)	(7, 42.2159)	(8, 51.8186)	(9, 50.107800000000005)	(10, 40.5889)	(11, 56.481)	(12, 49.647400000000005)	(13, 42.0468)	(14, 44.577299999999994)	(15, 46.2733)	(16, 46.0715)	(17, 45.9999)	(18, 46.2254)	(19, 46.0496)	(20, 46.0075)	(21, 46.165800000000004)	(22, 45.6851)	(23, 45.3693)	(24, 45.3191)	(25, 44.7797)	(26, 44.944)	(27, 45.6628)	(28, 45.4631)	(29, 45.5915)	(30, 45.7084)	(31, 45.1946)	(32, 45.2904)	(33, 45.5458)	(34, 45.5508)	(35, 45.527499999999996)	(36, 45.6496)	(37, 45.4939)	(38, 45.9142)	(39, 45.763999999999996)	(40, 45.6793)	(41, 45.7572)	(42, 45.8967)	(43, 45.6199)	(44, 45.7533)	(45, 46.0875)	(46, 45.7378)	(47, 45.6806)	(48, 45.9726)	(49, 45.7143)	(50, 45.6839)	(51, 45.9446)	(52, 45.721000000000004)	(53, 45.8244)	(54, 45.9266)	(55, 45.737100000000005)	(56, 45.6648)	(57, 45.971000000000004)	(58, 45.772600000000004)	(59, 45.737)	(60, 46.0482)	(61, 45.834399999999995)	(62, 45.8158)	(63, 45.9991)	(64, 45.7694)	(65, 45.732299999999995)	(66, 45.8088)	(67, 45.805099999999996)	(68, 45.947900000000004)	(69, 46.0235)	(70, 45.8182)	(71, 45.8381)	(72, 46.092499999999994)	(73, 46.0487)	(74, 22.9448)	(75, 46.2061)	(76, 45.759)	(77, 45.968399999999995)	(78, 46.115899999999996)	(79, 45.9128)	(80, 46.0407)	(81, 46.0882)	(82, 45.7335)	(83, 45.8455)	(84, 45.9137)	(85, 45.9101)	(86, 45.7586)	(87, 46.1278)	(88, 46.1394)	(89, 45.706)	(90, 46.2269)	(91, 45.9203)	(92, 45.935900000000004)	(93, 46.0574)	(94, 45.7039)	(95, 45.9527)	(96, 46.025)	(97, 45.742399999999996)	(98, 45.9493)	(99, 46.096599999999995)	(100, 45.8035)	(101, 45.8227)	(102, 46.0328)	(103, 45.8776)	(104, 45.820499999999996)	(105, 45.935700000000004)	(106, 45.831300000000006)	(107, 45.847300000000004)	(108, 46.1998)	(109, 45.8456)	(110, 45.9371)	(111, 46.1075)	(112, 45.9379)	(113, 45.8303)	(114, 45.8947)	(115, 45.9719)	(116, 45.7158)	(117, 46.0761)	(118, 45.8498)	(119, 45.8438)	(120, 46.253499999999995)	(121, 45.9722)	(122, 45.9287)	(123, 46.1627)	(124, 45.9562)	(125, 45.9772)
GC_6hpi_2	(1, 56.691100000000006)	(2, 31.591399999999997)	(3, 45.5201)	(4, 44.745400000000004)	(5, 41.9998)	(6, 41.8283)	(7, 42.0204)	(8, 51.682399999999994)	(9, 49.9132)	(10, 40.469699999999996)	(11, 56.324799999999996)	(12, 49.4521)	(13, 41.934)	(14, 44.455)	(15, 46.1757)	(16, 45.9196)	(17, 45.9563)	(18, 46.1086)	(19, 45.936)	(20, 45.8922)	(21, 46.0439)	(22, 45.5654)	(23, 45.2297)	(24, 45.181900000000006)	(25, 44.6938)	(26, 44.8165)	(27, 45.544200000000004)	(28, 45.3719)	(29, 45.4905)	(30, 45.6417)	(31, 45.0445)	(32, 45.1471)	(33, 45.4498)	(34, 45.414100000000005)	(35, 45.387)	(36, 45.525999999999996)	(37, 45.3411)	(38, 45.7548)	(39, 45.6573)	(40, 45.5312)	(41, 45.6275)	(42, 45.7712)	(43, 45.5264)	(44, 45.6049)	(45, 45.9508)	(46, 45.6013)	(47, 45.5745)	(48, 45.8681)	(49, 45.584799999999994)	(50, 45.6048)	(51, 45.8684)	(52, 45.5729)	(53, 45.6659)	(54, 45.8287)	(55, 45.618700000000004)	(56, 45.5079)	(57, 45.856)	(58, 45.6413)	(59, 45.5908)	(60, 45.9709)	(61, 45.7557)	(62, 45.7036)	(63, 45.887499999999996)	(64, 45.6604)	(65, 45.6739)	(66, 45.7252)	(67, 45.6888)	(68, 45.8426)	(69, 45.9245)	(70, 45.7422)	(71, 45.7582)	(72, 45.9779)	(73, 45.8715)	(74, 22.9078)	(75, 46.0826)	(76, 45.6472)	(77, 45.845200000000006)	(78, 46.0198)	(79, 45.7855)	(80, 45.9628)	(81, 46.0402)	(82, 45.6611)	(83, 45.7554)	(84, 45.8619)	(85, 45.7859)	(86, 45.6829)	(87, 46.0041)	(88, 45.974599999999995)	(89, 45.6525)	(90, 46.1142)	(91, 45.83)	(92, 45.846)	(93, 45.9572)	(94, 45.6584)	(95, 45.8862)	(96, 45.9403)	(97, 45.6338)	(98, 45.8498)	(99, 46.0198)	(100, 45.7202)	(101, 45.7353)	(102, 45.989200000000004)	(103, 45.7975)	(104, 45.7212)	(105, 45.855000000000004)	(106, 45.7189)	(107, 45.773)	(108, 46.0468)	(109, 45.7445)	(110, 45.8706)	(111, 46.0116)	(112, 45.8557)	(113, 45.7748)	(114, 45.833200000000005)	(115, 45.839)	(116, 45.6664)	(117, 45.9675)	(118, 45.732299999999995)	(119, 45.718399999999995)	(120, 46.1684)	(121, 45.8943)	(122, 45.8043)	(123, 46.084399999999995)	(124, 45.871)	(125, 45.844699999999996)
GC_6hpi_3	(1, 56.649899999999995)	(2, 31.202)	(3, 45.3998)	(4, 44.760600000000004)	(5, 42.230000000000004)	(6, 41.9139)	(7, 42.0555)	(8, 51.7918)	(9, 50.0842)	(10, 40.504400000000004)	(11, 56.5059)	(12, 49.5062)	(13, 41.888799999999996)	(14, 44.5979)	(15, 46.277)	(16, 46.0045)	(17, 45.943400000000004)	(18, 46.1476)	(19, 46.0047)	(20, 46.0184)	(21, 46.155499999999996)	(22, 45.6474)	(23, 45.2821)	(24, 45.262299999999996)	(25, 44.7462)	(26, 44.926300000000005)	(27, 45.6415)	(28, 45.3838)	(29, 45.565099999999994)	(30, 45.6911)	(31, 45.1423)	(32, 45.2498)	(33, 45.4898)	(34, 45.4931)	(35, 45.4229)	(36, 45.537)	(37, 45.3827)	(38, 45.8732)	(39, 45.7148)	(40, 45.6295)	(41, 45.683099999999996)	(42, 45.8241)	(43, 45.5929)	(44, 45.738800000000005)	(45, 46.0872)	(46, 45.647999999999996)	(47, 45.6192)	(48, 45.878600000000006)	(49, 45.624700000000004)	(50, 45.5998)	(51, 45.887299999999996)	(52, 45.637699999999995)	(53, 45.7408)	(54, 45.8349)	(55, 45.6892)	(56, 45.548100000000005)	(57, 45.8854)	(58, 45.675900000000006)	(59, 45.6624)	(60, 45.9577)	(61, 45.73)	(62, 45.7769)	(63, 45.9276)	(64, 45.665299999999995)	(65, 45.641)	(66, 45.6802)	(67, 45.6972)	(68, 45.8813)	(69, 45.9065)	(70, 45.702999999999996)	(71, 45.7528)	(72, 45.968599999999995)	(73, 45.903)	(74, 22.905900000000003)	(75, 46.0306)	(76, 45.5644)	(77, 45.839800000000004)	(78, 46.0047)	(79, 45.8085)	(80, 45.9063)	(81, 45.949)	(82, 45.5895)	(83, 45.642500000000005)	(84, 45.8117)	(85, 45.8013)	(86, 45.6322)	(87, 45.9987)	(88, 45.941700000000004)	(89, 45.608900000000006)	(90, 46.136700000000005)	(91, 45.763799999999996)	(92, 45.8192)	(93, 45.8919)	(94, 45.5811)	(95, 45.839200000000005)	(96, 45.8874)	(97, 45.6102)	(98, 45.8239)	(99, 45.9224)	(100, 45.5936)	(101, 45.687)	(102, 45.9101)	(103, 45.734700000000004)	(104, 45.6626)	(105, 45.7774)	(106, 45.6913)	(107, 45.7224)	(108, 46.1007)	(109, 45.7082)	(110, 45.8437)	(111, 45.9815)	(112, 45.7905)	(113, 45.6841)	(114, 45.7901)	(115, 45.7985)	(116, 45.580999999999996)	(117, 45.954699999999995)	(118, 45.6873)	(119, 45.7181)	(120, 46.131299999999996)	(121, 45.8184)	(122, 45.740199999999994)	(123, 46.037299999999995)	(124, 45.7937)	(125, 45.848)
GI_24hpi_1	(1, 56.0542)	(2, 33.4538)	(3, 45.9121)	(4, 45.1978)	(5, 42.309999999999995)	(6, 41.7474)	(7, 41.8056)	(8, 51.7111)	(9, 50.2355)	(10, 40.3713)	(11, 56.143600000000006)	(12, 49.585499999999996)	(13, 41.929300000000005)	(14, 44.5619)	(15, 46.061600000000006)	(16, 46.1237)	(17, 45.880500000000005)	(18, 46.062)	(19, 45.9895)	(20, 46.216)	(21, 46.0868)	(22, 45.6106)	(23, 45.5186)	(24, 45.3836)	(25, 44.8388)	(26, 45.0905)	(27, 45.778999999999996)	(28, 45.4812)	(29, 45.7197)	(30, 45.5345)	(31, 45.1993)	(32, 45.3566)	(33, 45.3657)	(34, 45.5683)	(35, 45.6085)	(36, 45.5566)	(37, 45.5513)	(38, 46.042899999999996)	(39, 45.6327)	(40, 45.6786)	(41, 45.7948)	(42, 45.8758)	(43, 45.668)	(44, 45.8847)	(45, 46.2058)	(46, 45.8094)	(47, 45.915)	(48, 45.9681)	(49, 45.694)	(50, 45.7644)	(51, 45.8845)	(52, 45.5893)	(53, 45.8424)	(54, 45.816)	(55, 45.704899999999995)	(56, 45.7132)	(57, 46.016600000000004)	(58, 45.8465)	(59, 45.9249)	(60, 46.1405)	(61, 45.773399999999995)	(62, 45.984)	(63, 45.9321)	(64, 45.7695)	(65, 45.6841)	(66, 45.5733)	(67, 45.7368)	(68, 46.0905)	(69, 46.0573)	(70, 45.8159)	(71, 45.8788)	(72, 46.1197)	(73, 45.9747)	(74, 23.0038)	(75, 46.2215)	(76, 45.698899999999995)	(77, 46.1726)	(78, 46.1863)	(79, 45.9658)	(80, 46.1561)	(81, 45.9482)	(82, 45.623200000000004)	(83, 45.702)	(84, 45.7851)	(85, 45.8554)	(86, 45.8588)	(87, 46.030100000000004)	(88, 46.1685)	(89, 45.8482)	(90, 46.3138)	(91, 45.811099999999996)	(92, 45.9982)	(93, 46.0591)	(94, 45.6807)	(95, 45.9435)	(96, 45.9067)	(97, 45.6823)	(98, 45.982800000000005)	(99, 45.881699999999995)	(100, 45.6814)	(101, 45.8044)	(102, 45.8489)	(103, 45.7851)	(104, 45.819500000000005)	(105, 45.765)	(106, 45.7276)	(107, 45.9326)	(108, 46.321200000000005)	(109, 45.7656)	(110, 46.1028)	(111, 46.0698)	(112, 45.9148)	(113, 45.8487)	(114, 45.6459)	(115, 45.7934)	(116, 45.6513)	(117, 45.8494)	(118, 45.7658)	(119, 45.8694)	(120, 46.3179)	(121, 45.961400000000005)	(122, 46.010400000000004)	(123, 46.2171)	(124, 45.7707)	(125, 46.089400000000005)
GI_24hpi_2	(1, 55.6524)	(2, 32.9361)	(3, 45.696)	(4, 44.7913)	(5, 42.1385)	(6, 41.5008)	(7, 41.5667)	(8, 51.5177)	(9, 50.0367)	(10, 40.171099999999996)	(11, 55.8988)	(12, 49.2666)	(13, 41.6978)	(14, 44.257999999999996)	(15, 45.822)	(16, 45.8073)	(17, 45.647)	(18, 45.7412)	(19, 45.6932)	(20, 45.8667)	(21, 45.8621)	(22, 45.3254)	(23, 45.2027)	(24, 45.085300000000004)	(25, 44.548700000000004)	(26, 44.827600000000004)	(27, 45.4571)	(28, 45.1726)	(29, 45.4098)	(30, 45.2833)	(31, 44.868)	(32, 45.0343)	(33, 45.087500000000006)	(34, 45.273)	(35, 45.2813)	(36, 45.249)	(37, 45.1959)	(38, 45.6783)	(39, 45.359300000000005)	(40, 45.387699999999995)	(41, 45.5287)	(42, 45.5571)	(43, 45.2964)	(44, 45.61)	(45, 45.8983)	(46, 45.4724)	(47, 45.5654)	(48, 45.651799999999994)	(49, 45.3727)	(50, 45.439299999999996)	(51, 45.5641)	(52, 45.2891)	(53, 45.5136)	(54, 45.544200000000004)	(55, 45.4373)	(56, 45.4109)	(57, 45.7053)	(58, 45.467800000000004)	(59, 45.6039)	(60, 45.7723)	(61, 45.4977)	(62, 45.6083)	(63, 45.613)	(64, 45.4589)	(65, 45.420500000000004)	(66, 45.311099999999996)	(67, 45.420100000000005)	(68, 45.7345)	(69, 45.7633)	(70, 45.482099999999996)	(71, 45.583200000000005)	(72, 45.7881)	(73, 45.6139)	(74, 22.8334)	(75, 45.8287)	(76, 45.392700000000005)	(77, 45.7857)	(78, 45.827400000000004)	(79, 45.6258)	(80, 45.820699999999995)	(81, 45.6525)	(82, 45.3489)	(83, 45.4173)	(84, 45.527699999999996)	(85, 45.534200000000006)	(86, 45.5248)	(87, 45.752500000000005)	(88, 45.8373)	(89, 45.5374)	(90, 46.022600000000004)	(91, 45.5249)	(92, 45.7123)	(93, 45.6828)	(94, 45.3731)	(95, 45.6738)	(96, 45.6211)	(97, 45.3975)	(98, 45.706)	(99, 45.6075)	(100, 45.3836)	(101, 45.5654)	(102, 45.5868)	(103, 45.5056)	(104, 45.5545)	(105, 45.4946)	(106, 45.4799)	(107, 45.6442)	(108, 45.9206)	(109, 45.477000000000004)	(110, 45.7531)	(111, 45.7579)	(112, 45.585300000000004)	(113, 45.5567)	(114, 45.4377)	(115, 45.5247)	(116, 45.351)	(117, 45.591300000000004)	(118, 45.4687)	(119, 45.5532)	(120, 45.952799999999996)	(121, 45.6068)	(122, 45.6869)	(123, 45.8856)	(124, 45.527699999999996)	(125, 45.731899999999996)
GI_24hpi_3	(1, 57.905499999999996)	(2, 33.5598)	(3, 46.2948)	(4, 45.6878)	(5, 43.054199999999994)	(6, 42.2072)	(7, 42.6519)	(8, 52.2989)	(9, 50.3756)	(10, 41.0278)	(11, 56.84630000000001)	(12, 50.1288)	(13, 42.6529)	(14, 45.2219)	(15, 46.8975)	(16, 46.911500000000004)	(17, 46.521499999999996)	(18, 46.7634)	(19, 46.6465)	(20, 46.619699999999995)	(21, 46.6597)	(22, 46.2316)	(23, 45.8839)	(24, 45.907)	(25, 45.549299999999995)	(26, 45.6038)	(27, 46.3692)	(28, 45.8999)	(29, 46.2627)	(30, 46.2757)	(31, 45.8369)	(32, 45.9756)	(33, 46.1618)	(34, 46.361799999999995)	(35, 46.1964)	(36, 46.1263)	(37, 46.3433)	(38, 46.671099999999996)	(39, 46.2288)	(40, 46.2703)	(41, 46.4673)	(42, 46.487)	(43, 46.153499999999994)	(44, 46.3552)	(45, 46.6862)	(46, 46.4411)	(47, 46.3416)	(48, 46.699)	(49, 46.3132)	(50, 46.4168)	(51, 46.5122)	(52, 46.3643)	(53, 46.2913)	(54, 46.4632)	(55, 46.4916)	(56, 46.2889)	(57, 46.5856)	(58, 46.6417)	(59, 46.6473)	(60, 46.9674)	(61, 46.616800000000005)	(62, 46.6807)	(63, 46.5403)	(64, 46.6068)	(65, 46.3655)	(66, 46.5068)	(67, 46.652300000000004)	(68, 46.8167)	(69, 46.7773)	(70, 46.6887)	(71, 46.4938)	(72, 46.6724)	(73, 46.8121)	(74, 23.314)	(75, 46.683)	(76, 46.4026)	(77, 46.9548)	(78, 46.842299999999994)	(79, 46.7048)	(80, 46.7633)	(81, 46.7858)	(82, 46.3605)	(83, 46.4637)	(84, 46.4705)	(85, 46.7327)	(86, 46.3802)	(87, 46.6747)	(88, 46.8459)	(89, 46.4057)	(90, 47.1602)	(91, 46.645399999999995)	(92, 46.6503)	(93, 46.6427)	(94, 46.3033)	(95, 46.6321)	(96, 46.5996)	(97, 46.433400000000006)	(98, 46.4231)	(99, 46.5619)	(100, 46.4472)	(101, 46.4914)	(102, 46.545700000000004)	(103, 46.4107)	(104, 46.4929)	(105, 46.2694)	(106, 46.4792)	(107, 46.637299999999996)	(108, 46.6931)	(109, 46.546)	(110, 46.9238)	(111, 46.7842)	(112, 46.7534)	(113, 46.619899999999994)	(114, 46.6194)	(115, 46.6754)	(116, 46.4169)	(117, 46.6524)	(118, 46.785700000000006)	(119, 46.6673)	(120, 46.916000000000004)	(121, 46.850500000000004)	(122, 46.7432)	(123, 47.07)	(124, 46.805)	(125, 46.827200000000005)
GI_48hpi_1	(1, 54.3644)	(2, 33.2372)	(3, 45.5216)	(4, 46.2926)	(5, 43.769400000000005)	(6, 42.843900000000005)	(7, 42.6575)	(8, 53.318299999999994)	(9, 50.5413)	(10, 41.2035)	(11, 57.3044)	(12, 49.9492)	(13, 42.3456)	(14, 45.2877)	(15, 46.6588)	(16, 46.5634)	(17, 46.5974)	(18, 46.443400000000004)	(19, 46.3519)	(20, 46.4621)	(21, 46.3799)	(22, 46.043299999999995)	(23, 45.6561)	(24, 45.6882)	(25, 45.3792)	(26, 45.5735)	(27, 46.108399999999996)	(28, 45.889)	(29, 46.1261)	(30, 46.0218)	(31, 45.6481)	(32, 45.8082)	(33, 45.9508)	(34, 46.0488)	(35, 46.0868)	(36, 45.9453)	(37, 45.986399999999996)	(38, 46.351)	(39, 46.062999999999995)	(40, 45.9284)	(41, 46.344)	(42, 46.2962)	(43, 45.954699999999995)	(44, 46.1203)	(45, 46.4439)	(46, 46.1731)	(47, 46.2554)	(48, 46.457)	(49, 46.1619)	(50, 46.176899999999996)	(51, 46.2751)	(52, 46.1663)	(53, 46.2248)	(54, 46.2312)	(55, 46.163900000000005)	(56, 46.2549)	(57, 46.4383)	(58, 46.4043)	(59, 46.36)	(60, 46.6021)	(61, 46.3108)	(62, 46.4634)	(63, 46.3744)	(64, 46.2985)	(65, 46.3788)	(66, 46.351)	(67, 46.393499999999996)	(68, 46.646300000000004)	(69, 46.4625)	(70, 46.463100000000004)	(71, 46.5038)	(72, 46.3876)	(73, 46.4827)	(74, 46.386)	(75, 0.0)	(76, 46.236)	(77, 46.5755)	(78, 46.557900000000004)	(79, 46.3839)	(80, 46.5802)	(81, 46.4539)	(82, 46.2566)	(83, 46.478)	(84, 46.2524)	(85, 46.4181)	(86, 46.3792)	(87, 46.4816)	(88, 46.5552)	(89, 46.354800000000004)	(90, 46.820299999999996)	(91, 46.402300000000004)	(92, 46.3812)	(93, 46.3408)	(94, 46.1262)	(95, 46.4748)	(96, 46.393499999999996)	(97, 46.187400000000004)	(98, 46.326)	(99, 46.4947)	(100, 46.3496)	(101, 46.3224)	(102, 46.476099999999995)	(103, 46.2882)	(104, 46.303)	(105, 46.1943)	(106, 46.233999999999995)	(107, 46.4171)	(108, 46.5895)	(109, 46.2472)	(110, 46.6084)	(111, 46.6381)	(112, 46.5466)	(113, 46.4285)	(114, 46.3981)	(115, 46.4015)	(116, 46.2747)	(117, 46.453)	(118, 46.4162)	(119, 46.4829)	(120, 46.6084)	(121, 46.4816)	(122, 46.6231)	(123, 46.630700000000004)	(124, 46.3895)	(125, 46.5497)
GI_48hpi_2	(1, 54.5636)	(2, 32.772400000000005)	(3, 45.3814)	(4, 45.9534)	(5, 43.2482)	(6, 42.608200000000004)	(7, 42.5413)	(8, 53.0251)	(9, 50.445499999999996)	(10, 40.9994)	(11, 57.0858)	(12, 49.7673)	(13, 42.119800000000005)	(14, 45.048)	(15, 46.4523)	(16, 46.3643)	(17, 46.333999999999996)	(18, 46.2969)	(19, 46.2339)	(20, 46.2584)	(21, 46.2301)	(22, 45.8649)	(23, 45.496199999999995)	(24, 45.506600000000006)	(25, 45.1355)	(26, 45.3352)	(27, 45.9517)	(28, 45.72)	(29, 45.9307)	(30, 45.867999999999995)	(31, 45.4114)	(32, 45.562799999999996)	(33, 45.754400000000004)	(34, 45.8368)	(35, 45.8323)	(36, 45.7999)	(37, 45.7744)	(38, 46.162)	(39, 45.9371)	(40, 45.778999999999996)	(41, 46.165800000000004)	(42, 46.1229)	(43, 45.800999999999995)	(44, 45.994600000000005)	(45, 46.2629)	(46, 45.995999999999995)	(47, 46.021)	(48, 46.3131)	(49, 45.9642)	(50, 46.0281)	(51, 46.1308)	(52, 45.9593)	(53, 46.0679)	(54, 46.101)	(55, 46.0196)	(56, 46.0731)	(57, 46.27)	(58, 46.1492)	(59, 46.143)	(60, 46.397800000000004)	(61, 46.116800000000005)	(62, 46.2895)	(63, 46.244800000000005)	(64, 46.1063)	(65, 46.146300000000004)	(66, 46.1609)	(67, 46.184)	(68, 46.445)	(69, 46.283)	(70, 46.246700000000004)	(71, 46.3096)	(72, 46.3224)	(73, 46.2913)	(74, 46.1611)	(75, 0.0)	(76, 46.0822)	(77, 46.3506)	(78, 46.3916)	(79, 46.226299999999995)	(80, 46.4184)	(81, 46.2983)	(82, 46.1098)	(83, 46.2615)	(84, 46.184)	(85, 46.2364)	(86, 46.219500000000004)	(87, 46.356199999999994)	(88, 46.3932)	(89, 46.2081)	(90, 46.611200000000004)	(91, 46.2603)	(92, 46.265699999999995)	(93, 46.2188)	(94, 45.9859)	(95, 46.3211)	(96, 46.2744)	(97, 46.0286)	(98, 46.191700000000004)	(99, 46.347)	(100, 46.1958)	(101, 46.1662)	(102, 46.3374)	(103, 46.1272)	(104, 46.1233)	(105, 46.1062)	(106, 46.1114)	(107, 46.244600000000005)	(108, 46.474900000000005)	(109, 46.1096)	(110, 46.3597)	(111, 46.475699999999996)	(112, 46.367599999999996)	(113, 46.259699999999995)	(114, 46.2574)	(115, 46.2412)	(116, 46.049)	(117, 46.2774)	(118, 46.2009)	(119, 46.297)	(120, 46.4736)	(121, 46.278999999999996)	(122, 46.4112)	(123, 46.427800000000005)	(124, 46.163199999999996)	(125, 46.3106)
GI_48hpi_3	(1, 54.53829999999999)	(2, 32.5728)	(3, 45.4024)	(4, 45.7324)	(5, 43.0473)	(6, 42.4258)	(7, 42.3326)	(8, 52.7753)	(9, 50.3549)	(10, 40.8215)	(11, 56.8629)	(12, 49.6043)	(13, 42.0267)	(14, 44.825199999999995)	(15, 46.3583)	(16, 46.1826)	(17, 46.2296)	(18, 46.2413)	(19, 46.061800000000005)	(20, 46.1368)	(21, 46.163199999999996)	(22, 45.7418)	(23, 45.3578)	(24, 45.3831)	(25, 44.9843)	(26, 45.202)	(27, 45.821400000000004)	(28, 45.614)	(29, 45.7965)	(30, 45.707)	(31, 45.2665)	(32, 45.420100000000005)	(33, 45.6997)	(34, 45.685199999999995)	(35, 45.713100000000004)	(36, 45.719300000000004)	(37, 45.684599999999996)	(38, 46.021499999999996)	(39, 45.8733)	(40, 45.665299999999995)	(41, 45.9635)	(42, 46.0267)	(43, 45.6538)	(44, 45.829)	(45, 46.144)	(46, 45.86)	(47, 45.948)	(48, 46.1878)	(49, 45.873799999999996)	(50, 45.9435)	(51, 46.046)	(52, 45.8814)	(53, 45.901599999999995)	(54, 46.0019)	(55, 45.8832)	(56, 45.9349)	(57, 46.176899999999996)	(58, 46.067)	(59, 46.0655)	(60, 46.2884)	(61, 46.0317)	(62, 46.1107)	(63, 46.152300000000004)	(64, 45.9903)	(65, 46.013999999999996)	(66, 46.1121)	(67, 46.0368)	(68, 46.3719)	(69, 46.281499999999994)	(70, 46.1293)	(71, 46.2488)	(72, 46.2584)	(73, 46.1803)	(74, 46.0539)	(75, 0.0)	(76, 45.989000000000004)	(77, 46.2611)	(78, 46.349000000000004)	(79, 46.153499999999994)	(80, 46.308899999999994)	(81, 46.2992)	(82, 46.0252)	(83, 46.2225)	(84, 46.1622)	(85, 46.1085)	(86, 46.1136)	(87, 46.3181)	(88, 46.2716)	(89, 46.152)	(90, 46.5521)	(91, 46.196799999999996)	(92, 46.2018)	(93, 46.1054)	(94, 45.9198)	(95, 46.2757)	(96, 46.2224)	(97, 45.9673)	(98, 46.1342)	(99, 46.3343)	(100, 46.0989)	(101, 46.149499999999996)	(102, 46.3498)	(103, 46.059400000000004)	(104, 46.0652)	(105, 46.0582)	(106, 46.0541)	(107, 46.1588)	(108, 46.3953)	(109, 46.0664)	(110, 46.2733)	(111, 46.4046)	(112, 46.2437)	(113, 46.207100000000004)	(114, 46.226299999999995)	(115, 46.1862)	(116, 45.9942)	(117, 46.2788)	(118, 46.1179)	(119, 46.2343)	(120, 46.4354)	(121, 46.2035)	(122, 46.3202)	(123, 46.405)	(124, 46.1587)	(125, 46.224900000000005)
GI_6hpi_1	(1, 57.06250000000001)	(2, 31.4236)	(3, 45.5694)	(4, 45.022)	(5, 42.4127)	(6, 42.1078)	(7, 42.275)	(8, 51.908699999999996)	(9, 50.1675)	(10, 40.7594)	(11, 56.7125)	(12, 49.682700000000004)	(13, 42.1265)	(14, 44.7838)	(15, 46.4974)	(16, 46.2432)	(17, 46.2205)	(18, 46.3684)	(19, 46.205400000000004)	(20, 46.1959)	(21, 46.2992)	(22, 45.8536)	(23, 45.4988)	(24, 45.4833)	(25, 44.974799999999995)	(26, 45.1489)	(27, 45.841300000000004)	(28, 45.642700000000005)	(29, 45.7918)	(30, 45.957100000000004)	(31, 45.3421)	(32, 45.4111)	(33, 45.728)	(34, 45.7413)	(35, 45.632600000000004)	(36, 45.7709)	(37, 45.594699999999996)	(38, 45.9896)	(39, 45.8864)	(40, 45.7977)	(41, 45.893299999999996)	(42, 46.0348)	(43, 45.7622)	(44, 45.8647)	(45, 46.2221)	(46, 45.8433)	(47, 45.8352)	(48, 46.1012)	(49, 45.8418)	(50, 45.7675)	(51, 46.0897)	(52, 45.7812)	(53, 45.883)	(54, 46.0249)	(55, 45.8746)	(56, 45.7104)	(57, 46.1006)	(58, 45.8699)	(59, 45.8694)	(60, 46.1748)	(61, 45.9264)	(62, 45.923700000000004)	(63, 46.0734)	(64, 45.8843)	(65, 45.848)	(66, 45.8979)	(67, 45.888600000000004)	(68, 46.071600000000004)	(69, 46.099000000000004)	(70, 45.9329)	(71, 45.9247)	(72, 46.136500000000005)	(73, 46.063900000000004)	(74, 22.994300000000003)	(75, 46.2387)	(76, 45.8223)	(77, 46.0133)	(78, 46.2109)	(79, 45.9698)	(80, 46.118700000000004)	(81, 46.1865)	(82, 45.8576)	(83, 45.8832)	(84, 45.9641)	(85, 46.0011)	(86, 45.8142)	(87, 46.189099999999996)	(88, 46.204299999999996)	(89, 45.7859)	(90, 46.309400000000004)	(91, 46.0163)	(92, 46.0053)	(93, 46.1076)	(94, 45.7729)	(95, 46.043)	(96, 46.1158)	(97, 45.8133)	(98, 45.9789)	(99, 46.183800000000005)	(100, 45.869)	(101, 45.911)	(102, 46.0848)	(103, 45.9541)	(104, 45.875899999999994)	(105, 45.984700000000004)	(106, 45.8868)	(107, 45.8985)	(108, 46.2701)	(109, 45.914100000000005)	(110, 46.053399999999996)	(111, 46.1596)	(112, 46.0054)	(113, 45.8941)	(114, 46.0046)	(115, 45.9944)	(116, 45.7478)	(117, 46.1032)	(118, 45.8996)	(119, 45.8812)	(120, 46.314)	(121, 46.0297)	(122, 45.9658)	(123, 46.1899)	(124, 46.0114)	(125, 46.0082)
GI_6hpi_2	(1, 56.4892)	(2, 31.4157)	(3, 45.074799999999996)	(4, 44.6258)	(5, 42.1461)	(6, 41.7416)	(7, 41.8062)	(8, 51.586200000000005)	(9, 49.9113)	(10, 40.3993)	(11, 56.2423)	(12, 49.3944)	(13, 41.8272)	(14, 44.466499999999996)	(15, 46.131)	(16, 45.8424)	(17, 45.836)	(18, 46.0385)	(19, 45.8502)	(20, 45.8337)	(21, 46.012)	(22, 45.5167)	(23, 45.155)	(24, 45.1452)	(25, 44.629000000000005)	(26, 44.777499999999996)	(27, 45.454699999999995)	(28, 45.271499999999996)	(29, 45.459500000000006)	(30, 45.56)	(31, 45.0052)	(32, 45.1141)	(33, 45.3712)	(34, 45.3538)	(35, 45.305800000000005)	(36, 45.4246)	(37, 45.2218)	(38, 45.6525)	(39, 45.549099999999996)	(40, 45.452799999999996)	(41, 45.506)	(42, 45.6918)	(43, 45.402)	(44, 45.529799999999994)	(45, 45.8677)	(46, 45.4964)	(47, 45.476499999999994)	(48, 45.7382)	(49, 45.4623)	(50, 45.4571)	(51, 45.7391)	(52, 45.4236)	(53, 45.5845)	(54, 45.6789)	(55, 45.5019)	(56, 45.3837)	(57, 45.691500000000005)	(58, 45.4621)	(59, 45.476)	(60, 45.8052)	(61, 45.5546)	(62, 45.5807)	(63, 45.7551)	(64, 45.504099999999994)	(65, 45.5174)	(66, 45.5373)	(67, 45.501599999999996)	(68, 45.7088)	(69, 45.7449)	(70, 45.527)	(71, 45.5743)	(72, 45.774300000000004)	(73, 45.7111)	(74, 22.804)	(75, 45.8694)	(76, 45.4566)	(77, 45.6614)	(78, 45.8237)	(79, 45.595400000000005)	(80, 45.7303)	(81, 45.7906)	(82, 45.4432)	(83, 45.539)	(84, 45.6602)	(85, 45.6166)	(86, 45.4791)	(87, 45.812599999999996)	(88, 45.8123)	(89, 45.4714)	(90, 45.9239)	(91, 45.6071)	(92, 45.6235)	(93, 45.7496)	(94, 45.418)	(95, 45.6856)	(96, 45.7489)	(97, 45.417)	(98, 45.6847)	(99, 45.795700000000004)	(100, 45.4625)	(101, 45.5566)	(102, 45.773)	(103, 45.5955)	(104, 45.4894)	(105, 45.635999999999996)	(106, 45.5235)	(107, 45.5309)	(108, 45.900999999999996)	(109, 45.5377)	(110, 45.685700000000004)	(111, 45.797900000000006)	(112, 45.6478)	(113, 45.561299999999996)	(114, 45.6169)	(115, 45.6028)	(116, 45.4236)	(117, 45.7537)	(118, 45.4878)	(119, 45.533)	(120, 45.9441)	(121, 45.6509)	(122, 45.5933)	(123, 45.860099999999996)	(124, 45.6212)	(125, 45.684000000000005)
GI_6hpi_3	(1, 56.55050000000001)	(2, 31.4601)	(3, 45.2951)	(4, 44.6777)	(5, 42.0962)	(6, 41.8157)	(7, 41.9616)	(8, 51.7096)	(9, 49.9484)	(10, 40.3914)	(11, 56.3474)	(12, 49.363)	(13, 41.771)	(14, 44.412)	(15, 46.0783)	(16, 45.8022)	(17, 45.8229)	(18, 46.013999999999996)	(19, 45.8349)	(20, 45.8366)	(21, 45.948299999999996)	(22, 45.4979)	(23, 45.1164)	(24, 45.1053)	(25, 44.6178)	(26, 44.737300000000005)	(27, 45.421099999999996)	(28, 45.2782)	(29, 45.4301)	(30, 45.5641)	(31, 44.9907)	(32, 45.1268)	(33, 45.387899999999995)	(34, 45.3645)	(35, 45.3196)	(36, 45.3928)	(37, 45.2262)	(38, 45.6834)	(39, 45.5928)	(40, 45.4409)	(41, 45.5422)	(42, 45.7125)	(43, 45.4121)	(44, 45.5552)	(45, 45.8711)	(46, 45.490700000000004)	(47, 45.4955)	(48, 45.7864)	(49, 45.4685)	(50, 45.4578)	(51, 45.7417)	(52, 45.500600000000006)	(53, 45.5923)	(54, 45.7233)	(55, 45.5126)	(56, 45.4308)	(57, 45.7295)	(58, 45.5715)	(59, 45.5198)	(60, 45.8461)	(61, 45.6239)	(62, 45.6255)	(63, 45.7835)	(64, 45.586)	(65, 45.6072)	(66, 45.635)	(67, 45.5725)	(68, 45.793099999999995)	(69, 45.814)	(70, 45.6058)	(71, 45.6382)	(72, 45.879599999999996)	(73, 45.8138)	(74, 22.889)	(75, 45.934799999999996)	(76, 45.5497)	(77, 45.7414)	(78, 45.8953)	(79, 45.6814)	(80, 45.792899999999996)	(81, 45.858900000000006)	(82, 45.5515)	(83, 45.6464)	(84, 45.7494)	(85, 45.6878)	(86, 45.5114)	(87, 45.9063)	(88, 45.9)	(89, 45.5271)	(90, 46.0313)	(91, 45.6794)	(92, 45.745999999999995)	(93, 45.812999999999995)	(94, 45.486900000000006)	(95, 45.764300000000006)	(96, 45.846199999999996)	(97, 45.5071)	(98, 45.7427)	(99, 45.8973)	(100, 45.5636)	(101, 45.641799999999996)	(102, 45.8578)	(103, 45.6644)	(104, 45.608)	(105, 45.7393)	(106, 45.5873)	(107, 45.6587)	(108, 45.974399999999996)	(109, 45.6157)	(110, 45.773399999999995)	(111, 45.880700000000004)	(112, 45.737899999999996)	(113, 45.6613)	(114, 45.7288)	(115, 45.7385)	(116, 45.5341)	(117, 45.8692)	(118, 45.6166)	(119, 45.639)	(120, 46.0738)	(121, 45.724)	(122, 45.7113)	(123, 45.985)	(124, 45.762)	(125, 45.8006)
HC_24hpi_1	(1, 56.175799999999995)	(2, 31.9748)	(3, 45.2435)	(4, 44.9689)	(5, 42.2438)	(6, 41.8617)	(7, 41.9149)	(8, 51.8501)	(9, 50.1992)	(10, 40.3964)	(11, 56.4619)	(12, 49.4484)	(13, 41.8077)	(14, 44.642900000000004)	(15, 46.1753)	(16, 45.900200000000005)	(17, 45.852900000000005)	(18, 46.0127)	(19, 45.9208)	(20, 45.987)	(21, 46.0245)	(22, 45.536100000000005)	(23, 45.1502)	(24, 45.1354)	(25, 44.6926)	(26, 44.812200000000004)	(27, 45.561800000000005)	(28, 45.3631)	(29, 45.5467)	(30, 45.6066)	(31, 45.1208)	(32, 45.1896)	(33, 45.4594)	(34, 45.4713)	(35, 45.4149)	(36, 45.3959)	(37, 45.2711)	(38, 45.705600000000004)	(39, 45.5341)	(40, 45.433800000000005)	(41, 45.716499999999996)	(42, 45.7482)	(43, 45.3953)	(44, 45.6762)	(45, 46.0247)	(46, 45.529199999999996)	(47, 45.548899999999996)	(48, 45.8127)	(49, 45.5321)	(50, 45.4957)	(51, 45.736900000000006)	(52, 45.5434)	(53, 45.595)	(54, 45.6681)	(55, 45.567)	(56, 45.4401)	(57, 45.8345)	(58, 45.6184)	(59, 45.5391)	(60, 45.8768)	(61, 45.6121)	(62, 45.754099999999994)	(63, 45.828799999999994)	(64, 45.5584)	(65, 45.6466)	(66, 45.6609)	(67, 45.5915)	(68, 45.8822)	(69, 45.8706)	(70, 45.5999)	(71, 45.6812)	(72, 45.9112)	(73, 45.785599999999995)	(74, 22.866)	(75, 45.9069)	(76, 45.5152)	(77, 45.7387)	(78, 45.8969)	(79, 45.7092)	(80, 45.8113)	(81, 45.8025)	(82, 45.5377)	(83, 45.5603)	(84, 45.6491)	(85, 45.7145)	(86, 45.6145)	(87, 45.8024)	(88, 45.907599999999995)	(89, 45.5923)	(90, 46.0527)	(91, 45.6184)	(92, 45.748)	(93, 45.7235)	(94, 45.4007)	(95, 45.738800000000005)	(96, 45.7475)	(97, 45.399699999999996)	(98, 45.6394)	(99, 45.7295)	(100, 45.4615)	(101, 45.5645)	(102, 45.743)	(103, 45.5477)	(104, 45.547399999999996)	(105, 45.6107)	(106, 45.5918)	(107, 45.588499999999996)	(108, 45.8478)	(109, 45.5122)	(110, 45.7196)	(111, 45.7886)	(112, 45.65)	(113, 45.549)	(114, 45.5864)	(115, 45.6313)	(116, 45.4104)	(117, 45.7431)	(118, 45.4897)	(119, 45.5823)	(120, 45.9339)	(121, 45.6819)	(122, 45.8001)	(123, 45.8624)	(124, 45.6128)	(125, 45.6477)
HC_24hpi_2	(1, 55.681000000000004)	(2, 32.6383)	(3, 45.2533)	(4, 45.0824)	(5, 42.253600000000006)	(6, 41.8661)	(7, 41.8725)	(8, 51.990199999999994)	(9, 50.26049999999999)	(10, 40.3383)	(11, 56.417399999999994)	(12, 49.4631)	(13, 41.7974)	(14, 44.6188)	(15, 46.0956)	(16, 45.8722)	(17, 45.7713)	(18, 45.9091)	(19, 45.9056)	(20, 45.9976)	(21, 45.9611)	(22, 45.51)	(23, 45.1877)	(24, 45.1397)	(25, 44.765100000000004)	(26, 44.9158)	(27, 45.583200000000005)	(28, 45.385999999999996)	(29, 45.5368)	(30, 45.6173)	(31, 45.156400000000005)	(32, 45.237500000000004)	(33, 45.4073)	(34, 45.521499999999996)	(35, 45.482299999999995)	(36, 45.388099999999994)	(37, 45.2911)	(38, 45.7432)	(39, 45.5096)	(40, 45.4392)	(41, 45.779399999999995)	(42, 45.749)	(43, 45.395)	(44, 45.763)	(45, 46.1232)	(46, 45.579)	(47, 45.6258)	(48, 45.827400000000004)	(49, 45.57)	(50, 45.5569)	(51, 45.7528)	(52, 45.555)	(53, 45.6728)	(54, 45.6494)	(55, 45.6467)	(56, 45.4887)	(57, 45.887899999999995)	(58, 45.6957)	(59, 45.677)	(60, 45.9562)	(61, 45.6316)	(62, 45.8307)	(63, 45.8362)	(64, 45.6357)	(65, 45.7032)	(66, 45.7201)	(67, 45.6392)	(68, 45.9884)	(69, 45.9056)	(70, 45.6772)	(71, 45.772800000000004)	(72, 45.9641)	(73, 45.855000000000004)	(74, 22.947699999999998)	(75, 45.981300000000005)	(76, 45.6082)	(77, 45.919399999999996)	(78, 45.9976)	(79, 45.8141)	(80, 45.94)	(81, 45.8928)	(82, 45.6136)	(83, 45.6254)	(84, 45.6986)	(85, 45.8424)	(86, 45.7432)	(87, 45.8975)	(88, 46.0287)	(89, 45.7202)	(90, 46.164699999999996)	(91, 45.7331)	(92, 45.8797)	(93, 45.843)	(94, 45.4638)	(95, 45.8696)	(96, 45.8101)	(97, 45.5257)	(98, 45.7563)	(99, 45.811099999999996)	(100, 45.5696)	(101, 45.6597)	(102, 45.7955)	(103, 45.635799999999996)	(104, 45.7162)	(105, 45.6725)	(106, 45.6839)	(107, 45.7299)	(108, 45.9908)	(109, 45.6314)	(110, 45.8765)	(111, 45.9152)	(112, 45.7883)	(113, 45.6786)	(114, 45.685900000000004)	(115, 45.7238)	(116, 45.5096)	(117, 45.8178)	(118, 45.6032)	(119, 45.7486)	(120, 46.0627)	(121, 45.7977)	(122, 45.9527)	(123, 46.0196)	(124, 45.7199)	(125, 45.7992)
HC_24hpi_3	(1, 57.411199999999994)	(2, 32.3056)	(3, 45.3557)	(4, 44.671499999999995)	(5, 41.6304)	(6, 41.1258)	(7, 41.288399999999996)	(8, 50.9505)	(9, 49.6099)	(10, 40.142)	(11, 55.7677)	(12, 49.1075)	(13, 41.6523)	(14, 44.309799999999996)	(15, 45.8121)	(16, 45.6259)	(17, 45.4897)	(18, 45.7663)	(19, 45.732299999999995)	(20, 45.6853)	(21, 45.773)	(22, 45.2795)	(23, 45.0212)	(24, 44.9808)	(25, 44.5415)	(26, 44.573499999999996)	(27, 45.3375)	(28, 45.0454)	(29, 45.3234)	(30, 45.3223)	(31, 44.880900000000004)	(32, 45.0203)	(33, 45.1883)	(34, 45.3187)	(35, 45.1662)	(36, 45.1588)	(37, 45.0545)	(38, 45.4474)	(39, 45.2766)	(40, 45.2278)	(41, 45.4444)	(42, 45.4854)	(43, 45.1684)	(44, 45.4119)	(45, 45.7699)	(46, 45.3429)	(47, 45.3369)	(48, 45.6064)	(49, 45.321099999999994)	(50, 45.3439)	(51, 45.571400000000004)	(52, 45.323600000000006)	(53, 45.3965)	(54, 45.5086)	(55, 45.4065)	(56, 45.2639)	(57, 45.6341)	(58, 45.3692)	(59, 45.3665)	(60, 45.698699999999995)	(61, 45.4748)	(62, 45.4792)	(63, 45.5773)	(64, 45.424)	(65, 45.360299999999995)	(66, 45.4089)	(67, 45.3688)	(68, 45.6338)	(69, 45.6904)	(70, 45.4183)	(71, 45.4644)	(72, 45.805099999999996)	(73, 45.662000000000006)	(74, 22.8324)	(75, 45.8245)	(76, 45.454)	(77, 45.6884)	(78, 45.759899999999995)	(79, 45.6058)	(80, 45.7295)	(81, 45.7488)	(82, 45.387899999999995)	(83, 45.373999999999995)	(84, 45.4796)	(85, 45.577400000000004)	(86, 45.4912)	(87, 45.6744)	(88, 45.8027)	(89, 45.454299999999996)	(90, 45.9183)	(91, 45.5657)	(92, 45.6481)	(93, 45.7022)	(94, 45.3527)	(95, 45.690999999999995)	(96, 45.6123)	(97, 45.361200000000004)	(98, 45.5523)	(99, 45.624700000000004)	(100, 45.3722)	(101, 45.4836)	(102, 45.6304)	(103, 45.427800000000005)	(104, 45.563700000000004)	(105, 45.535599999999995)	(106, 45.4572)	(107, 45.5408)	(108, 45.7845)	(109, 45.4654)	(110, 45.5717)	(111, 45.7026)	(112, 45.5463)	(113, 45.5251)	(114, 45.475500000000004)	(115, 45.569700000000005)	(116, 45.3207)	(117, 45.6056)	(118, 45.4553)	(119, 45.4577)	(120, 45.8611)	(121, 45.671499999999995)	(122, 45.683099999999996)	(123, 45.8001)	(124, 45.5702)	(125, 45.5879)
HC_48hpi_1	(1, 55.0742)	(2, 33.8292)	(3, 45.7023)	(4, 45.0176)	(5, 42.2235)	(6, 41.4565)	(7, 41.42)	(8, 51.7029)	(9, 50.053599999999996)	(10, 39.9983)	(11, 55.716100000000004)	(12, 49.255300000000005)	(13, 41.5684)	(14, 44.2578)	(15, 45.7517)	(16, 45.6673)	(17, 45.431)	(18, 45.6623)	(19, 45.6736)	(20, 45.9367)	(21, 45.7476)	(22, 45.273)	(23, 45.0658)	(24, 45.043499999999995)	(25, 44.5036)	(26, 44.8093)	(27, 45.5563)	(28, 45.138400000000004)	(29, 45.3751)	(30, 45.1575)	(31, 44.8772)	(32, 45.090599999999995)	(33, 45.0394)	(34, 45.164500000000004)	(35, 45.210699999999996)	(36, 45.130900000000004)	(37, 45.1378)	(38, 45.4835)	(39, 45.2686)	(40, 45.187)	(41, 45.5102)	(42, 45.5075)	(43, 45.1832)	(44, 45.6197)	(45, 45.8927)	(46, 45.3697)	(47, 45.5052)	(48, 45.494800000000005)	(49, 45.274300000000004)	(50, 45.4088)	(51, 45.426899999999996)	(52, 45.181)	(53, 45.422000000000004)	(54, 45.3576)	(55, 45.3518)	(56, 45.305299999999995)	(57, 45.5992)	(58, 45.3795)	(59, 45.4987)	(60, 45.6761)	(61, 45.3202)	(62, 45.6019)	(63, 45.5329)	(64, 45.3115)	(65, 45.275)	(66, 45.2319)	(67, 45.3621)	(68, 45.7751)	(69, 45.6956)	(70, 45.3101)	(71, 45.520300000000006)	(72, 45.737100000000005)	(73, 45.5117)	(74, 45.6107)	(75, 0.0)	(76, 45.2451)	(77, 45.723)	(78, 45.7642)	(79, 45.654)	(80, 45.7245)	(81, 45.5943)	(82, 45.2224)	(83, 45.1834)	(84, 45.3226)	(85, 45.4918)	(86, 45.4845)	(87, 45.5115)	(88, 45.6628)	(89, 45.5653)	(90, 45.8536)	(91, 45.3756)	(92, 45.6391)	(93, 45.6254)	(94, 45.2089)	(95, 45.4649)	(96, 45.4114)	(97, 45.2158)	(98, 45.386900000000004)	(99, 45.3658)	(100, 45.184400000000004)	(101, 45.3152)	(102, 45.4683)	(103, 45.286100000000005)	(104, 45.462599999999995)	(105, 45.3418)	(106, 45.2851)	(107, 45.4927)	(108, 45.8032)	(109, 45.3544)	(110, 45.5411)	(111, 45.6596)	(112, 45.3945)	(113, 45.46)	(114, 45.2845)	(115, 45.3185)	(116, 45.169599999999996)	(117, 45.388)	(118, 45.2648)	(119, 45.4582)	(120, 45.8293)	(121, 45.4776)	(122, 45.6414)	(123, 45.7198)	(124, 45.2948)	(125, 45.521499999999996)
HC_48hpi_2	(1, 55.351099999999995)	(2, 34.902100000000004)	(3, 46.0956)	(4, 45.2906)	(5, 42.403600000000004)	(6, 41.4714)	(7, 41.3868)	(8, 51.6482)	(9, 49.8722)	(10, 40.1752)	(11, 55.6783)	(12, 49.1236)	(13, 41.705799999999996)	(14, 44.326)	(15, 45.7663)	(16, 45.7887)	(17, 45.5503)	(18, 45.690799999999996)	(19, 45.7819)	(20, 46.0159)	(21, 45.7494)	(22, 45.2769)	(23, 45.1596)	(24, 45.09)	(25, 44.675)	(26, 45.001400000000004)	(27, 45.6764)	(28, 45.306000000000004)	(29, 45.5801)	(30, 45.2929)	(31, 45.042100000000005)	(32, 45.2101)	(33, 45.109100000000005)	(34, 45.3273)	(35, 45.373799999999996)	(36, 45.245400000000004)	(37, 45.2062)	(38, 45.6177)	(39, 45.3401)	(40, 45.2679)	(41, 45.6198)	(42, 45.5295)	(43, 45.223600000000005)	(44, 45.6642)	(45, 45.9518)	(46, 45.4508)	(47, 45.6151)	(48, 45.604)	(49, 45.3764)	(50, 45.4792)	(51, 45.4978)	(52, 45.2352)	(53, 45.4933)	(54, 45.3558)	(55, 45.3831)	(56, 45.3894)	(57, 45.6789)	(58, 45.483000000000004)	(59, 45.6256)	(60, 45.8097)	(61, 45.3947)	(62, 45.68)	(63, 45.5214)	(64, 45.3953)	(65, 45.3542)	(66, 45.2556)	(67, 45.4037)	(68, 45.7901)	(69, 45.7228)	(70, 45.3941)	(71, 45.5544)	(72, 45.7301)	(73, 45.5183)	(74, 22.8601)	(75, 45.7438)	(76, 45.3042)	(77, 45.8301)	(78, 45.7879)	(79, 45.697900000000004)	(80, 45.7549)	(81, 45.5867)	(82, 45.2857)	(83, 45.2776)	(84, 45.2961)	(85, 45.4596)	(86, 45.5307)	(87, 45.5057)	(88, 45.7487)	(89, 45.6345)	(90, 45.8966)	(91, 45.4428)	(92, 45.7097)	(93, 45.6941)	(94, 45.2395)	(95, 45.6055)	(96, 45.447900000000004)	(97, 45.2571)	(98, 45.447700000000005)	(99, 45.4192)	(100, 45.299499999999995)	(101, 45.3505)	(102, 45.4521)	(103, 45.387699999999995)	(104, 45.5021)	(105, 45.3023)	(106, 45.3369)	(107, 45.5162)	(108, 45.841)	(109, 45.3702)	(110, 45.6561)	(111, 45.663)	(112, 45.4704)	(113, 45.4687)	(114, 45.2283)	(115, 45.340599999999995)	(116, 45.161)	(117, 45.3422)	(118, 45.3057)	(119, 45.4523)	(120, 45.7688)	(121, 45.5436)	(122, 45.7158)	(123, 45.793499999999995)	(124, 45.365100000000005)	(125, 45.563500000000005)
HC_48hpi_3	(1, 55.517399999999995)	(2, 34.1882)	(3, 45.825900000000004)	(4, 45.0066)	(5, 42.4097)	(6, 41.383700000000005)	(7, 41.2657)	(8, 51.622299999999996)	(9, 49.7473)	(10, 40.0929)	(11, 55.688)	(12, 49.0374)	(13, 41.569)	(14, 44.2872)	(15, 45.7531)	(16, 45.6767)	(17, 45.4911)	(18, 45.6545)	(19, 45.6902)	(20, 45.9037)	(21, 45.679199999999994)	(22, 45.2486)	(23, 45.083800000000004)	(24, 45.0619)	(25, 44.6363)	(26, 44.8833)	(27, 45.5309)	(28, 45.2145)	(29, 45.3981)	(30, 45.1554)	(31, 44.8673)	(32, 45.123799999999996)	(33, 45.096599999999995)	(34, 45.1932)	(35, 45.2679)	(36, 45.1984)	(37, 45.1503)	(38, 45.5586)	(39, 45.2864)	(40, 45.2062)	(41, 45.4752)	(42, 45.443099999999994)	(43, 45.1843)	(44, 45.5816)	(45, 45.8321)	(46, 45.3979)	(47, 45.5137)	(48, 45.5283)	(49, 45.2822)	(50, 45.4111)	(51, 45.3794)	(52, 45.188)	(53, 45.3962)	(54, 45.3282)	(55, 45.318000000000005)	(56, 45.321099999999994)	(57, 45.6038)	(58, 45.3941)	(59, 45.5054)	(60, 45.671099999999996)	(61, 45.2979)	(62, 45.5841)	(63, 45.4951)	(64, 45.2847)	(65, 45.252199999999995)	(66, 45.244)	(67, 45.3349)	(68, 45.745400000000004)	(69, 45.6749)	(70, 45.3045)	(71, 45.4876)	(72, 45.6536)	(73, 45.4191)	(74, 22.740099999999998)	(75, 45.6274)	(76, 45.25)	(77, 45.702799999999996)	(78, 45.6767)	(79, 45.6325)	(80, 45.6468)	(81, 45.547)	(82, 45.1895)	(83, 45.2008)	(84, 45.2802)	(85, 45.3827)	(86, 45.4148)	(87, 45.4726)	(88, 45.6349)	(89, 45.5325)	(90, 45.8271)	(91, 45.369)	(92, 45.5826)	(93, 45.5647)	(94, 45.163199999999996)	(95, 45.4762)	(96, 45.3641)	(97, 45.1803)	(98, 45.4266)	(99, 45.3583)	(100, 45.191700000000004)	(101, 45.3089)	(102, 45.4646)	(103, 45.2593)	(104, 45.373200000000004)	(105, 45.256299999999996)	(106, 45.2721)	(107, 45.406)	(108, 45.7169)	(109, 45.3314)	(110, 45.5054)	(111, 45.6208)	(112, 45.3474)	(113, 45.4022)	(114, 45.2286)	(115, 45.2654)	(116, 45.1545)	(117, 45.3306)	(118, 45.222)	(119, 45.4579)	(120, 45.736900000000006)	(121, 45.434999999999995)	(122, 45.5963)	(123, 45.692)	(124, 45.259100000000004)	(125, 45.4126)
HC_6hpi_1	(1, 59.562000000000005)	(2, 33.1826)	(3, 46.0229)	(4, 49.087199999999996)	(5, 44.9971)	(6, 41.397099999999995)	(7, 41.2262)	(8, 54.7067)	(9, 49.756699999999995)	(10, 39.480900000000005)	(11, 54.351400000000005)	(12, 46.2513)	(13, 40.110099999999996)	(14, 44.392199999999995)	(15, 46.0202)	(16, 45.9589)	(17, 45.8546)	(18, 45.68)	(19, 45.652100000000004)	(20, 45.5879)	(21, 45.3504)	(22, 45.2553)	(23, 45.0163)	(24, 44.9918)	(25, 45.0162)	(26, 44.948100000000004)	(27, 45.265100000000004)	(28, 45.3382)	(29, 45.4653)	(30, 45.3414)	(31, 44.933099999999996)	(32, 45.123799999999996)	(33, 45.3529)	(34, 45.4634)	(35, 45.5042)	(36, 45.3054)	(37, 45.2741)	(38, 45.8048)	(39, 45.406400000000005)	(40, 45.4302)	(41, 45.7196)	(42, 45.4818)	(43, 45.5895)	(44, 45.5532)	(45, 45.7308)	(46, 45.6344)	(47, 45.6151)	(48, 45.7148)	(49, 45.6774)	(50, 45.577400000000004)	(51, 45.6907)	(52, 45.7791)	(53, 45.7536)	(54, 45.6649)	(55, 45.7563)	(56, 45.6667)	(57, 45.6598)	(58, 45.7436)	(59, 45.6706)	(60, 45.8022)	(61, 45.8291)	(62, 45.8889)	(63, 45.7021)	(64, 45.8362)	(65, 45.7425)	(66, 45.7679)	(67, 45.8497)	(68, 45.915800000000004)	(69, 45.6586)	(70, 45.726299999999995)	(71, 45.8507)	(72, 45.62)	(73, 45.9148)	(74, 45.7759)	(75, 45.852599999999995)	(76, 45.6279)	(77, 45.904)	(78, 45.8114)	(79, 45.7685)	(80, 45.9022)	(81, 45.7626)	(82, 45.8374)	(83, 45.766400000000004)	(84, 45.634)	(85, 45.8716)	(86, 45.712199999999996)	(87, 45.7209)	(88, 45.9116)	(89, 45.7373)	(90, 45.8416)	(91, 45.960699999999996)	(92, 45.7677)	(93, 45.6267)	(94, 45.6205)	(95, 46.0227)	(96, 45.8698)	(97, 45.6945)	(98, 45.9221)	(99, 45.8639)	(100, 45.735)	(101, 45.7065)	(102, 45.8065)	(103, 45.8073)	(104, 45.924)	(105, 45.6939)	(106, 45.899499999999996)	(107, 45.848499999999994)	(108, 45.8513)	(109, 45.8085)	(110, 45.8755)	(111, 45.8211)	(112, 45.9935)	(113, 45.7898)	(114, 45.723)	(115, 45.8871)	(116, 45.711400000000005)	(117, 45.8859)	(118, 45.8994)	(119, 45.8287)	(120, 45.9515)	(121, 45.832699999999996)	(122, 45.858900000000006)	(123, 45.7706)	(124, 45.909)	(125, 45.856700000000004)
HC_6hpi_2	(1, 60.2323)	(2, 32.9846)	(3, 46.015499999999996)	(4, 49.134699999999995)	(5, 45.183)	(6, 41.3255)	(7, 41.239)	(8, 54.705099999999995)	(9, 49.6928)	(10, 39.6409)	(11, 54.4805)	(12, 46.3204)	(13, 40.2272)	(14, 44.5318)	(15, 46.1134)	(16, 46.028000000000006)	(17, 45.9775)	(18, 45.7944)	(19, 45.7987)	(20, 45.7465)	(21, 45.4861)	(22, 45.378600000000006)	(23, 45.143)	(24, 45.1259)	(25, 45.1127)	(26, 45.040200000000006)	(27, 45.3725)	(28, 45.426)	(29, 45.5796)	(30, 45.4253)	(31, 45.076100000000004)	(32, 45.2519)	(33, 45.4048)	(34, 45.5675)	(35, 45.5583)	(36, 45.354)	(37, 45.3272)	(38, 45.8047)	(39, 45.4722)	(40, 45.5555)	(41, 45.770300000000006)	(42, 45.543)	(43, 45.672000000000004)	(44, 45.6016)	(45, 45.7848)	(46, 45.667)	(47, 45.645)	(48, 45.718199999999996)	(49, 45.7135)	(50, 45.6353)	(51, 45.6875)	(52, 45.7932)	(53, 45.8182)	(54, 45.6853)	(55, 45.7488)	(56, 45.69)	(57, 45.6875)	(58, 45.744800000000005)	(59, 45.6736)	(60, 45.7676)	(61, 45.8734)	(62, 45.923700000000004)	(63, 45.7289)	(64, 45.892300000000006)	(65, 45.7301)	(66, 45.7997)	(67, 45.8358)	(68, 45.8981)	(69, 45.6728)	(70, 45.764300000000006)	(71, 45.8208)	(72, 45.6137)	(73, 45.9115)	(74, 45.7757)	(75, 45.8251)	(76, 45.636500000000005)	(77, 45.8662)	(78, 45.7881)	(79, 45.7566)	(80, 45.8982)	(81, 45.750800000000005)	(82, 45.7937)	(83, 45.731100000000005)	(84, 45.6378)	(85, 45.856)	(86, 45.7123)	(87, 45.7225)	(88, 45.907199999999996)	(89, 45.716)	(90, 45.806000000000004)	(91, 45.9349)	(92, 45.768)	(93, 45.6366)	(94, 45.6214)	(95, 45.9851)	(96, 45.833200000000005)	(97, 45.6905)	(98, 45.8729)	(99, 45.8605)	(100, 45.7479)	(101, 45.6805)	(102, 45.7984)	(103, 45.8052)	(104, 45.8976)	(105, 45.653)	(106, 45.862199999999994)	(107, 45.7896)	(108, 45.827600000000004)	(109, 45.8073)	(110, 45.8487)	(111, 45.757999999999996)	(112, 45.9437)	(113, 45.723200000000006)	(114, 45.6914)	(115, 45.8551)	(116, 45.679199999999994)	(117, 45.8699)	(118, 45.8377)	(119, 45.812599999999996)	(120, 45.9043)	(121, 45.7965)	(122, 45.8358)	(123, 45.7219)	(124, 45.8577)	(125, 45.831)
HC_6hpi_3	(1, 61.454699999999995)	(2, 32.3388)	(3, 45.6489)	(4, 48.8593)	(5, 45.2297)	(6, 41.1072)	(7, 41.0897)	(8, 54.415800000000004)	(9, 49.4563)	(10, 39.5023)	(11, 54.416399999999996)	(12, 46.3723)	(13, 40.202799999999996)	(14, 44.5448)	(15, 46.2144)	(16, 46.1069)	(17, 45.9747)	(18, 45.841)	(19, 45.751)	(20, 45.710699999999996)	(21, 45.5835)	(22, 45.4102)	(23, 45.1385)	(24, 45.195800000000006)	(25, 45.1808)	(26, 45.0369)	(27, 45.4032)	(28, 45.463300000000004)	(29, 45.5775)	(30, 45.4613)	(31, 45.1006)	(32, 45.2834)	(33, 45.4915)	(34, 45.6455)	(35, 45.5239)	(36, 45.4046)	(37, 45.4611)	(38, 45.9079)	(39, 45.5706)	(40, 45.6339)	(41, 45.7892)	(42, 45.6971)	(43, 45.8158)	(44, 45.6408)	(45, 45.8665)	(46, 45.8416)	(47, 45.6835)	(48, 45.839200000000005)	(49, 45.833)	(50, 45.727000000000004)	(51, 45.8348)	(52, 45.983200000000004)	(53, 45.911699999999996)	(54, 45.8735)	(55, 45.915099999999995)	(56, 45.852900000000005)	(57, 45.8141)	(58, 45.8985)	(59, 45.8155)	(60, 45.9047)	(61, 46.0607)	(62, 46.1001)	(63, 45.9577)	(64, 46.0545)	(65, 45.8339)	(66, 46.0175)	(67, 46.0513)	(68, 46.0863)	(69, 45.8275)	(70, 45.923199999999994)	(71, 45.9975)	(72, 45.787800000000004)	(73, 46.1633)	(74, 45.9438)	(75, 46.0312)	(76, 45.8303)	(77, 46.0069)	(78, 45.9797)	(79, 45.9825)	(80, 46.0724)	(81, 45.9661)	(82, 46.0204)	(83, 45.8897)	(84, 45.8418)	(85, 46.0985)	(86, 45.894600000000004)	(87, 45.9634)	(88, 46.097)	(89, 45.905699999999996)	(90, 46.0516)	(91, 46.2258)	(92, 45.8928)	(93, 45.793099999999995)	(94, 45.8514)	(95, 46.2308)	(96, 46.1182)	(97, 45.921)	(98, 46.104)	(99, 46.1349)	(100, 45.9878)	(101, 45.9438)	(102, 46.0657)	(103, 46.018)	(104, 46.1409)	(105, 45.9785)	(106, 46.1028)	(107, 46.0251)	(108, 46.0596)	(109, 46.076499999999996)	(110, 46.031)	(111, 46.008900000000004)	(112, 46.2394)	(113, 45.981899999999996)	(114, 45.9423)	(115, 46.048)	(116, 45.8989)	(117, 46.161)	(118, 46.1428)	(119, 46.0308)	(120, 46.194)	(121, 46.1096)	(122, 46.041)	(123, 46.0183)	(124, 46.1586)	(125, 46.0324)
HI_24hpi_1	(1, 57.7083)	(2, 33.1074)	(3, 46.1777)	(4, 45.7365)	(5, 43.2803)	(6, 42.365)	(7, 42.8266)	(8, 52.6811)	(9, 50.669)	(10, 41.1588)	(11, 57.165699999999994)	(12, 50.292899999999996)	(13, 42.7361)	(14, 45.4834)	(15, 47.2813)	(16, 46.9272)	(17, 46.7357)	(18, 46.963100000000004)	(19, 46.7709)	(20, 46.7363)	(21, 46.923700000000004)	(22, 46.4834)	(23, 45.8364)	(24, 45.9707)	(25, 45.7055)	(26, 45.53)	(27, 46.396)	(28, 45.9584)	(29, 46.301199999999994)	(30, 46.4128)	(31, 45.929500000000004)	(32, 46.156000000000006)	(33, 46.5867)	(34, 46.4891)	(35, 46.2581)	(36, 46.2082)	(37, 46.4393)	(38, 46.6193)	(39, 46.4656)	(40, 46.1956)	(41, 46.604600000000005)	(42, 46.6155)	(43, 46.2348)	(44, 46.3656)	(45, 46.7276)	(46, 46.4726)	(47, 46.3083)	(48, 46.9036)	(49, 46.4416)	(50, 46.5965)	(51, 46.8243)	(52, 46.5642)	(53, 46.391799999999996)	(54, 46.7499)	(55, 46.7292)	(56, 46.4579)	(57, 46.623)	(58, 46.814)	(59, 46.714)	(60, 47.076499999999996)	(61, 46.8466)	(62, 46.908699999999996)	(63, 46.7488)	(64, 46.8464)	(65, 46.550200000000004)	(66, 47.0867)	(67, 46.9906)	(68, 47.1458)	(69, 47.0131)	(70, 46.9462)	(71, 46.817)	(72, 46.908100000000005)	(73, 47.116)	(74, 23.5347)	(75, 46.7788)	(76, 46.6342)	(77, 47.125299999999996)	(78, 47.004200000000004)	(79, 46.9792)	(80, 46.9813)	(81, 47.1428)	(82, 46.6502)	(83, 46.779700000000005)	(84, 46.7255)	(85, 47.1268)	(86, 46.690799999999996)	(87, 46.9167)	(88, 46.9649)	(89, 46.518100000000004)	(90, 47.3524)	(91, 46.8849)	(92, 46.8082)	(93, 46.7776)	(94, 46.473)	(95, 46.7888)	(96, 46.8261)	(97, 46.694)	(98, 46.5525)	(99, 46.9313)	(100, 46.7023)	(101, 46.7036)	(102, 47.004400000000004)	(103, 46.5323)	(104, 46.841899999999995)	(105, 46.6395)	(106, 46.8531)	(107, 46.888999999999996)	(108, 46.8532)	(109, 46.8624)	(110, 47.1605)	(111, 47.0576)	(112, 47.0627)	(113, 46.941)	(114, 47.2204)	(115, 47.0449)	(116, 46.7997)	(117, 47.1731)	(118, 47.1613)	(119, 47.111599999999996)	(120, 47.1426)	(121, 47.1619)	(122, 47.1214)	(123, 47.280499999999996)	(124, 47.1912)	(125, 46.9426)
HI_24hpi_2	(1, 55.43470000000001)	(2, 31.9496)	(3, 45.1478)	(4, 44.5631)	(5, 41.916399999999996)	(6, 41.533500000000004)	(7, 41.7089)	(8, 51.6519)	(9, 50.034)	(10, 40.0124)	(11, 55.9854)	(12, 49.0398)	(13, 41.3476)	(14, 44.179)	(15, 45.7768)	(16, 45.4382)	(17, 45.4334)	(18, 45.6074)	(19, 45.5333)	(20, 45.6876)	(21, 45.617200000000004)	(22, 45.1519)	(23, 44.8052)	(24, 44.7203)	(25, 44.2809)	(26, 44.4286)	(27, 45.1195)	(28, 44.9154)	(29, 45.1365)	(30, 45.0259)	(31, 44.698100000000004)	(32, 44.8241)	(33, 45.0329)	(34, 45.035599999999995)	(35, 45.0316)	(36, 45.013)	(37, 44.9063)	(38, 45.3386)	(39, 45.1654)	(40, 45.0675)	(41, 45.3362)	(42, 45.350699999999996)	(43, 45.052)	(44, 45.3007)	(45, 45.6235)	(46, 45.2127)	(47, 45.2096)	(48, 45.4483)	(49, 45.1869)	(50, 45.2235)	(51, 45.4029)	(52, 45.1865)	(53, 45.3196)	(54, 45.3614)	(55, 45.2551)	(56, 45.1894)	(57, 45.4792)	(58, 45.271)	(59, 45.2206)	(60, 45.5382)	(61, 45.285599999999995)	(62, 45.4578)	(63, 45.4833)	(64, 45.2602)	(65, 45.2534)	(66, 45.353)	(67, 45.3085)	(68, 45.6056)	(69, 45.6131)	(70, 45.2423)	(71, 45.407399999999996)	(72, 45.6095)	(73, 45.5108)	(74, 22.746199999999998)	(75, 45.6254)	(76, 45.2851)	(77, 45.494800000000005)	(78, 45.6055)	(79, 45.4683)	(80, 45.584)	(81, 45.5819)	(82, 45.2418)	(83, 45.285799999999995)	(84, 45.3679)	(85, 45.4987)	(86, 45.3544)	(87, 45.5516)	(88, 45.6408)	(89, 45.354299999999995)	(90, 45.7635)	(91, 45.3896)	(92, 45.5031)	(93, 45.5051)	(94, 45.176)	(95, 45.4679)	(96, 45.4922)	(97, 45.1808)	(98, 45.4073)	(99, 45.5327)	(100, 45.2397)	(101, 45.352399999999996)	(102, 45.5315)	(103, 45.332899999999995)	(104, 45.3996)	(105, 45.4188)	(106, 45.3409)	(107, 45.443099999999994)	(108, 45.691500000000005)	(109, 45.3465)	(110, 45.528800000000004)	(111, 45.623999999999995)	(112, 45.4701)	(113, 45.372099999999996)	(114, 45.454499999999996)	(115, 45.4327)	(116, 45.2682)	(117, 45.548)	(118, 45.3931)	(119, 45.481300000000005)	(120, 45.7843)	(121, 45.5213)	(122, 45.591100000000004)	(123, 45.684599999999996)	(124, 45.419)	(125, 45.4908)
HI_24hpi_3	(1, 57.3543)	(2, 32.6202)	(3, 45.9069)	(4, 44.9939)	(5, 42.1033)	(6, 41.7985)	(7, 41.8666)	(8, 51.556900000000006)	(9, 50.0642)	(10, 40.2297)	(11, 56.224399999999996)	(12, 49.505700000000004)	(13, 41.8658)	(14, 44.622099999999996)	(15, 46.2098)	(16, 45.9568)	(17, 45.8551)	(18, 46.1244)	(19, 46.0642)	(20, 46.0947)	(21, 46.110099999999996)	(22, 45.611000000000004)	(23, 45.2654)	(24, 45.300200000000004)	(25, 44.8349)	(26, 44.8571)	(27, 45.6675)	(28, 45.4159)	(29, 45.632400000000004)	(30, 45.5369)	(31, 45.1661)	(32, 45.3009)	(33, 45.5326)	(34, 45.6072)	(35, 45.4738)	(36, 45.4666)	(37, 45.3915)	(38, 45.813199999999995)	(39, 45.658500000000004)	(40, 45.5457)	(41, 45.7811)	(42, 45.8172)	(43, 45.486)	(44, 45.7901)	(45, 46.1821)	(46, 45.650200000000005)	(47, 45.6549)	(48, 45.9349)	(49, 45.6579)	(50, 45.657)	(51, 45.891)	(52, 45.6204)	(53, 45.731500000000004)	(54, 45.827600000000004)	(55, 45.7234)	(56, 45.5221)	(57, 45.95)	(58, 45.7266)	(59, 45.652100000000004)	(60, 45.9944)	(61, 45.745599999999996)	(62, 45.8929)	(63, 45.9125)	(64, 45.656400000000005)	(65, 45.6755)	(66, 45.7509)	(67, 45.7202)	(68, 46.0253)	(69, 46.0453)	(70, 45.6958)	(71, 45.798899999999996)	(72, 46.0736)	(73, 45.9597)	(74, 22.906399999999998)	(75, 46.043800000000005)	(76, 45.6941)	(77, 45.9073)	(78, 46.0715)	(79, 45.9184)	(80, 45.9723)	(81, 45.9767)	(82, 45.6494)	(83, 45.6635)	(84, 45.8095)	(85, 45.8771)	(86, 45.7496)	(87, 46.0031)	(88, 46.075700000000005)	(89, 45.7006)	(90, 46.2076)	(91, 45.7949)	(92, 45.8546)	(93, 45.909)	(94, 45.5466)	(95, 45.887899999999995)	(96, 45.8949)	(97, 45.5368)	(98, 45.7648)	(99, 45.891999999999996)	(100, 45.576699999999995)	(101, 45.702)	(102, 45.891999999999996)	(103, 45.6672)	(104, 45.7483)	(105, 45.7707)	(106, 45.766400000000004)	(107, 45.7706)	(108, 46.037299999999995)	(109, 45.6799)	(110, 45.8583)	(111, 45.9911)	(112, 45.7755)	(113, 45.705200000000005)	(114, 45.7739)	(115, 45.7799)	(116, 45.5775)	(117, 45.9506)	(118, 45.6868)	(119, 45.8011)	(120, 46.192)	(121, 45.8399)	(122, 45.9473)	(123, 46.0758)	(124, 45.762)	(125, 45.837)
HI_48hpi_1	(1, 56.726600000000005)	(2, 34.3867)	(3, 46.136500000000005)	(4, 45.1951)	(5, 42.0699)	(6, 41.4621)	(7, 41.3328)	(8, 51.388999999999996)	(9, 49.94)	(10, 40.0188)	(11, 55.7711)	(12, 49.2667)	(13, 41.7682)	(14, 44.4509)	(15, 45.9534)	(16, 45.7866)	(17, 45.6875)	(18, 45.902100000000004)	(19, 45.8876)	(20, 45.9891)	(21, 45.897)	(22, 45.4597)	(23, 45.203900000000004)	(24, 45.1987)	(25, 44.752900000000004)	(26, 44.939800000000005)	(27, 45.6394)	(28, 45.373799999999996)	(29, 45.5876)	(30, 45.3924)	(31, 45.118900000000004)	(32, 45.241)	(33, 45.4024)	(34, 45.4645)	(35, 45.4052)	(36, 45.382099999999994)	(37, 45.2823)	(38, 45.6673)	(39, 45.4786)	(40, 45.3107)	(41, 45.6542)	(42, 45.6618)	(43, 45.3279)	(44, 45.7164)	(45, 46.0247)	(46, 45.5527)	(47, 45.6926)	(48, 45.82)	(49, 45.5058)	(50, 45.663399999999996)	(51, 45.7556)	(52, 45.4761)	(53, 45.5711)	(54, 45.622800000000005)	(55, 45.5728)	(56, 45.522)	(57, 45.839999999999996)	(58, 45.5927)	(59, 45.609100000000005)	(60, 45.9499)	(61, 45.6206)	(62, 45.7464)	(63, 45.7419)	(64, 45.5458)	(65, 45.5631)	(66, 45.5932)	(67, 45.5543)	(68, 46.014500000000005)	(69, 45.961600000000004)	(70, 45.6047)	(71, 45.7995)	(72, 45.962199999999996)	(73, 45.7365)	(74, 45.765499999999996)	(75, 0.0)	(76, 45.5903)	(77, 45.923)	(78, 45.969)	(79, 45.886700000000005)	(80, 45.9797)	(81, 45.951)	(82, 45.591)	(83, 45.5591)	(84, 45.6333)	(85, 45.6888)	(86, 45.7663)	(87, 45.8244)	(88, 45.9402)	(89, 45.8089)	(90, 46.131699999999995)	(91, 45.7203)	(92, 45.9188)	(93, 45.8551)	(94, 45.4798)	(95, 45.8148)	(96, 45.7149)	(97, 45.441199999999995)	(98, 45.6877)	(99, 45.741)	(100, 45.5158)	(101, 45.6692)	(102, 45.8103)	(103, 45.5726)	(104, 45.732099999999996)	(105, 45.5804)	(106, 45.5444)	(107, 45.704699999999995)	(108, 45.9371)	(109, 45.6037)	(110, 45.7289)	(111, 45.9212)	(112, 45.7198)	(113, 45.7022)	(114, 45.630900000000004)	(115, 45.6224)	(116, 45.4532)	(117, 45.710899999999995)	(118, 45.5418)	(119, 45.7209)	(120, 46.0553)	(121, 45.7973)	(122, 45.9506)	(123, 45.988)	(124, 45.6513)	(125, 45.7009)
HI_48hpi_2	(1, 55.9114)	(2, 32.845)	(3, 45.5955)	(4, 44.8585)	(5, 42.1687)	(6, 41.5046)	(7, 41.4101)	(8, 51.5285)	(9, 49.9554)	(10, 40.0982)	(11, 55.901900000000005)	(12, 49.152)	(13, 41.5748)	(14, 44.2881)	(15, 45.9405)	(16, 45.6063)	(17, 45.6118)	(18, 45.8014)	(19, 45.719300000000004)	(20, 45.8141)	(21, 45.8343)	(22, 45.2964)	(23, 45.01)	(24, 45.0269)	(25, 44.5051)	(26, 44.6947)	(27, 45.4516)	(28, 45.1527)	(29, 45.3677)	(30, 45.237899999999996)	(31, 44.8087)	(32, 44.9818)	(33, 45.2129)	(34, 45.1786)	(35, 45.2042)	(36, 45.1836)	(37, 45.0614)	(38, 45.507999999999996)	(39, 45.3219)	(40, 45.1631)	(41, 45.4552)	(42, 45.528800000000004)	(43, 45.190200000000004)	(44, 45.4517)	(45, 45.8307)	(46, 45.33)	(47, 45.4156)	(48, 45.614900000000006)	(49, 45.2539)	(50, 45.3936)	(51, 45.5521)	(52, 45.2704)	(53, 45.4073)	(54, 45.4831)	(55, 45.3302)	(56, 45.2913)	(57, 45.636700000000005)	(58, 45.3812)	(59, 45.4242)	(60, 45.6667)	(61, 45.3641)	(62, 45.5703)	(63, 45.5855)	(64, 45.3374)	(65, 45.345600000000005)	(66, 45.417699999999996)	(67, 45.366099999999996)	(68, 45.726299999999995)	(69, 45.7041)	(70, 45.3401)	(71, 45.5359)	(72, 45.7437)	(73, 45.5094)	(74, 45.5242)	(75, 0.0)	(76, 45.3312)	(77, 45.5951)	(78, 45.7512)	(79, 45.618900000000004)	(80, 45.6818)	(81, 45.6856)	(82, 45.3205)	(83, 45.349000000000004)	(84, 45.4959)	(85, 45.489000000000004)	(86, 45.467200000000005)	(87, 45.647999999999996)	(88, 45.643699999999995)	(89, 45.5541)	(90, 45.8914)	(91, 45.4649)	(92, 45.602399999999996)	(93, 45.5372)	(94, 45.25)	(95, 45.542899999999996)	(96, 45.5478)	(97, 45.2173)	(98, 45.4217)	(99, 45.4876)	(100, 45.2396)	(101, 45.368700000000004)	(102, 45.5675)	(103, 45.3379)	(104, 45.433)	(105, 45.3678)	(106, 45.3459)	(107, 45.4441)	(108, 45.6969)	(109, 45.330799999999996)	(110, 45.5176)	(111, 45.6498)	(112, 45.4182)	(113, 45.4482)	(114, 45.4061)	(115, 45.342)	(116, 45.2225)	(117, 45.5193)	(118, 45.268)	(119, 45.474)	(120, 45.8337)	(121, 45.4519)	(122, 45.608900000000006)	(123, 45.6758)	(124, 45.4148)	(125, 45.4166)
HI_48hpi_3	(1, 54.0722)	(2, 33.1913)	(3, 45.590399999999995)	(4, 46.128099999999996)	(5, 43.5604)	(6, 42.7305)	(7, 42.5722)	(8, 53.3191)	(9, 50.6995)	(10, 41.0497)	(11, 57.23740000000001)	(12, 49.863099999999996)	(13, 42.1688)	(14, 45.304)	(15, 46.712199999999996)	(16, 46.4895)	(17, 46.4715)	(18, 46.4052)	(19, 46.4299)	(20, 46.562599999999996)	(21, 46.485)	(22, 46.083400000000005)	(23, 45.661699999999996)	(24, 45.7201)	(25, 45.3525)	(26, 45.5322)	(27, 46.2361)	(28, 45.866099999999996)	(29, 46.1431)	(30, 46.0274)	(31, 45.684999999999995)	(32, 45.8505)	(33, 45.9807)	(34, 46.0388)	(35, 46.0717)	(36, 45.947700000000005)	(37, 45.9493)	(38, 46.3449)	(39, 46.1728)	(40, 45.9256)	(41, 46.3731)	(42, 46.306999999999995)	(43, 45.981)	(44, 46.3244)	(45, 46.5852)	(46, 46.1854)	(47, 46.199)	(48, 46.4094)	(49, 46.1655)	(50, 46.225100000000005)	(51, 46.299600000000005)	(52, 46.176899999999996)	(53, 46.2684)	(54, 46.287299999999995)	(55, 46.2348)	(56, 46.224900000000005)	(57, 46.4985)	(58, 46.329)	(59, 46.3484)	(60, 46.5735)	(61, 46.2874)	(62, 46.5052)	(63, 46.4333)	(64, 46.3419)	(65, 46.3254)	(66, 46.4796)	(67, 46.3778)	(68, 46.7324)	(69, 46.569500000000005)	(70, 46.3556)	(71, 46.5274)	(72, 46.5393)	(73, 46.4428)	(74, 23.2543)	(75, 46.542699999999996)	(76, 46.1948)	(77, 46.5492)	(78, 46.592299999999994)	(79, 46.4585)	(80, 46.5597)	(81, 46.5253)	(82, 46.2543)	(83, 46.3096)	(84, 46.2985)	(85, 46.4935)	(86, 46.4106)	(87, 46.4395)	(88, 46.5114)	(89, 46.441500000000005)	(90, 46.7779)	(91, 46.342800000000004)	(92, 46.5252)	(93, 46.3709)	(94, 46.118900000000004)	(95, 46.4814)	(96, 46.4133)	(97, 46.1808)	(98, 46.2975)	(99, 46.4233)	(100, 46.231100000000005)	(101, 46.2785)	(102, 46.4844)	(103, 46.226099999999995)	(104, 46.375)	(105, 46.266400000000004)	(106, 46.3084)	(107, 46.4234)	(108, 46.5582)	(109, 46.2751)	(110, 46.5441)	(111, 46.5974)	(112, 46.4438)	(113, 46.3939)	(114, 46.421099999999996)	(115, 46.380700000000004)	(116, 46.2287)	(117, 46.4663)	(118, 46.3069)	(119, 46.5208)	(120, 46.6539)	(121, 46.4302)	(122, 46.6121)	(123, 46.5715)	(124, 46.337)	(125, 46.3459)
HI_6hpi_1	(1, 61.190599999999996)	(2, 34.388000000000005)	(3, 47.084199999999996)	(4, 49.7538)	(5, 45.6867)	(6, 42.0409)	(7, 41.8519)	(8, 55.2589)	(9, 50.1433)	(10, 39.8468)	(11, 54.875099999999996)	(12, 46.9272)	(13, 40.6509)	(14, 45.021499999999996)	(15, 46.7108)	(16, 46.5901)	(17, 46.5163)	(18, 46.277699999999996)	(19, 46.2154)	(20, 46.2687)	(21, 46.063500000000005)	(22, 45.8437)	(23, 45.583400000000005)	(24, 45.6171)	(25, 45.6363)	(26, 45.4843)	(27, 45.8293)	(28, 45.9178)	(29, 46.1105)	(30, 46.024300000000004)	(31, 45.575500000000005)	(32, 45.853100000000005)	(33, 45.9851)	(34, 46.092)	(35, 46.0098)	(36, 45.8844)	(37, 45.962599999999995)	(38, 46.4204)	(39, 46.0859)	(40, 46.053399999999996)	(41, 46.3761)	(42, 46.1866)	(43, 46.29)	(44, 46.2117)	(45, 46.3378)	(46, 46.3476)	(47, 46.2492)	(48, 46.394200000000005)	(49, 46.3609)	(50, 46.2492)	(51, 46.3458)	(52, 46.5086)	(53, 46.4935)	(54, 46.428799999999995)	(55, 46.3867)	(56, 46.4217)	(57, 46.336)	(58, 46.3906)	(59, 46.382400000000004)	(60, 46.3904)	(61, 46.5959)	(62, 46.6756)	(63, 46.4353)	(64, 46.6466)	(65, 46.3519)	(66, 46.6057)	(67, 46.5351)	(68, 46.686299999999996)	(69, 46.331)	(70, 46.4532)	(71, 46.5632)	(72, 46.237)	(73, 46.651900000000005)	(74, 46.5474)	(75, 46.4745)	(76, 46.2287)	(77, 46.5277)	(78, 46.4779)	(79, 46.4299)	(80, 46.5862)	(81, 46.3861)	(82, 46.571400000000004)	(83, 46.4594)	(84, 46.2967)	(85, 46.6374)	(86, 46.488600000000005)	(87, 46.455999999999996)	(88, 46.5377)	(89, 46.3923)	(90, 46.5553)	(91, 46.7934)	(92, 46.3914)	(93, 46.3324)	(94, 46.392)	(95, 46.8312)	(96, 46.6766)	(97, 46.4304)	(98, 46.6403)	(99, 46.5999)	(100, 46.5464)	(101, 46.4049)	(102, 46.628)	(103, 46.4697)	(104, 46.7287)	(105, 46.509299999999996)	(106, 46.6678)	(107, 46.5756)	(108, 46.5483)	(109, 46.563300000000005)	(110, 46.5207)	(111, 46.5426)	(112, 46.7922)	(113, 46.5267)	(114, 46.4163)	(115, 46.5317)	(116, 46.504)	(117, 46.6916)	(118, 46.6665)	(119, 46.5247)	(120, 46.6588)	(121, 46.6346)	(122, 46.5966)	(123, 46.5424)	(124, 46.6851)	(125, 46.6484)
HI_6hpi_2	(1, 61.194199999999995)	(2, 32.9452)	(3, 46.331)	(4, 49.2725)	(5, 45.2209)	(6, 41.444399999999995)	(7, 41.2536)	(8, 54.7282)	(9, 49.7294)	(10, 39.482)	(11, 54.49810000000001)	(12, 46.438)	(13, 40.207300000000004)	(14, 44.633)	(15, 46.3301)	(16, 46.2136)	(17, 46.1018)	(18, 45.8966)	(19, 45.8421)	(20, 45.844699999999996)	(21, 45.6805)	(22, 45.4606)	(23, 45.167)	(24, 45.244299999999996)	(25, 45.1913)	(26, 45.1164)	(27, 45.439099999999996)	(28, 45.4914)	(29, 45.654)	(30, 45.5674)	(31, 45.161)	(32, 45.3654)	(33, 45.5657)	(34, 45.6674)	(35, 45.6254)	(36, 45.4972)	(37, 45.4991)	(38, 45.9776)	(39, 45.6401)	(40, 45.6394)	(41, 45.8774)	(42, 45.7487)	(43, 45.8696)	(44, 45.751)	(45, 45.9116)	(46, 45.8431)	(47, 45.7781)	(48, 45.935700000000004)	(49, 45.9263)	(50, 45.779399999999995)	(51, 45.8625)	(52, 46.0255)	(53, 45.9692)	(54, 45.9053)	(55, 45.9373)	(56, 45.8822)	(57, 45.8823)	(58, 45.9279)	(59, 45.8776)	(60, 45.9498)	(61, 46.0824)	(62, 46.1333)	(63, 46.0146)	(64, 46.0687)	(65, 45.865)	(66, 46.0592)	(67, 46.013)	(68, 46.1351)	(69, 45.877)	(70, 45.9973)	(71, 46.0298)	(72, 45.793099999999995)	(73, 46.145199999999996)	(74, 45.9836)	(75, 46.0531)	(76, 45.8146)	(77, 46.056999999999995)	(78, 45.9935)	(79, 45.9586)	(80, 46.0936)	(81, 45.9623)	(82, 46.0461)	(83, 45.9031)	(84, 45.857)	(85, 46.054)	(86, 45.9508)	(87, 45.9632)	(88, 46.0735)	(89, 45.905499999999996)	(90, 46.0509)	(91, 46.2337)	(92, 45.9264)	(93, 45.812799999999996)	(94, 45.8662)	(95, 46.2271)	(96, 46.12)	(97, 45.915099999999995)	(98, 46.093)	(99, 46.07)	(100, 45.996500000000005)	(101, 45.9031)	(102, 46.0784)	(103, 46.0285)	(104, 46.136700000000005)	(105, 45.9829)	(106, 46.1266)	(107, 46.056999999999995)	(108, 46.0855)	(109, 46.0624)	(110, 46.036300000000004)	(111, 46.06)	(112, 46.2416)	(113, 45.9897)	(114, 45.9385)	(115, 46.0875)	(116, 45.9243)	(117, 46.1683)	(118, 46.1098)	(119, 46.0038)	(120, 46.1867)	(121, 46.050999999999995)	(122, 46.0792)	(123, 46.026)	(124, 46.1489)	(125, 46.0432)
HI_6hpi_3	(1, 58.0502)	(2, 30.3069)	(3, 45.6515)	(4, 44.485)	(5, 42.0239)	(6, 41.6892)	(7, 41.9782)	(8, 51.324999999999996)	(9, 49.831399999999995)	(10, 40.611999999999995)	(11, 56.5006)	(12, 49.4786)	(13, 42.078900000000004)	(14, 44.6695)	(15, 46.447)	(16, 46.0544)	(17, 46.0299)	(18, 46.330799999999996)	(19, 46.1483)	(20, 46.0268)	(21, 46.2844)	(22, 45.8156)	(23, 45.4147)	(24, 45.4185)	(25, 44.8575)	(26, 44.8275)	(27, 45.709300000000006)	(28, 45.4849)	(29, 45.6503)	(30, 45.8319)	(31, 45.1742)	(32, 45.2438)	(33, 45.7667)	(34, 45.5981)	(35, 45.4332)	(36, 45.6573)	(37, 45.3814)	(38, 45.7415)	(39, 45.835300000000004)	(40, 45.699)	(41, 45.71)	(42, 45.9632)	(43, 45.5713)	(44, 45.713300000000004)	(45, 46.1242)	(46, 45.6579)	(47, 45.5287)	(48, 46.0186)	(49, 45.7144)	(50, 45.6265)	(51, 46.075500000000005)	(52, 45.7123)	(53, 45.724399999999996)	(54, 46.0588)	(55, 45.8047)	(56, 45.5311)	(57, 45.990199999999994)	(58, 45.711600000000004)	(59, 45.6551)	(60, 46.0392)	(61, 45.8741)	(62, 45.7671)	(63, 46.0253)	(64, 45.8198)	(65, 45.7202)	(66, 45.9966)	(67, 45.798)	(68, 45.9311)	(69, 46.1306)	(70, 45.7626)	(71, 45.817099999999996)	(72, 46.158500000000004)	(73, 46.0136)	(74, 22.9342)	(75, 46.211)	(76, 45.8134)	(77, 45.8715)	(78, 46.1405)	(79, 45.9279)	(80, 45.9632)	(81, 46.2471)	(82, 45.8242)	(83, 45.7947)	(84, 45.9771)	(85, 45.957100000000004)	(86, 45.7523)	(87, 46.1678)	(88, 46.0915)	(89, 45.6476)	(90, 46.2414)	(91, 45.9521)	(92, 45.8607)	(93, 46.0729)	(94, 45.7208)	(95, 45.949400000000004)	(96, 46.0875)	(97, 45.7579)	(98, 45.880700000000004)	(99, 46.1327)	(100, 45.814)	(101, 45.7829)	(102, 46.159099999999995)	(103, 45.8718)	(104, 45.8343)	(105, 45.9878)	(106, 45.9227)	(107, 45.7812)	(108, 46.1138)	(109, 45.8423)	(110, 45.9052)	(111, 46.1513)	(112, 45.9284)	(113, 45.7898)	(114, 46.0522)	(115, 45.9474)	(116, 45.6788)	(117, 46.172000000000004)	(118, 45.812000000000005)	(119, 45.8422)	(120, 46.278000000000006)	(121, 45.969300000000004)	(122, 45.8763)	(123, 46.1487)	(124, 45.9959)	(125, 45.7887)
