Sample	0	1	2	3	4	5	6	7	8	9	10	11	12	13	14	15	16	17	18	19	20	21	22	23	24	25	26	27	28	29	30	31	32	33	34	35	36	37	38	39	40	41	42	43	44	45	46	47	48	49	50	51	52	53	54	55	56	57	58	59	60	61	62	63	64	65	66	67	68	69	70	71	72	73	74	75	76	77	78	79	80	81	82	83	84	85	86	87	88	89	90	91	92	93	94	95	96	97	98	99	100	101	102	103	104	105	106	107	108	109	110	111	112	113	114	115	116	117	118	119	120	121	122	123	124
GC_24hpi_1	(1, 32.4068)	(2, 32.4734)	(3, 32.4803)	(4, 32.49)	(5, 32.499)	(6, 36.1841)	(7, 36.2171)	(8, 36.2148)	(9, 36.2)	(10, 36.1881)	(11, 36.202)	(12, 36.1785)	(13, 36.1861)	(14, 36.1779)	(15, 36.1872)	(16, 36.1813)	(17, 36.1654)	(18, 36.1475)	(19, 36.1227)	(20, 36.1188)	(21, 36.1)	(22, 36.0648)	(23, 36.0489)	(24, 36.0389)	(25, 36.0213)	(26, 36.0086)	(27, 35.9976)	(28, 36.0116)	(29, 36.0235)	(30, 36.0349)	(31, 36.0505)	(32, 36.0689)	(33, 36.1021)	(34, 36.1577)	(35, 36.1751)	(36, 36.1683)	(37, 36.1691)	(38, 36.1637)	(39, 36.1523)	(40, 36.1323)	(41, 36.1289)	(42, 36.1448)	(43, 36.1185)	(44, 36.1133)	(45, 36.1091)	(46, 36.1116)	(47, 36.1038)	(48, 36.1031)	(49, 36.0867)	(50, 36.0854)	(51, 36.0883)	(52, 36.0805)	(53, 36.0618)	(54, 36.0517)	(55, 36.0208)	(56, 36.0096)	(57, 36.0136)	(58, 35.9943)	(59, 35.9841)	(60, 35.9803)	(61, 35.9729)	(62, 35.9816)	(63, 35.9756)	(64, 35.9468)	(65, 35.9261)	(66, 35.9069)	(67, 35.8856)	(68, 35.8868)	(69, 35.8933)	(70, 35.8826)	(71, 35.8552)	(72, 35.8422)	(73, 35.8497)	(74, 35.8408)	(75, 35.8445)	(76, 35.8153)	(77, 35.8061)	(78, 35.7906)	(79, 35.7575)	(80, 35.7371)	(81, 35.7172)	(82, 35.7095)	(83, 35.6977)	(84, 35.6721)	(85, 35.6659)	(86, 35.6458)	(87, 35.625)	(88, 35.5964)	(89, 35.5924)	(90, 35.5617)	(91, 35.5171)	(92, 35.5095)	(93, 35.4944)	(94, 35.4496)	(95, 35.415)	(96, 35.4046)	(97, 35.3771)	(98, 35.3358)	(99, 35.2971)	(100, 35.242)	(101, 35.2051)	(102, 35.1903)	(103, 35.1662)	(104, 35.1317)	(105, 35.1067)	(106, 35.0671)	(107, 35.0371)	(108, 35.0024)	(109, 34.9219)	(110, 34.897)	(111, 34.8524)	(112, 34.7921)	(113, 34.7321)	(114, 34.6362)	(115, 34.6074)	(116, 34.5555)	(117, 34.4505)	(118, 34.3478)	(119, 34.2713)	(120, 34.1697)	(121, 34.0227)	(122, 33.8684)	(123, 33.672)	(124, 33.3042)	(125, 32.8375)
GC_24hpi_2	(1, 32.3989)	(2, 32.4633)	(3, 32.4702)	(4, 32.4809)	(5, 32.4889)	(6, 36.1725)	(7, 36.2136)	(8, 36.2063)	(9, 36.192)	(10, 36.1813)	(11, 36.1947)	(12, 36.1689)	(13, 36.1732)	(14, 36.1678)	(15, 36.1765)	(16, 36.171)	(17, 36.1534)	(18, 36.1338)	(19, 36.1097)	(20, 36.1049)	(21, 36.086)	(22, 36.0526)	(23, 36.0363)	(24, 36.0246)	(25, 36.008)	(26, 35.9953)	(27, 35.9835)	(28, 35.9988)	(29, 36.008)	(30, 36.0193)	(31, 36.0356)	(32, 36.053)	(33, 36.0888)	(34, 36.1424)	(35, 36.1593)	(36, 36.1527)	(37, 36.1566)	(38, 36.1465)	(39, 36.1373)	(40, 36.114)	(41, 36.112)	(42, 36.127)	(43, 36.1038)	(44, 36.0973)	(45, 36.092)	(46, 36.0939)	(47, 36.0879)	(48, 36.0856)	(49, 36.0657)	(50, 36.0666)	(51, 36.0662)	(52, 36.0579)	(53, 36.041)	(54, 36.0303)	(55, 36.0036)	(56, 35.9906)	(57, 35.9942)	(58, 35.9725)	(59, 35.9623)	(60, 35.9579)	(61, 35.9496)	(62, 35.9577)	(63, 35.9506)	(64, 35.9201)	(65, 35.8983)	(66, 35.8769)	(67, 35.8587)	(68, 35.8584)	(69, 35.8644)	(70, 35.8531)	(71, 35.8242)	(72, 35.8096)	(73, 35.8184)	(74, 35.808)	(75, 35.8122)	(76, 35.7834)	(77, 35.7715)	(78, 35.7555)	(79, 35.7212)	(80, 35.7003)	(81, 35.6763)	(82, 35.669)	(83, 35.6549)	(84, 35.6297)	(85, 35.622)	(86, 35.5998)	(87, 35.5764)	(88, 35.5487)	(89, 35.5458)	(90, 35.5157)	(91, 35.4705)	(92, 35.4574)	(93, 35.4413)	(94, 35.3924)	(95, 35.3565)	(96, 35.3471)	(97, 35.3175)	(98, 35.2722)	(99, 35.2324)	(100, 35.1774)	(101, 35.1392)	(102, 35.1214)	(103, 35.0959)	(104, 35.061)	(105, 35.0313)	(106, 34.9878)	(107, 34.9594)	(108, 34.9224)	(109, 34.8398)	(110, 34.8103)	(111, 34.7639)	(112, 34.7003)	(113, 34.6374)	(114, 34.5375)	(115, 34.5039)	(116, 34.4517)	(117, 34.341)	(118, 34.2319)	(119, 34.1539)	(120, 34.0483)	(121, 33.8958)	(122, 33.7387)	(123, 33.5333)	(124, 33.1542)	(125, 32.6801)
GC_24hpi_3	(1, 32.3799)	(2, 32.4481)	(3, 32.4509)	(4, 32.4581)	(5, 32.4645)	(6, 36.1371)	(7, 36.1759)	(8, 36.1692)	(9, 36.154)	(10, 36.1424)	(11, 36.158)	(12, 36.1358)	(13, 36.1407)	(14, 36.1326)	(15, 36.1419)	(16, 36.1364)	(17, 36.1189)	(18, 36.1015)	(19, 36.0758)	(20, 36.0733)	(21, 36.0533)	(22, 36.0195)	(23, 36.0058)	(24, 35.9917)	(25, 35.9739)	(26, 35.9598)	(27, 35.9496)	(28, 35.964)	(29, 35.9754)	(30, 35.9855)	(31, 36.0021)	(32, 36.0203)	(33, 36.0589)	(34, 36.1164)	(35, 36.1343)	(36, 36.1282)	(37, 36.13)	(38, 36.1217)	(39, 36.1102)	(40, 36.0871)	(41, 36.0845)	(42, 36.0989)	(43, 36.0743)	(44, 36.0672)	(45, 36.0644)	(46, 36.067)	(47, 36.0601)	(48, 36.0588)	(49, 36.0388)	(50, 36.0378)	(51, 36.0439)	(52, 36.0313)	(53, 36.0123)	(54, 36.002)	(55, 35.9714)	(56, 35.963)	(57, 35.9659)	(58, 35.9438)	(59, 35.9327)	(60, 35.9275)	(61, 35.9188)	(62, 35.928)	(63, 35.9218)	(64, 35.8904)	(65, 35.869)	(66, 35.8471)	(67, 35.8266)	(68, 35.8275)	(69, 35.8339)	(70, 35.8203)	(71, 35.791)	(72, 35.7792)	(73, 35.7845)	(74, 35.7761)	(75, 35.7804)	(76, 35.7491)	(77, 35.7397)	(78, 35.7237)	(79, 35.6859)	(80, 35.6676)	(81, 35.6457)	(82, 35.6382)	(83, 35.6249)	(84, 35.5976)	(85, 35.5912)	(86, 35.5684)	(87, 35.5437)	(88, 35.5182)	(89, 35.5127)	(90, 35.4815)	(91, 35.4361)	(92, 35.4237)	(93, 35.405)	(94, 35.3558)	(95, 35.323)	(96, 35.3129)	(97, 35.282)	(98, 35.2381)	(99, 35.1968)	(100, 35.1384)	(101, 35.1017)	(102, 35.0847)	(103, 35.0574)	(104, 35.0223)	(105, 34.991)	(106, 34.9494)	(107, 34.9202)	(108, 34.8799)	(109, 34.7997)	(110, 34.7731)	(111, 34.7229)	(112, 34.6621)	(113, 34.5974)	(114, 34.4955)	(115, 34.4599)	(116, 34.4053)	(117, 34.2969)	(118, 34.1873)	(119, 34.1018)	(120, 33.9969)	(121, 33.8381)	(122, 33.6826)	(123, 33.4657)	(124, 33.0871)	(125, 32.601)
GC_48hpi_1	(1, 32.3294)	(2, 32.3945)	(3, 32.397)	(4, 32.4019)	(5, 32.4073)	(6, 36.0477)	(7, 36.1044)	(8, 36.0973)	(9, 36.0859)	(10, 36.0731)	(11, 36.0887)	(12, 36.061)	(13, 36.0639)	(14, 36.0529)	(15, 36.0589)	(16, 36.0521)	(17, 36.0337)	(18, 36.0176)	(19, 35.9938)	(20, 35.9908)	(21, 35.9728)	(22, 35.9354)	(23, 35.9149)	(24, 35.8981)	(25, 35.8765)	(26, 35.8615)	(27, 35.8515)	(28, 35.8705)	(29, 35.886)	(30, 35.8994)	(31, 35.9187)	(32, 35.9373)	(33, 35.9764)	(34, 36.0314)	(35, 36.0488)	(36, 36.0418)	(37, 36.0436)	(38, 36.0334)	(39, 36.0271)	(40, 36.0084)	(41, 36.0051)	(42, 36.0221)	(43, 35.9944)	(44, 35.9854)	(45, 35.9795)	(46, 35.9829)	(47, 35.9752)	(48, 35.9709)	(49, 35.9515)	(50, 35.9553)	(51, 35.963)	(52, 35.9536)	(53, 35.9333)	(54, 35.9187)	(55, 35.8851)	(56, 35.8708)	(57, 35.8748)	(58, 35.8523)	(59, 35.8415)	(60, 35.8366)	(61, 35.832)	(62, 35.8441)	(63, 35.8385)	(64, 35.8077)	(65, 35.7812)	(66, 35.7556)	(67, 35.7314)	(68, 35.7346)	(69, 35.7405)	(70, 35.7311)	(71, 35.7015)	(72, 35.6883)	(73, 35.6974)	(74, 35.6892)	(75, 35.6929)	(76, 35.6608)	(77, 35.6471)	(78, 35.6282)	(79, 35.5934)	(80, 35.5726)	(81, 35.5504)	(82, 35.5433)	(83, 35.5276)	(84, 35.5041)	(85, 35.4992)	(86, 35.4732)	(87, 35.4484)	(88, 35.4199)	(89, 35.4131)	(90, 35.3818)	(91, 35.3319)	(92, 35.3217)	(93, 35.3067)	(94, 35.2598)	(95, 35.2228)	(96, 35.2122)	(97, 35.1816)	(98, 35.131)	(99, 35.0892)	(100, 35.03)	(101, 34.989)	(102, 34.9718)	(103, 34.9473)	(104, 34.9113)	(105, 34.8815)	(106, 34.8459)	(107, 34.814)	(108, 34.7739)	(109, 34.6887)	(110, 34.6549)	(111, 34.6055)	(112, 34.541)	(113, 34.4726)	(114, 34.3658)	(115, 34.3326)	(116, 34.2755)	(117, 34.1606)	(118, 34.051)	(119, 33.9599)	(120, 33.8381)	(121, 33.6765)	(122, 33.502)	(123, 33.2765)	(124, 32.8788)	(125, 32.3642)
GC_48hpi_2	(1, 32.3867)	(2, 32.4529)	(3, 32.4615)	(4, 32.4713)	(5, 32.4752)	(6, 36.1431)	(7, 36.1857)	(8, 36.177)	(9, 36.1638)	(10, 36.1592)	(11, 36.1707)	(12, 36.1455)	(13, 36.1551)	(14, 36.1457)	(15, 36.1562)	(16, 36.1497)	(17, 36.1311)	(18, 36.1144)	(19, 36.0885)	(20, 36.0796)	(21, 36.0637)	(22, 36.0296)	(23, 36.0135)	(24, 35.999)	(25, 35.9816)	(26, 35.9689)	(27, 35.9579)	(28, 35.9727)	(29, 35.9865)	(30, 35.9974)	(31, 36.0163)	(32, 36.0341)	(33, 36.0704)	(34, 36.1236)	(35, 36.1401)	(36, 36.1342)	(37, 36.1377)	(38, 36.1283)	(39, 36.1212)	(40, 36.0973)	(41, 36.0967)	(42, 36.1131)	(43, 36.0862)	(44, 36.0798)	(45, 36.0744)	(46, 36.0782)	(47, 36.0693)	(48, 36.0668)	(49, 36.0463)	(50, 36.047)	(51, 36.0545)	(52, 36.0444)	(53, 36.0263)	(54, 36.0152)	(55, 35.983)	(56, 35.9715)	(57, 35.9727)	(58, 35.9512)	(59, 35.9406)	(60, 35.9366)	(61, 35.9318)	(62, 35.9405)	(63, 35.9358)	(64, 35.9072)	(65, 35.8859)	(66, 35.8584)	(67, 35.8376)	(68, 35.8386)	(69, 35.8444)	(70, 35.836)	(71, 35.8052)	(72, 35.7916)	(73, 35.8027)	(74, 35.7959)	(75, 35.7958)	(76, 35.7656)	(77, 35.7551)	(78, 35.7387)	(79, 35.7051)	(80, 35.6823)	(81, 35.663)	(82, 35.6565)	(83, 35.6401)	(84, 35.6179)	(85, 35.6126)	(86, 35.5867)	(87, 35.5641)	(88, 35.5361)	(89, 35.5303)	(90, 35.5034)	(91, 35.4551)	(92, 35.4437)	(93, 35.4332)	(94, 35.3889)	(95, 35.3504)	(96, 35.3428)	(97, 35.3143)	(98, 35.2684)	(99, 35.2301)	(100, 35.1736)	(101, 35.1367)	(102, 35.1197)	(103, 35.0956)	(104, 35.0657)	(105, 35.0321)	(106, 34.9983)	(107, 34.966)	(108, 34.9298)	(109, 34.8515)	(110, 34.8191)	(111, 34.7726)	(112, 34.7119)	(113, 34.6486)	(114, 34.5483)	(115, 34.5168)	(116, 34.4671)	(117, 34.3581)	(118, 34.2581)	(119, 34.174)	(120, 34.0613)	(121, 33.9131)	(122, 33.7529)	(123, 33.5449)	(124, 33.1716)	(125, 32.6819)
GC_48hpi_3	(1, 32.3793)	(2, 32.4363)	(3, 32.4643)	(4, 32.4773)	(5, 32.4768)	(6, 36.1554)	(7, 36.1905)	(8, 36.1789)	(9, 36.1752)	(10, 36.1725)	(11, 36.1794)	(12, 36.1651)	(13, 36.1556)	(14, 36.1619)	(15, 36.1503)	(16, 36.1316)	(17, 36.1344)	(18, 36.1206)	(19, 36.1168)	(20, 36.119)	(21, 36.121)	(22, 36.1112)	(23, 36.1031)	(24, 36.1036)	(25, 36.0919)	(26, 36.0935)	(27, 36.0902)	(28, 36.0858)	(29, 36.0769)	(30, 36.0802)	(31, 36.0712)	(32, 36.0701)	(33, 36.0705)	(34, 36.0595)	(35, 36.0583)	(36, 36.0442)	(37, 36.0507)	(38, 36.0411)	(39, 36.0302)	(40, 36.0259)	(41, 36.0164)	(42, 36.0175)	(43, 36.0051)	(44, 36.0142)	(45, 36.0074)	(46, 36.0016)	(47, 35.9934)	(48, 35.9822)	(49, 35.9793)	(50, 35.966)	(51, 35.9658)	(52, 35.9576)	(53, 35.9473)	(54, 35.9465)	(55, 35.9297)	(56, 35.9167)	(57, 35.9046)	(58, 35.8934)	(59, 35.8811)	(60, 35.8685)	(61, 35.8652)	(62, 35.8561)	(63, 35.8484)	(64, 35.8225)	(65, 35.8192)	(66, 35.8065)	(67, 35.7952)	(68, 35.7997)	(69, 35.7844)	(70, 35.7712)	(71, 35.7614)	(72, 35.7634)	(73, 35.7429)	(74, 35.7173)	(75, 35.7206)	(76, 35.6974)	(77, 35.6874)	(78, 35.6735)	(79, 35.6527)	(80, 35.6409)	(81, 35.6288)	(82, 35.6176)	(83, 35.5789)	(84, 35.578)	(85, 35.5507)	(86, 35.5253)	(87, 35.5103)	(88, 35.5094)	(89, 35.4721)	(90, 35.4509)	(91, 35.4232)	(92, 35.4085)	(93, 35.3868)	(94, 35.3576)	(95, 35.3246)	(96, 35.2928)	(97, 35.2677)	(98, 35.2358)	(99, 35.2251)	(100, 35.1829)	(101, 35.1612)	(102, 35.1358)	(103, 35.0981)	(104, 35.0308)	(105, 35.0083)	(106, 34.9949)	(107, 34.9398)	(108, 34.9062)	(109, 34.8638)	(110, 34.8185)	(111, 34.7375)	(112, 34.6835)	(113, 34.641)	(114, 34.599)	(115, 34.5368)	(116, 34.4737)	(117, 34.3966)	(118, 34.2974)	(119, 34.1921)	(120, 34.1147)	(121, 33.9747)	(122, 33.8473)	(123, 33.6254)	(124, 33.2604)	(125, 32.7895)
GC_6hpi_1	(1, 32.4325)	(2, 32.5093)	(3, 32.483)	(4, 32.5086)	(5, 32.5352)	(6, 36.2161)	(7, 36.2714)	(8, 36.2257)	(9, 36.1662)	(10, 36.2245)	(11, 36.224)	(12, 36.2295)	(13, 36.2294)	(14, 36.2418)	(15, 36.2381)	(16, 36.2214)	(17, 36.2269)	(18, 36.2206)	(19, 36.2131)	(20, 36.2081)	(21, 36.2087)	(22, 36.1044)	(23, 36.1692)	(24, 36.1914)	(25, 36.1886)	(26, 36.1941)	(27, 36.1846)	(28, 36.1767)	(29, 36.1759)	(30, 36.172)	(31, 36.1662)	(32, 36.1474)	(33, 36.1552)	(34, 36.1485)	(35, 36.1477)	(36, 36.145)	(37, 36.1461)	(38, 36.1248)	(39, 36.1261)	(40, 36.1141)	(41, 36.1153)	(42, 36.1177)	(43, 36.1107)	(44, 36.0992)	(45, 36.0869)	(46, 36.0773)	(47, 36.0691)	(48, 36.0699)	(49, 36.0584)	(50, 36.0493)	(51, 36.0414)	(52, 36.0344)	(53, 36.0232)	(54, 36.0214)	(55, 36.0032)	(56, 35.9938)	(57, 35.9818)	(58, 35.9743)	(59, 35.9652)	(60, 35.9494)	(61, 35.9468)	(62, 35.9394)	(63, 35.9298)	(64, 35.9172)	(65, 35.9035)	(66, 35.8877)	(67, 35.865)	(68, 35.8705)	(69, 35.8552)	(70, 35.8393)	(71, 35.8435)	(72, 35.832)	(73, 35.8187)	(74, 35.7941)	(75, 35.7882)	(76, 35.7707)	(77, 35.7678)	(78, 35.742)	(79, 35.7195)	(80, 35.695)	(81, 35.6788)	(82, 35.6683)	(83, 35.6568)	(84, 35.6344)	(85, 35.6146)	(86, 35.5992)	(87, 35.5689)	(88, 35.5581)	(89, 35.5547)	(90, 35.5176)	(91, 35.4674)	(92, 35.4355)	(93, 35.4245)	(94, 35.3973)	(95, 35.3738)	(96, 35.3644)	(97, 35.3428)	(98, 35.3167)	(99, 35.2757)	(100, 35.2391)	(101, 35.1984)	(102, 35.1691)	(103, 35.113)	(104, 35.0934)	(105, 35.0576)	(106, 35.0151)	(107, 34.9704)	(108, 34.9645)	(109, 34.9145)	(110, 34.8374)	(111, 34.7871)	(112, 34.7202)	(113, 34.6703)	(114, 34.4832)	(115, 34.4883)	(116, 34.4536)	(117, 34.4059)	(118, 34.329)	(119, 34.2359)	(120, 34.1317)	(121, 33.992)	(122, 33.8434)	(123, 33.637)	(124, 33.2753)	(125, 32.7785)
GC_6hpi_2	(1, 32.4568)	(2, 32.5417)	(3, 32.5313)	(4, 32.5374)	(5, 32.5614)	(6, 36.2557)	(7, 36.3019)	(8, 36.25)	(9, 36.2011)	(10, 36.2566)	(11, 36.2608)	(12, 36.2667)	(13, 36.2687)	(14, 36.2803)	(15, 36.2743)	(16, 36.2604)	(17, 36.2676)	(18, 36.2622)	(19, 36.2548)	(20, 36.2503)	(21, 36.2495)	(22, 36.1435)	(23, 36.2111)	(24, 36.2314)	(25, 36.2309)	(26, 36.2375)	(27, 36.229)	(28, 36.2207)	(29, 36.2205)	(30, 36.2183)	(31, 36.2111)	(32, 36.1948)	(33, 36.2031)	(34, 36.1974)	(35, 36.1969)	(36, 36.1942)	(37, 36.1971)	(38, 36.1753)	(39, 36.1776)	(40, 36.1675)	(41, 36.1662)	(42, 36.1695)	(43, 36.1612)	(44, 36.1509)	(45, 36.1422)	(46, 36.1341)	(47, 36.1283)	(48, 36.1287)	(49, 36.117)	(50, 36.1072)	(51, 36.1027)	(52, 36.0946)	(53, 36.0837)	(54, 36.0807)	(55, 36.0652)	(56, 36.0567)	(57, 36.0495)	(58, 36.0407)	(59, 36.0333)	(60, 36.0195)	(61, 36.016)	(62, 36.0105)	(63, 35.9983)	(64, 35.9867)	(65, 35.9723)	(66, 35.9594)	(67, 35.94)	(68, 35.9487)	(69, 35.9329)	(70, 35.9212)	(71, 35.922)	(72, 35.9107)	(73, 35.8968)	(74, 35.8769)	(75, 35.8694)	(76, 35.854)	(77, 35.8518)	(78, 35.8309)	(79, 35.8103)	(80, 35.7859)	(81, 35.7717)	(82, 35.7643)	(83, 35.7512)	(84, 35.7292)	(85, 35.7102)	(86, 35.6945)	(87, 35.6686)	(88, 35.6583)	(89, 35.6555)	(90, 35.6255)	(91, 35.5776)	(92, 35.5479)	(93, 35.5354)	(94, 35.5086)	(95, 35.4853)	(96, 35.4788)	(97, 35.4588)	(98, 35.4344)	(99, 35.3968)	(100, 35.3682)	(101, 35.3275)	(102, 35.3032)	(103, 35.2474)	(104, 35.2325)	(105, 35.1992)	(106, 35.1617)	(107, 35.1176)	(108, 35.1168)	(109, 35.0681)	(110, 34.9994)	(111, 34.9526)	(112, 34.8927)	(113, 34.8429)	(114, 34.6665)	(115, 34.6754)	(116, 34.6429)	(117, 34.5967)	(118, 34.5257)	(119, 34.4408)	(120, 34.3416)	(121, 34.2134)	(122, 34.0793)	(123, 33.8904)	(124, 33.5584)	(125, 33.0886)
GC_6hpi_3	(1, 32.4199)	(2, 32.5097)	(3, 32.4887)	(4, 32.4932)	(5, 32.5313)	(6, 36.2125)	(7, 36.2652)	(8, 36.2171)	(9, 36.1754)	(10, 36.2191)	(11, 36.2184)	(12, 36.2262)	(13, 36.2235)	(14, 36.2384)	(15, 36.2305)	(16, 36.2136)	(17, 36.2188)	(18, 36.2121)	(19, 36.2056)	(20, 36.1984)	(21, 36.2015)	(22, 36.0935)	(23, 36.163)	(24, 36.1849)	(25, 36.1832)	(26, 36.1886)	(27, 36.1775)	(28, 36.1697)	(29, 36.1693)	(30, 36.166)	(31, 36.1597)	(32, 36.1421)	(33, 36.1524)	(34, 36.1458)	(35, 36.1458)	(36, 36.1445)	(37, 36.1434)	(38, 36.1228)	(39, 36.1218)	(40, 36.1107)	(41, 36.1116)	(42, 36.1131)	(43, 36.1065)	(44, 36.0974)	(45, 36.0888)	(46, 36.0792)	(47, 36.0723)	(48, 36.073)	(49, 36.0626)	(50, 36.0524)	(51, 36.0458)	(52, 36.037)	(53, 36.0251)	(54, 36.0235)	(55, 36.0066)	(56, 36.0005)	(57, 35.9921)	(58, 35.9828)	(59, 35.9738)	(60, 35.9594)	(61, 35.9556)	(62, 35.95)	(63, 35.9369)	(64, 35.9248)	(65, 35.9114)	(66, 35.8993)	(67, 35.8765)	(68, 35.8855)	(69, 35.8711)	(70, 35.8572)	(71, 35.8581)	(72, 35.8457)	(73, 35.8293)	(74, 35.8092)	(75, 35.8029)	(76, 35.7843)	(77, 35.7851)	(78, 35.7625)	(79, 35.7406)	(80, 35.7154)	(81, 35.7024)	(82, 35.6929)	(83, 35.681)	(84, 35.6588)	(85, 35.637)	(86, 35.6222)	(87, 35.5968)	(88, 35.5862)	(89, 35.5827)	(90, 35.5493)	(91, 35.501)	(92, 35.4717)	(93, 35.4556)	(94, 35.4296)	(95, 35.4046)	(96, 35.3967)	(97, 35.3763)	(98, 35.354)	(99, 35.3144)	(100, 35.2819)	(101, 35.2432)	(102, 35.2161)	(103, 35.1586)	(104, 35.1398)	(105, 35.104)	(106, 35.0618)	(107, 35.0215)	(108, 35.0185)	(109, 34.9677)	(110, 34.8941)	(111, 34.8486)	(112, 34.7849)	(113, 34.7318)	(114, 34.5516)	(115, 34.558)	(116, 34.5237)	(117, 34.4748)	(118, 34.3991)	(119, 34.3079)	(120, 34.2039)	(121, 34.0668)	(122, 33.9278)	(123, 33.7234)	(124, 33.3732)	(125, 32.8834)
GI_24hpi_1	(1, 32.4066)	(2, 32.4718)	(3, 32.4815)	(4, 32.489)	(5, 32.4976)	(6, 36.1846)	(7, 36.2219)	(8, 36.2113)	(9, 36.2028)	(10, 36.1898)	(11, 36.2023)	(12, 36.1788)	(13, 36.1867)	(14, 36.179)	(15, 36.1888)	(16, 36.1826)	(17, 36.1659)	(18, 36.1471)	(19, 36.1236)	(20, 36.1191)	(21, 36.0982)	(22, 36.0655)	(23, 36.0525)	(24, 36.0383)	(25, 36.0219)	(26, 36.0097)	(27, 35.9978)	(28, 36.0122)	(29, 36.0214)	(30, 36.0344)	(31, 36.051)	(32, 36.0674)	(33, 36.1029)	(34, 36.157)	(35, 36.1726)	(36, 36.1678)	(37, 36.17)	(38, 36.1612)	(39, 36.15)	(40, 36.1302)	(41, 36.1259)	(42, 36.1418)	(43, 36.1176)	(44, 36.1109)	(45, 36.1081)	(46, 36.1092)	(47, 36.1027)	(48, 36.1007)	(49, 36.0826)	(50, 36.0821)	(51, 36.0853)	(52, 36.0749)	(53, 36.0596)	(54, 36.0476)	(55, 36.0178)	(56, 36.0074)	(57, 36.0109)	(58, 35.9885)	(59, 35.9807)	(60, 35.9737)	(61, 35.9699)	(62, 35.977)	(63, 35.9687)	(64, 35.9411)	(65, 35.9185)	(66, 35.8994)	(67, 35.8808)	(68, 35.882)	(69, 35.8856)	(70, 35.8743)	(71, 35.8478)	(72, 35.8341)	(73, 35.8414)	(74, 35.8308)	(75, 35.835)	(76, 35.8061)	(77, 35.7939)	(78, 35.7797)	(79, 35.7442)	(80, 35.7261)	(81, 35.703)	(82, 35.6972)	(83, 35.6798)	(84, 35.6547)	(85, 35.6474)	(86, 35.6281)	(87, 35.6038)	(88, 35.578)	(89, 35.572)	(90, 35.5408)	(91, 35.5007)	(92, 35.4846)	(93, 35.4702)	(94, 35.424)	(95, 35.3893)	(96, 35.3815)	(97, 35.3508)	(98, 35.307)	(99, 35.2672)	(100, 35.212)	(101, 35.1744)	(102, 35.1585)	(103, 35.1321)	(104, 35.1016)	(105, 35.071)	(106, 35.0297)	(107, 35.0025)	(108, 34.9642)	(109, 34.8842)	(110, 34.8568)	(111, 34.8108)	(112, 34.7495)	(113, 34.6863)	(114, 34.5885)	(115, 34.5596)	(116, 34.5054)	(117, 34.3965)	(118, 34.2942)	(119, 34.2141)	(120, 34.1138)	(121, 33.9605)	(122, 33.8098)	(123, 33.6055)	(124, 33.2376)	(125, 32.7658)
GI_24hpi_2	(1, 32.4181)	(2, 32.4811)	(3, 32.4895)	(4, 32.4995)	(5, 32.5092)	(6, 36.2017)	(7, 36.2388)	(8, 36.2311)	(9, 36.2168)	(10, 36.2063)	(11, 36.2195)	(12, 36.1935)	(13, 36.2025)	(14, 36.1954)	(15, 36.2049)	(16, 36.1987)	(17, 36.1799)	(18, 36.1645)	(19, 36.1411)	(20, 36.1362)	(21, 36.1166)	(22, 36.0839)	(23, 36.0691)	(24, 36.0586)	(25, 36.0421)	(26, 36.0283)	(27, 36.019)	(28, 36.0316)	(29, 36.043)	(30, 36.0538)	(31, 36.0689)	(32, 36.0855)	(33, 36.1195)	(34, 36.1723)	(35, 36.1874)	(36, 36.1823)	(37, 36.1851)	(38, 36.1753)	(39, 36.165)	(40, 36.1438)	(41, 36.1414)	(42, 36.1571)	(43, 36.1333)	(44, 36.1273)	(45, 36.1221)	(46, 36.1261)	(47, 36.1186)	(48, 36.1169)	(49, 36.098)	(50, 36.0966)	(51, 36.0989)	(52, 36.0911)	(53, 36.0739)	(54, 36.0646)	(55, 36.0365)	(56, 36.0251)	(57, 36.0272)	(58, 36.008)	(59, 35.9985)	(60, 35.9922)	(61, 35.9845)	(62, 35.9944)	(63, 35.9865)	(64, 35.9582)	(65, 35.937)	(66, 35.9166)	(67, 35.8958)	(68, 35.8969)	(69, 35.9034)	(70, 35.8921)	(71, 35.8644)	(72, 35.8529)	(73, 35.8606)	(74, 35.8512)	(75, 35.8522)	(76, 35.8266)	(77, 35.814)	(78, 35.8007)	(79, 35.7671)	(80, 35.7475)	(81, 35.7252)	(82, 35.7194)	(83, 35.7036)	(84, 35.6785)	(85, 35.6739)	(86, 35.6524)	(87, 35.6326)	(88, 35.6046)	(89, 35.5999)	(90, 35.5698)	(91, 35.5265)	(92, 35.5146)	(93, 35.4974)	(94, 35.4541)	(95, 35.421)	(96, 35.4083)	(97, 35.3817)	(98, 35.3389)	(99, 35.3001)	(100, 35.2463)	(101, 35.2089)	(102, 35.1927)	(103, 35.167)	(104, 35.1336)	(105, 35.1042)	(106, 35.0663)	(107, 35.0378)	(108, 35.0003)	(109, 34.9213)	(110, 34.8965)	(111, 34.8513)	(112, 34.7892)	(113, 34.7273)	(114, 34.6308)	(115, 34.6033)	(116, 34.5518)	(117, 34.4445)	(118, 34.3401)	(119, 34.2646)	(120, 34.1642)	(121, 34.0151)	(122, 33.8634)	(123, 33.6612)	(124, 33.3003)	(125, 32.8378)
GI_24hpi_3	(1, 32.3453)	(2, 32.4169)	(3, 32.4189)	(4, 32.4229)	(5, 32.4356)	(6, 36.0866)	(7, 36.1297)	(8, 36.1296)	(9, 36.1193)	(10, 36.0992)	(11, 36.1195)	(12, 36.093)	(13, 36.0985)	(14, 36.0874)	(15, 36.0988)	(16, 36.0949)	(17, 36.0774)	(18, 36.0552)	(19, 36.0321)	(20, 36.03)	(21, 36.0123)	(22, 35.9744)	(23, 35.9561)	(24, 35.9414)	(25, 35.9272)	(26, 35.9123)	(27, 35.8986)	(28, 35.9184)	(29, 35.9314)	(30, 35.9429)	(31, 35.9598)	(32, 35.9784)	(33, 36.0196)	(34, 36.0739)	(35, 36.0914)	(36, 36.0826)	(37, 36.0876)	(38, 36.0776)	(39, 36.0671)	(40, 36.0454)	(41, 36.0436)	(42, 36.0578)	(43, 36.0318)	(44, 36.0226)	(45, 36.0194)	(46, 36.0225)	(47, 36.0161)	(48, 36.011)	(49, 35.9922)	(50, 35.9936)	(51, 35.9974)	(52, 35.9852)	(53, 35.9693)	(54, 35.9583)	(55, 35.9243)	(56, 35.9107)	(57, 35.9139)	(58, 35.892)	(59, 35.8815)	(60, 35.8768)	(61, 35.8711)	(62, 35.8792)	(63, 35.8732)	(64, 35.8412)	(65, 35.8151)	(66, 35.7903)	(67, 35.7683)	(68, 35.7706)	(69, 35.7748)	(70, 35.7658)	(71, 35.7365)	(72, 35.721)	(73, 35.7302)	(74, 35.7174)	(75, 35.7212)	(76, 35.6898)	(77, 35.6766)	(78, 35.663)	(79, 35.6235)	(80, 35.6009)	(81, 35.5805)	(82, 35.5719)	(83, 35.5576)	(84, 35.5278)	(85, 35.5231)	(86, 35.4977)	(87, 35.4735)	(88, 35.4403)	(89, 35.4362)	(90, 35.4043)	(91, 35.3558)	(92, 35.3415)	(93, 35.329)	(94, 35.2784)	(95, 35.2367)	(96, 35.2295)	(97, 35.1968)	(98, 35.1458)	(99, 35.1066)	(100, 35.0453)	(101, 35.0039)	(102, 34.9853)	(103, 34.9594)	(104, 34.9248)	(105, 34.8881)	(106, 34.8497)	(107, 34.8158)	(108, 34.775)	(109, 34.6904)	(110, 34.6589)	(111, 34.6112)	(112, 34.5405)	(113, 34.4716)	(114, 34.3633)	(115, 34.3288)	(116, 34.2689)	(117, 34.1515)	(118, 34.0452)	(119, 33.9531)	(120, 33.8366)	(121, 33.6693)	(122, 33.501)	(123, 33.2775)	(124, 32.8823)	(125, 32.366)
GI_48hpi_1	(1, 32.3466)	(2, 32.4049)	(3, 32.4351)	(4, 32.4497)	(5, 32.4535)	(6, 36.1272)	(7, 36.1618)	(8, 36.1475)	(9, 36.1469)	(10, 36.1397)	(11, 36.1495)	(12, 36.1335)	(13, 36.1257)	(14, 36.133)	(15, 36.1182)	(16, 36.1027)	(17, 36.1047)	(18, 36.0914)	(19, 36.0852)	(20, 36.0871)	(21, 36.0884)	(22, 36.078)	(23, 36.0663)	(24, 36.069)	(25, 36.0565)	(26, 36.0577)	(27, 36.0552)	(28, 36.0502)	(29, 36.0433)	(30, 36.0447)	(31, 36.034)	(32, 36.035)	(33, 36.0328)	(34, 36.0216)	(35, 36.0194)	(36, 36.0047)	(37, 36.0118)	(38, 36.0038)	(39, 35.9915)	(40, 35.9877)	(41, 35.9794)	(42, 35.9797)	(43, 35.9667)	(44, 35.976)	(45, 35.9687)	(46, 35.9602)	(47, 35.9494)	(48, 35.9402)	(49, 35.9384)	(50, 35.9244)	(51, 35.9227)	(52, 35.9127)	(53, 35.9019)	(54, 35.9008)	(55, 35.8825)	(56, 35.8711)	(57, 35.8547)	(58, 35.842)	(59, 35.8303)	(60, 35.8176)	(61, 35.813)	(62, 35.8052)	(63, 35.7951)	(64, 35.766)	(65, 35.7652)	(66, 35.7516)	(67, 35.7379)	(68, 35.7445)	(69, 35.7279)	(70, 35.7111)	(71, 35.7039)	(72, 35.704)	(73, 35.6861)	(74, 35.6618)	(75, 35.665)	(76, 35.6408)	(77, 35.6288)	(78, 35.6136)	(79, 35.5942)	(80, 35.5767)	(81, 35.5664)	(82, 35.5576)	(83, 35.5155)	(84, 35.5141)	(85, 35.4864)	(86, 35.4588)	(87, 35.4393)	(88, 35.4402)	(89, 35.4012)	(90, 35.3808)	(91, 35.3525)	(92, 35.3358)	(93, 35.3132)	(94, 35.2838)	(95, 35.248)	(96, 35.2133)	(97, 35.1869)	(98, 35.1547)	(99, 35.1407)	(100, 35.0949)	(101, 35.0767)	(102, 35.0477)	(103, 35.0088)	(104, 34.9431)	(105, 34.9199)	(106, 34.9054)	(107, 34.8451)	(108, 34.8077)	(109, 34.7652)	(110, 34.7183)	(111, 34.6357)	(112, 34.5788)	(113, 34.5347)	(114, 34.4928)	(115, 34.4288)	(116, 34.3581)	(117, 34.2779)	(118, 34.1742)	(119, 34.0636)	(120, 33.979)	(121, 33.8331)	(122, 33.6993)	(123, 33.4662)	(124, 33.0881)	(125, 32.6023)
GI_48hpi_2	(1, 32.4045)	(2, 32.4609)	(3, 32.4828)	(4, 32.4965)	(5, 32.4998)	(6, 36.1929)	(7, 36.2287)	(8, 36.2142)	(9, 36.2079)	(10, 36.2036)	(11, 36.2104)	(12, 36.1958)	(13, 36.1872)	(14, 36.1919)	(15, 36.1817)	(16, 36.1644)	(17, 36.168)	(18, 36.1542)	(19, 36.1491)	(20, 36.1517)	(21, 36.1511)	(22, 36.1419)	(23, 36.133)	(24, 36.1361)	(25, 36.1237)	(26, 36.1241)	(27, 36.1198)	(28, 36.1183)	(29, 36.1095)	(30, 36.1117)	(31, 36.1017)	(32, 36.1022)	(33, 36.1028)	(34, 36.0912)	(35, 36.0879)	(36, 36.0757)	(37, 36.0815)	(38, 36.0741)	(39, 36.0626)	(40, 36.0586)	(41, 36.0483)	(42, 36.051)	(43, 36.0399)	(44, 36.0493)	(45, 36.0406)	(46, 36.0359)	(47, 36.0239)	(48, 36.0157)	(49, 36.0143)	(50, 35.9989)	(51, 35.9968)	(52, 35.9877)	(53, 35.9775)	(54, 35.9766)	(55, 35.9623)	(56, 35.9513)	(57, 35.9361)	(58, 35.9246)	(59, 35.9152)	(60, 35.9043)	(61, 35.8964)	(62, 35.8883)	(63, 35.8792)	(64, 35.8542)	(65, 35.8533)	(66, 35.8391)	(67, 35.8263)	(68, 35.8314)	(69, 35.8157)	(70, 35.8003)	(71, 35.7943)	(72, 35.7956)	(73, 35.7759)	(74, 35.7516)	(75, 35.755)	(76, 35.7309)	(77, 35.7204)	(78, 35.7062)	(79, 35.6874)	(80, 35.6725)	(81, 35.6613)	(82, 35.6504)	(83, 35.6115)	(84, 35.6101)	(85, 35.5837)	(86, 35.5585)	(87, 35.5439)	(88, 35.5453)	(89, 35.5085)	(90, 35.4894)	(91, 35.4592)	(92, 35.4458)	(93, 35.4205)	(94, 35.3909)	(95, 35.3603)	(96, 35.3251)	(97, 35.3022)	(98, 35.2711)	(99, 35.2586)	(100, 35.2186)	(101, 35.1987)	(102, 35.1702)	(103, 35.1321)	(104, 35.0665)	(105, 35.0467)	(106, 35.0298)	(107, 34.9738)	(108, 34.9422)	(109, 34.9042)	(110, 34.8575)	(111, 34.7796)	(112, 34.7256)	(113, 34.6834)	(114, 34.6448)	(115, 34.5823)	(116, 34.519)	(117, 34.4413)	(118, 34.3453)	(119, 34.2437)	(120, 34.1675)	(121, 34.0321)	(122, 33.9071)	(123, 33.6875)	(124, 33.323)	(125, 32.8599)
GI_48hpi_3	(1, 32.3984)	(2, 32.4572)	(3, 32.4811)	(4, 32.4906)	(5, 32.4968)	(6, 36.1894)	(7, 36.219)	(8, 36.203)	(9, 36.2)	(10, 36.1964)	(11, 36.2022)	(12, 36.1886)	(13, 36.1796)	(14, 36.1869)	(15, 36.174)	(16, 36.1574)	(17, 36.1606)	(18, 36.146)	(19, 36.1415)	(20, 36.1437)	(21, 36.1449)	(22, 36.1359)	(23, 36.1253)	(24, 36.1267)	(25, 36.1163)	(26, 36.117)	(27, 36.114)	(28, 36.1092)	(29, 36.1021)	(30, 36.1036)	(31, 36.0932)	(32, 36.0935)	(33, 36.0949)	(34, 36.083)	(35, 36.0836)	(36, 36.0705)	(37, 36.0763)	(38, 36.0697)	(39, 36.0575)	(40, 36.0534)	(41, 36.0436)	(42, 36.0441)	(43, 36.033)	(44, 36.0419)	(45, 36.0357)	(46, 36.0312)	(47, 36.022)	(48, 36.0125)	(49, 36.011)	(50, 35.9946)	(51, 35.9946)	(52, 35.9868)	(53, 35.9768)	(54, 35.9752)	(55, 35.9609)	(56, 35.9509)	(57, 35.9375)	(58, 35.9271)	(59, 35.9161)	(60, 35.9044)	(61, 35.8985)	(62, 35.8902)	(63, 35.881)	(64, 35.8579)	(65, 35.856)	(66, 35.842)	(67, 35.8306)	(68, 35.8362)	(69, 35.8223)	(70, 35.8067)	(71, 35.8)	(72, 35.8025)	(73, 35.7826)	(74, 35.758)	(75, 35.761)	(76, 35.74)	(77, 35.7297)	(78, 35.7184)	(79, 35.6982)	(80, 35.6831)	(81, 35.6718)	(82, 35.6637)	(83, 35.6248)	(84, 35.6235)	(85, 35.599)	(86, 35.5758)	(87, 35.5612)	(88, 35.5598)	(89, 35.5262)	(90, 35.5071)	(91, 35.4789)	(92, 35.4652)	(93, 35.4428)	(94, 35.4128)	(95, 35.3815)	(96, 35.3503)	(97, 35.3258)	(98, 35.2972)	(99, 35.2849)	(100, 35.245)	(101, 35.2262)	(102, 35.2013)	(103, 35.161)	(104, 35.0997)	(105, 35.0804)	(106, 35.0651)	(107, 35.0099)	(108, 34.9751)	(109, 34.937)	(110, 34.8941)	(111, 34.8163)	(112, 34.7655)	(113, 34.7264)	(114, 34.6873)	(115, 34.6289)	(116, 34.5681)	(117, 34.4936)	(118, 34.3971)	(119, 34.2957)	(120, 34.2231)	(121, 34.0856)	(122, 33.9632)	(123, 33.7508)	(124, 33.398)	(125, 32.9383)
GI_6hpi_1	(1, 32.4052)	(2, 32.4927)	(3, 32.4623)	(4, 32.4752)	(5, 32.5151)	(6, 36.1749)	(7, 36.2376)	(8, 36.1988)	(9, 36.1586)	(10, 36.2027)	(11, 36.1988)	(12, 36.2025)	(13, 36.1985)	(14, 36.2129)	(15, 36.206)	(16, 36.1894)	(17, 36.1974)	(18, 36.191)	(19, 36.1842)	(20, 36.1792)	(21, 36.1822)	(22, 36.0741)	(23, 36.1417)	(24, 36.1641)	(25, 36.1618)	(26, 36.1682)	(27, 36.1591)	(28, 36.1494)	(29, 36.1513)	(30, 36.1433)	(31, 36.1399)	(32, 36.1208)	(33, 36.1294)	(34, 36.1243)	(35, 36.1233)	(36, 36.1216)	(37, 36.1201)	(38, 36.0996)	(39, 36.1009)	(40, 36.0892)	(41, 36.0887)	(42, 36.0917)	(43, 36.0844)	(44, 36.0747)	(45, 36.0655)	(46, 36.056)	(47, 36.0493)	(48, 36.0491)	(49, 36.0371)	(50, 36.0283)	(51, 36.0196)	(52, 36.0117)	(53, 35.9982)	(54, 35.997)	(55, 35.9802)	(56, 35.9718)	(57, 35.9634)	(58, 35.9562)	(59, 35.9453)	(60, 35.9308)	(61, 35.9273)	(62, 35.9186)	(63, 35.9071)	(64, 35.8949)	(65, 35.8808)	(66, 35.8667)	(67, 35.8425)	(68, 35.8553)	(69, 35.8395)	(70, 35.8244)	(71, 35.8267)	(72, 35.8134)	(73, 35.7988)	(74, 35.776)	(75, 35.7696)	(76, 35.7522)	(77, 35.7523)	(78, 35.7294)	(79, 35.7041)	(80, 35.6804)	(81, 35.6657)	(82, 35.6564)	(83, 35.6447)	(84, 35.6201)	(85, 35.6007)	(86, 35.583)	(87, 35.5529)	(88, 35.5454)	(89, 35.5426)	(90, 35.5065)	(91, 35.457)	(92, 35.425)	(93, 35.4128)	(94, 35.3841)	(95, 35.3593)	(96, 35.3509)	(97, 35.3293)	(98, 35.3052)	(99, 35.2657)	(100, 35.2343)	(101, 35.1922)	(102, 35.1652)	(103, 35.1067)	(104, 35.0875)	(105, 35.0514)	(106, 35.0092)	(107, 34.9644)	(108, 34.9597)	(109, 34.911)	(110, 34.837)	(111, 34.7849)	(112, 34.7202)	(113, 34.6701)	(114, 34.4833)	(115, 34.4852)	(116, 34.4527)	(117, 34.4002)	(118, 34.3208)	(119, 34.229)	(120, 34.124)	(121, 33.9848)	(122, 33.8367)	(123, 33.631)	(124, 33.2733)	(125, 32.7732)
GI_6hpi_2	(1, 32.4544)	(2, 32.5309)	(3, 32.5167)	(4, 32.5312)	(5, 32.5516)	(6, 36.2311)	(7, 36.29)	(8, 36.248)	(9, 36.2021)	(10, 36.2506)	(11, 36.2521)	(12, 36.2551)	(13, 36.2526)	(14, 36.267)	(15, 36.2612)	(16, 36.2451)	(17, 36.2522)	(18, 36.2463)	(19, 36.239)	(20, 36.2325)	(21, 36.2354)	(22, 36.1279)	(23, 36.195)	(24, 36.2151)	(25, 36.2139)	(26, 36.2195)	(27, 36.2119)	(28, 36.203)	(29, 36.2025)	(30, 36.199)	(31, 36.1942)	(32, 36.1748)	(33, 36.1843)	(34, 36.1762)	(35, 36.1752)	(36, 36.1734)	(37, 36.174)	(38, 36.1519)	(39, 36.1546)	(40, 36.1446)	(41, 36.1449)	(42, 36.1465)	(43, 36.1412)	(44, 36.1296)	(45, 36.1195)	(46, 36.1073)	(47, 36.1005)	(48, 36.1007)	(49, 36.0883)	(50, 36.0826)	(51, 36.0763)	(52, 36.0691)	(53, 36.0569)	(54, 36.0541)	(55, 36.0364)	(56, 36.0277)	(57, 36.0191)	(58, 36.0094)	(59, 36.0023)	(60, 35.9876)	(61, 35.9846)	(62, 35.9782)	(63, 35.9671)	(64, 35.9565)	(65, 35.9416)	(66, 35.9255)	(67, 35.9071)	(68, 35.9144)	(69, 35.8973)	(70, 35.8837)	(71, 35.8873)	(72, 35.8752)	(73, 35.8606)	(74, 35.8408)	(75, 35.8325)	(76, 35.8156)	(77, 35.8134)	(78, 35.7897)	(79, 35.7685)	(80, 35.7445)	(81, 35.7322)	(82, 35.7208)	(83, 35.7093)	(84, 35.6894)	(85, 35.6682)	(86, 35.6505)	(87, 35.6227)	(88, 35.6133)	(89, 35.6095)	(90, 35.5786)	(91, 35.5278)	(92, 35.4993)	(93, 35.485)	(94, 35.4575)	(95, 35.4355)	(96, 35.4286)	(97, 35.4062)	(98, 35.3842)	(99, 35.3408)	(100, 35.3098)	(101, 35.2698)	(102, 35.2434)	(103, 35.1858)	(104, 35.1686)	(105, 35.1336)	(106, 35.0909)	(107, 35.0514)	(108, 35.0451)	(109, 34.9961)	(110, 34.9233)	(111, 34.8771)	(112, 34.8118)	(113, 34.76)	(114, 34.5784)	(115, 34.5877)	(116, 34.5529)	(117, 34.506)	(118, 34.4297)	(119, 34.3408)	(120, 34.241)	(121, 34.1105)	(122, 33.9701)	(123, 33.7688)	(124, 33.4215)	(125, 32.9392)
GI_6hpi_3	(1, 32.456)	(2, 32.5404)	(3, 32.5213)	(4, 32.5294)	(5, 32.5556)	(6, 36.2579)	(7, 36.3033)	(8, 36.2483)	(9, 36.1902)	(10, 36.2405)	(11, 36.2478)	(12, 36.2567)	(13, 36.2597)	(14, 36.2744)	(15, 36.2691)	(16, 36.2545)	(17, 36.2604)	(18, 36.2551)	(19, 36.2482)	(20, 36.2424)	(21, 36.2443)	(22, 36.1375)	(23, 36.2071)	(24, 36.2276)	(25, 36.2278)	(26, 36.232)	(27, 36.2226)	(28, 36.2149)	(29, 36.2148)	(30, 36.2105)	(31, 36.2035)	(32, 36.1855)	(33, 36.1955)	(34, 36.1899)	(35, 36.1903)	(36, 36.1886)	(37, 36.189)	(38, 36.1682)	(39, 36.1683)	(40, 36.156)	(41, 36.1568)	(42, 36.1583)	(43, 36.1521)	(44, 36.1433)	(45, 36.1318)	(46, 36.1249)	(47, 36.1175)	(48, 36.116)	(49, 36.1049)	(50, 36.0965)	(51, 36.0895)	(52, 36.0817)	(53, 36.0693)	(54, 36.0669)	(55, 36.0521)	(56, 36.0439)	(57, 36.0346)	(58, 36.0254)	(59, 36.0172)	(60, 36.0018)	(61, 35.9972)	(62, 35.992)	(63, 35.981)	(64, 35.9666)	(65, 35.9537)	(66, 35.9417)	(67, 35.9196)	(68, 35.9289)	(69, 35.9122)	(70, 35.8991)	(71, 35.9008)	(72, 35.8878)	(73, 35.8741)	(74, 35.8526)	(75, 35.8452)	(76, 35.8301)	(77, 35.8288)	(78, 35.8052)	(79, 35.7834)	(80, 35.7604)	(81, 35.7462)	(82, 35.7368)	(83, 35.7244)	(84, 35.7016)	(85, 35.6809)	(86, 35.6646)	(87, 35.637)	(88, 35.6292)	(89, 35.6243)	(90, 35.5934)	(91, 35.5442)	(92, 35.515)	(93, 35.5012)	(94, 35.4742)	(95, 35.4505)	(96, 35.44)	(97, 35.4198)	(98, 35.3974)	(99, 35.3583)	(100, 35.3256)	(101, 35.2867)	(102, 35.2576)	(103, 35.2012)	(104, 35.1839)	(105, 35.1484)	(106, 35.1057)	(107, 35.0637)	(108, 35.061)	(109, 35.0144)	(110, 34.9422)	(111, 34.893)	(112, 34.8318)	(113, 34.7826)	(114, 34.6017)	(115, 34.6077)	(116, 34.572)	(117, 34.5232)	(118, 34.4462)	(119, 34.3627)	(120, 34.2616)	(121, 34.1307)	(122, 33.9949)	(123, 33.7953)	(124, 33.4555)	(125, 32.9812)
HC_24hpi_1	(1, 32.4523)	(2, 32.5267)	(3, 32.5161)	(4, 32.5303)	(5, 32.555)	(6, 36.2332)	(7, 36.2891)	(8, 36.2529)	(9, 36.2119)	(10, 36.2557)	(11, 36.2555)	(12, 36.2583)	(13, 36.255)	(14, 36.2696)	(15, 36.2622)	(16, 36.2452)	(17, 36.2516)	(18, 36.2449)	(19, 36.2378)	(20, 36.2312)	(21, 36.2325)	(22, 36.1267)	(23, 36.1932)	(24, 36.2154)	(25, 36.2139)	(26, 36.2195)	(27, 36.2095)	(28, 36.2018)	(29, 36.2003)	(30, 36.1983)	(31, 36.1897)	(32, 36.1728)	(33, 36.1814)	(34, 36.1738)	(35, 36.1745)	(36, 36.1716)	(37, 36.174)	(38, 36.1528)	(39, 36.152)	(40, 36.1417)	(41, 36.141)	(42, 36.1436)	(43, 36.1356)	(44, 36.1263)	(45, 36.1152)	(46, 36.1051)	(47, 36.0999)	(48, 36.0993)	(49, 36.0874)	(50, 36.0814)	(51, 36.0739)	(52, 36.0657)	(53, 36.0511)	(54, 36.0503)	(55, 36.0339)	(56, 36.024)	(57, 36.0177)	(58, 36.0079)	(59, 36.0002)	(60, 35.9852)	(61, 35.9803)	(62, 35.9755)	(63, 35.9614)	(64, 35.9476)	(65, 35.9357)	(66, 35.9223)	(67, 35.8998)	(68, 35.9104)	(69, 35.8914)	(70, 35.8782)	(71, 35.8811)	(72, 35.8684)	(73, 35.8525)	(74, 35.8334)	(75, 35.822)	(76, 35.8045)	(77, 35.8038)	(78, 35.7808)	(79, 35.7591)	(80, 35.7349)	(81, 35.7229)	(82, 35.7108)	(83, 35.7012)	(84, 35.6774)	(85, 35.6556)	(86, 35.6374)	(87, 35.6104)	(88, 35.6005)	(89, 35.6002)	(90, 35.5659)	(91, 35.5154)	(92, 35.4867)	(93, 35.4721)	(94, 35.4443)	(95, 35.4233)	(96, 35.4095)	(97, 35.3891)	(98, 35.369)	(99, 35.3283)	(100, 35.2951)	(101, 35.2537)	(102, 35.2273)	(103, 35.1706)	(104, 35.1529)	(105, 35.116)	(106, 35.0726)	(107, 35.0323)	(108, 35.0284)	(109, 34.9777)	(110, 34.9051)	(111, 34.8568)	(112, 34.7925)	(113, 34.7433)	(114, 34.5622)	(115, 34.5642)	(116, 34.5343)	(117, 34.4826)	(118, 34.4044)	(119, 34.3132)	(120, 34.2106)	(121, 34.0768)	(122, 33.9372)	(123, 33.7331)	(124, 33.3879)	(125, 32.9016)
HC_24hpi_2	(1, 32.4715)	(2, 32.5519)	(3, 32.541)	(4, 32.5518)	(5, 32.5707)	(6, 36.2667)	(7, 36.3203)	(8, 36.2751)	(9, 36.2325)	(10, 36.2798)	(11, 36.282)	(12, 36.2849)	(13, 36.2832)	(14, 36.2994)	(15, 36.2926)	(16, 36.2763)	(17, 36.2845)	(18, 36.2769)	(19, 36.2703)	(20, 36.2635)	(21, 36.265)	(22, 36.158)	(23, 36.2266)	(24, 36.2486)	(25, 36.2471)	(26, 36.2509)	(27, 36.2432)	(28, 36.2334)	(29, 36.2342)	(30, 36.2322)	(31, 36.2233)	(32, 36.2048)	(33, 36.216)	(34, 36.2087)	(35, 36.2101)	(36, 36.2072)	(37, 36.2057)	(38, 36.1863)	(39, 36.1866)	(40, 36.1747)	(41, 36.1741)	(42, 36.177)	(43, 36.1709)	(44, 36.1622)	(45, 36.1522)	(46, 36.143)	(47, 36.1365)	(48, 36.1366)	(49, 36.1237)	(50, 36.1159)	(51, 36.1088)	(52, 36.1014)	(53, 36.0887)	(54, 36.0869)	(55, 36.0698)	(56, 36.0631)	(57, 36.0545)	(58, 36.0457)	(59, 36.0384)	(60, 36.023)	(61, 36.0175)	(62, 36.0121)	(63, 36.0001)	(64, 35.9855)	(65, 35.9752)	(66, 35.9611)	(67, 35.9385)	(68, 35.9472)	(69, 35.9299)	(70, 35.916)	(71, 35.9178)	(72, 35.9052)	(73, 35.8867)	(74, 35.8687)	(75, 35.8607)	(76, 35.8429)	(77, 35.8406)	(78, 35.8204)	(79, 35.7988)	(80, 35.7741)	(81, 35.7617)	(82, 35.7517)	(83, 35.7391)	(84, 35.7152)	(85, 35.6944)	(86, 35.6776)	(87, 35.6511)	(88, 35.6406)	(89, 35.6402)	(90, 35.6048)	(91, 35.5543)	(92, 35.5265)	(93, 35.509)	(94, 35.4799)	(95, 35.4591)	(96, 35.449)	(97, 35.4258)	(98, 35.4067)	(99, 35.3667)	(100, 35.3308)	(101, 35.2951)	(102, 35.2701)	(103, 35.2075)	(104, 35.1896)	(105, 35.1523)	(106, 35.11)	(107, 35.0693)	(108, 35.0644)	(109, 35.0151)	(110, 34.943)	(111, 34.8986)	(112, 34.835)	(113, 34.7848)	(114, 34.603)	(115, 34.6069)	(116, 34.5764)	(117, 34.5279)	(118, 34.4486)	(119, 34.3608)	(120, 34.2621)	(121, 34.1291)	(122, 33.994)	(123, 33.7947)	(124, 33.4562)	(125, 32.98)
HC_24hpi_3	(1, 32.4389)	(2, 32.523)	(3, 32.4937)	(4, 32.5112)	(5, 32.5452)	(6, 36.2346)	(7, 36.2882)	(8, 36.2432)	(9, 36.2018)	(10, 36.244)	(11, 36.2447)	(12, 36.2499)	(13, 36.2482)	(14, 36.2632)	(15, 36.2573)	(16, 36.2399)	(17, 36.2481)	(18, 36.2405)	(19, 36.233)	(20, 36.2283)	(21, 36.2293)	(22, 36.1239)	(23, 36.1907)	(24, 36.2122)	(25, 36.2124)	(26, 36.2185)	(27, 36.2085)	(28, 36.2005)	(29, 36.1991)	(30, 36.1963)	(31, 36.1877)	(32, 36.1705)	(33, 36.1789)	(34, 36.1731)	(35, 36.1733)	(36, 36.1711)	(37, 36.1716)	(38, 36.1487)	(39, 36.1514)	(40, 36.1376)	(41, 36.1375)	(42, 36.1396)	(43, 36.1319)	(44, 36.1232)	(45, 36.1117)	(46, 36.1024)	(47, 36.0971)	(48, 36.0972)	(49, 36.0853)	(50, 36.0764)	(51, 36.0702)	(52, 36.0608)	(53, 36.0476)	(54, 36.0468)	(55, 36.0308)	(56, 36.0229)	(57, 36.0129)	(58, 36.0055)	(59, 35.9979)	(60, 35.9811)	(61, 35.9767)	(62, 35.9698)	(63, 35.958)	(64, 35.9448)	(65, 35.9312)	(66, 35.9189)	(67, 35.8966)	(68, 35.9078)	(69, 35.8884)	(70, 35.8757)	(71, 35.8778)	(72, 35.8632)	(73, 35.8466)	(74, 35.8262)	(75, 35.8167)	(76, 35.7999)	(77, 35.7959)	(78, 35.7762)	(79, 35.7546)	(80, 35.7308)	(81, 35.7164)	(82, 35.7057)	(83, 35.6927)	(84, 35.6701)	(85, 35.6494)	(86, 35.6319)	(87, 35.6056)	(88, 35.5936)	(89, 35.5916)	(90, 35.5571)	(91, 35.5052)	(92, 35.4769)	(93, 35.4616)	(94, 35.4352)	(95, 35.4114)	(96, 35.401)	(97, 35.3784)	(98, 35.3575)	(99, 35.3171)	(100, 35.2821)	(101, 35.2451)	(102, 35.2163)	(103, 35.1538)	(104, 35.1387)	(105, 35.1006)	(106, 35.0552)	(107, 35.0147)	(108, 35.0089)	(109, 34.9561)	(110, 34.8882)	(111, 34.8376)	(112, 34.7722)	(113, 34.723)	(114, 34.5406)	(115, 34.5433)	(116, 34.5105)	(117, 34.4612)	(118, 34.3801)	(119, 34.2907)	(120, 34.1896)	(121, 34.052)	(122, 33.9125)	(123, 33.7091)	(124, 33.3641)	(125, 32.8778)
HC_48hpi_1	(1, 32.4115)	(2, 32.4899)	(3, 32.4998)	(4, 32.5159)	(5, 32.5269)	(6, 36.2323)	(7, 36.2687)	(8, 36.2501)	(9, 36.2526)	(10, 36.2457)	(11, 36.2422)	(12, 36.2315)	(13, 36.2319)	(14, 36.2321)	(15, 36.2244)	(16, 36.2179)	(17, 36.2166)	(18, 36.2052)	(19, 36.207)	(20, 36.201)	(21, 36.2016)	(22, 36.1874)	(23, 36.191)	(24, 36.1959)	(25, 36.1794)	(26, 36.1801)	(27, 36.1753)	(28, 36.1777)	(29, 36.174)	(30, 36.1718)	(31, 36.1641)	(32, 36.1653)	(33, 36.1611)	(34, 36.1493)	(35, 36.1462)	(36, 36.145)	(37, 36.1353)	(38, 36.1343)	(39, 36.1207)	(40, 36.1087)	(41, 36.1113)	(42, 36.1164)	(43, 36.103)	(44, 36.1068)	(45, 36.0987)	(46, 36.0964)	(47, 36.0926)	(48, 36.0856)	(49, 36.0773)	(50, 36.0713)	(51, 36.0574)	(52, 36.0612)	(53, 36.0533)	(54, 36.0487)	(55, 36.0356)	(56, 36.0278)	(57, 36.0209)	(58, 36.01)	(59, 36.0012)	(60, 35.9959)	(61, 35.9822)	(62, 35.9718)	(63, 35.957)	(64, 35.9526)	(65, 35.9471)	(66, 35.9362)	(67, 35.9326)	(68, 35.9207)	(69, 35.9125)	(70, 35.8915)	(71, 35.8828)	(72, 35.8687)	(73, 35.8604)	(74, 35.8638)	(75, 35.8567)	(76, 35.8353)	(77, 35.8248)	(78, 35.8077)	(79, 35.7955)	(80, 35.785)	(81, 35.7652)	(82, 35.7645)	(83, 35.7453)	(84, 35.7129)	(85, 35.693)	(86, 35.6895)	(87, 35.6874)	(88, 35.6716)	(89, 35.6371)	(90, 35.6085)	(91, 35.5913)	(92, 35.5626)	(93, 35.5302)	(94, 35.5045)	(95, 35.4921)	(96, 35.4791)	(97, 35.4512)	(98, 35.4405)	(99, 35.4229)	(100, 35.3896)	(101, 35.3426)	(102, 35.3268)	(103, 35.2795)	(104, 35.2321)	(105, 35.2048)	(106, 35.1703)	(107, 35.14)	(108, 35.1118)	(109, 35.0922)	(110, 35.0465)	(111, 34.9646)	(112, 34.9253)	(113, 34.9161)	(114, 34.8379)	(115, 34.7867)	(116, 34.7303)	(117, 34.6565)	(118, 34.5629)	(119, 34.5223)	(120, 34.4259)	(121, 34.2926)	(122, 34.1785)	(123, 33.9894)	(124, 33.6462)	(125, 33.2147)
HC_48hpi_2	(1, 32.371)	(2, 32.4368)	(3, 32.447)	(4, 32.448)	(5, 32.4567)	(6, 36.1293)	(7, 36.1712)	(8, 36.1692)	(9, 36.1581)	(10, 36.1514)	(11, 36.165)	(12, 36.1357)	(13, 36.1431)	(14, 36.1369)	(15, 36.1448)	(16, 36.1388)	(17, 36.1224)	(18, 36.1076)	(19, 36.0848)	(20, 36.08)	(21, 36.062)	(22, 36.0278)	(23, 36.011)	(24, 35.9963)	(25, 35.9775)	(26, 35.9631)	(27, 35.9552)	(28, 35.9704)	(29, 35.9831)	(30, 35.9947)	(31, 36.0121)	(32, 36.029)	(33, 36.0641)	(34, 36.1207)	(35, 36.136)	(36, 36.1273)	(37, 36.1321)	(38, 36.1232)	(39, 36.1142)	(40, 36.0934)	(41, 36.0921)	(42, 36.1082)	(43, 36.0823)	(44, 36.0768)	(45, 36.0693)	(46, 36.0741)	(47, 36.0656)	(48, 36.0652)	(49, 36.0447)	(50, 36.0481)	(51, 36.0503)	(52, 36.0451)	(53, 36.0231)	(54, 36.0125)	(55, 35.9815)	(56, 35.9734)	(57, 35.9756)	(58, 35.9534)	(59, 35.9464)	(60, 35.941)	(61, 35.9355)	(62, 35.9473)	(63, 35.9373)	(64, 35.9097)	(65, 35.8869)	(66, 35.8673)	(67, 35.8484)	(68, 35.8505)	(69, 35.8547)	(70, 35.8431)	(71, 35.8174)	(72, 35.8021)	(73, 35.8097)	(74, 35.8037)	(75, 35.8006)	(76, 35.7719)	(77, 35.7619)	(78, 35.745)	(79, 35.716)	(80, 35.6976)	(81, 35.6775)	(82, 35.6713)	(83, 35.6546)	(84, 35.6281)	(85, 35.6242)	(86, 35.6024)	(87, 35.5797)	(88, 35.5513)	(89, 35.5492)	(90, 35.5203)	(91, 35.4743)	(92, 35.4651)	(93, 35.4493)	(94, 35.4025)	(95, 35.3682)	(96, 35.3555)	(97, 35.3274)	(98, 35.2831)	(99, 35.2452)	(100, 35.1919)	(101, 35.153)	(102, 35.1387)	(103, 35.1136)	(104, 35.0793)	(105, 35.0524)	(106, 35.0163)	(107, 34.9852)	(108, 34.9501)	(109, 34.8655)	(110, 34.8378)	(111, 34.7915)	(112, 34.7264)	(113, 34.6685)	(114, 34.5687)	(115, 34.54)	(116, 34.4924)	(117, 34.3756)	(118, 34.271)	(119, 34.1925)	(120, 34.0841)	(121, 33.9348)	(122, 33.7814)	(123, 33.5713)	(124, 33.1986)	(125, 32.722)
HC_48hpi_3	(1, 32.379)	(2, 32.4442)	(3, 32.4556)	(4, 32.4632)	(5, 32.4696)	(6, 36.1404)	(7, 36.1832)	(8, 36.1786)	(9, 36.1685)	(10, 36.1531)	(11, 36.1677)	(12, 36.1423)	(13, 36.1495)	(14, 36.1453)	(15, 36.1545)	(16, 36.1496)	(17, 36.1317)	(18, 36.1119)	(19, 36.0877)	(20, 36.0812)	(21, 36.0633)	(22, 36.028)	(23, 36.0111)	(24, 35.9987)	(25, 35.981)	(26, 35.9677)	(27, 35.9572)	(28, 35.9721)	(29, 35.9848)	(30, 35.9969)	(31, 36.0146)	(32, 36.0324)	(33, 36.0666)	(34, 36.1236)	(35, 36.1398)	(36, 36.1332)	(37, 36.1374)	(38, 36.1283)	(39, 36.1194)	(40, 36.0947)	(41, 36.0922)	(42, 36.1072)	(43, 36.0823)	(44, 36.0758)	(45, 36.0703)	(46, 36.0741)	(47, 36.066)	(48, 36.0647)	(49, 36.0442)	(50, 36.0482)	(51, 36.0493)	(52, 36.0394)	(53, 36.0216)	(54, 36.0129)	(55, 35.9804)	(56, 35.9688)	(57, 35.9695)	(58, 35.949)	(59, 35.9429)	(60, 35.9363)	(61, 35.9317)	(62, 35.9402)	(63, 35.9312)	(64, 35.9017)	(65, 35.8801)	(66, 35.8597)	(67, 35.8397)	(68, 35.8386)	(69, 35.8449)	(70, 35.8352)	(71, 35.8061)	(72, 35.7915)	(73, 35.7984)	(74, 35.7931)	(75, 35.7938)	(76, 35.7621)	(77, 35.7524)	(78, 35.7378)	(79, 35.7036)	(80, 35.6841)	(81, 35.6634)	(82, 35.6558)	(83, 35.6393)	(84, 35.614)	(85, 35.6104)	(86, 35.5887)	(87, 35.5651)	(88, 35.537)	(89, 35.5326)	(90, 35.4996)	(91, 35.4539)	(92, 35.4441)	(93, 35.4289)	(94, 35.3805)	(95, 35.3463)	(96, 35.3369)	(97, 35.3063)	(98, 35.262)	(99, 35.2218)	(100, 35.1682)	(101, 35.1268)	(102, 35.1134)	(103, 35.0851)	(104, 35.0522)	(105, 35.0229)	(106, 34.9852)	(107, 34.9574)	(108, 34.9188)	(109, 34.8341)	(110, 34.8099)	(111, 34.7592)	(112, 34.6983)	(113, 34.6362)	(114, 34.5364)	(115, 34.5069)	(116, 34.454)	(117, 34.3392)	(118, 34.2329)	(119, 34.1506)	(120, 34.0458)	(121, 33.8901)	(122, 33.7342)	(123, 33.5201)	(124, 33.1403)	(125, 32.6548)
HC_6hpi_1	(1, 32.0696)	(2, 32.1942)	(3, 32.1745)	(4, 32.1902)	(5, 32.2221)	(6, 35.8142)	(7, 35.8365)	(8, 35.8782)	(9, 35.7864)	(10, 35.832)	(11, 35.8242)	(12, 35.8477)	(13, 35.8412)	(14, 35.8964)	(15, 35.9154)	(16, 35.9384)	(17, 35.9644)	(18, 35.9943)	(19, 35.9631)	(20, 35.9564)	(21, 35.9461)	(22, 35.9729)	(23, 35.9726)	(24, 36.0136)	(25, 36.0196)	(26, 36.041)	(27, 36.0435)	(28, 36.0642)	(29, 35.9659)	(30, 2.0)	(31, 26.3438)	(32, 28.0217)	(33, 34.3751)	(34, 35.2972)	(35, 35.6124)	(36, 35.7216)	(37, 35.7689)	(38, 35.7875)	(39, 35.7744)	(40, 35.7469)	(41, 35.7246)	(42, 35.6972)	(43, 35.7031)	(44, 35.6842)	(45, 35.6719)	(46, 35.6)	(47, 35.616)	(48, 35.7443)	(49, 35.6991)	(50, 35.7819)	(51, 35.7727)	(52, 35.7581)	(53, 35.8147)	(54, 35.8331)	(55, 35.8654)	(56, 35.88)	(57, 35.8362)	(58, 35.7922)	(59, 35.7941)	(60, 35.7468)	(61, 35.7395)	(62, 35.7263)	(63, 35.6837)	(64, 35.6878)	(65, 35.7026)	(66, 35.6871)	(67, 35.7269)	(68, 35.7775)	(69, 35.7441)	(70, 35.7561)	(71, 35.7121)	(72, 35.7521)	(73, 35.7394)	(74, 35.7014)	(75, 35.7143)	(76, 35.6902)	(77, 35.712)	(78, 35.716)	(79, 35.7191)	(80, 35.6567)	(81, 35.6798)	(82, 35.6516)	(83, 35.6434)	(84, 35.6471)	(85, 35.5997)	(86, 35.6238)	(87, 35.6398)	(88, 35.5888)	(89, 35.5535)	(90, 35.5218)	(91, 35.4533)	(92, 35.454)	(93, 35.4477)	(94, 35.4757)	(95, 35.4429)	(96, 35.5087)	(97, 35.5008)	(98, 35.4908)	(99, 35.4131)	(100, 35.3988)	(101, 35.4152)	(102, 35.3842)	(103, 35.3482)	(104, 35.3382)	(105, 35.3222)	(106, 35.279)	(107, 35.2708)	(108, 35.2365)	(109, 35.1645)	(110, 35.1257)	(111, 35.1104)	(112, 35.09)	(113, 35.0266)	(114, 34.9381)	(115, 34.9083)	(116, 34.8814)	(117, 34.8617)	(118, 34.786)	(119, 34.6949)	(120, 34.6259)	(121, 34.5055)	(122, 34.3906)	(123, 34.257)	(124, 33.9444)	(125, 33.5302)
HC_6hpi_2	(1, 32.1172)	(2, 32.2398)	(3, 32.2238)	(4, 32.2444)	(5, 32.2709)	(6, 35.8765)	(7, 35.9048)	(8, 35.9379)	(9, 35.8551)	(10, 35.9003)	(11, 35.8846)	(12, 35.9083)	(13, 35.9026)	(14, 35.9612)	(15, 35.9808)	(16, 36.0028)	(17, 36.029)	(18, 36.0588)	(19, 36.0284)	(20, 36.022)	(21, 36.0158)	(22, 36.0415)	(23, 36.0412)	(24, 36.0838)	(25, 36.0907)	(26, 36.1141)	(27, 36.1157)	(28, 36.1379)	(29, 36.0411)	(30, 2.0)	(31, 26.368)	(32, 28.2353)	(33, 34.4896)	(34, 35.3799)	(35, 35.682)	(36, 35.794)	(37, 35.8411)	(38, 35.8614)	(39, 35.8464)	(40, 35.8214)	(41, 35.8019)	(42, 35.7727)	(43, 35.7774)	(44, 35.7572)	(45, 35.7466)	(46, 35.6795)	(47, 35.6954)	(48, 35.8159)	(49, 35.7664)	(50, 35.8457)	(51, 35.835)	(52, 35.8207)	(53, 35.8768)	(54, 35.9042)	(55, 35.9354)	(56, 35.9557)	(57, 35.9088)	(58, 35.8682)	(59, 35.8751)	(60, 35.8223)	(61, 35.8124)	(62, 35.7995)	(63, 35.7559)	(64, 35.7595)	(65, 35.7735)	(66, 35.7616)	(67, 35.8034)	(68, 35.8559)	(69, 35.8215)	(70, 35.8387)	(71, 35.7914)	(72, 35.8343)	(73, 35.8206)	(74, 35.7835)	(75, 35.797)	(76, 35.7755)	(77, 35.7981)	(78, 35.7992)	(79, 35.805)	(80, 35.7389)	(81, 35.768)	(82, 35.7374)	(83, 35.7312)	(84, 35.7368)	(85, 35.6879)	(86, 35.7149)	(87, 35.7321)	(88, 35.681)	(89, 35.6458)	(90, 35.6159)	(91, 35.5447)	(92, 35.546)	(93, 35.5436)	(94, 35.5713)	(95, 35.5436)	(96, 35.6038)	(97, 35.6)	(98, 35.5897)	(99, 35.5153)	(100, 35.5029)	(101, 35.5194)	(102, 35.4907)	(103, 35.4549)	(104, 35.4446)	(105, 35.4271)	(106, 35.3899)	(107, 35.3843)	(108, 35.3513)	(109, 35.2815)	(110, 35.2424)	(111, 35.2325)	(112, 35.2163)	(113, 35.1529)	(114, 35.0654)	(115, 35.04)	(116, 35.0174)	(117, 34.9976)	(118, 34.9277)	(119, 34.8399)	(120, 34.7803)	(121, 34.6659)	(122, 34.5576)	(123, 34.4385)	(124, 34.1436)	(125, 33.7467)
HC_6hpi_3	(1, 32.1321)	(2, 32.2562)	(3, 32.2339)	(4, 32.2516)	(5, 32.2798)	(6, 35.8844)	(7, 35.9082)	(8, 35.9472)	(9, 35.8557)	(10, 35.9025)	(11, 35.8919)	(12, 35.9137)	(13, 35.906)	(14, 35.9612)	(15, 35.9793)	(16, 36.0034)	(17, 36.0276)	(18, 36.0563)	(19, 36.025)	(20, 36.0186)	(21, 36.0104)	(22, 36.0363)	(23, 36.0376)	(24, 36.078)	(25, 36.0821)	(26, 36.1059)	(27, 36.1074)	(28, 36.1268)	(29, 36.0325)	(30, 2.0)	(31, 26.3704)	(32, 28.3497)	(33, 34.5103)	(34, 35.3885)	(35, 35.6888)	(36, 35.7966)	(37, 35.8428)	(38, 35.8608)	(39, 35.8486)	(40, 35.8199)	(41, 35.7992)	(42, 35.7726)	(43, 35.7783)	(44, 35.7605)	(45, 35.7493)	(46, 35.681)	(47, 35.6955)	(48, 35.8184)	(49, 35.7708)	(50, 35.8491)	(51, 35.841)	(52, 35.8274)	(53, 35.8828)	(54, 35.9025)	(55, 35.935)	(56, 35.951)	(57, 35.9094)	(58, 35.8667)	(59, 35.8702)	(60, 35.8227)	(61, 35.815)	(62, 35.8002)	(63, 35.7587)	(64, 35.765)	(65, 35.7785)	(66, 35.7625)	(67, 35.8032)	(68, 35.8542)	(69, 35.8229)	(70, 35.8363)	(71, 35.7926)	(72, 35.8328)	(73, 35.8204)	(74, 35.7826)	(75, 35.7945)	(76, 35.7711)	(77, 35.7947)	(78, 35.7995)	(79, 35.8033)	(80, 35.7402)	(81, 35.7647)	(82, 35.7368)	(83, 35.7303)	(84, 35.7313)	(85, 35.686)	(86, 35.7107)	(87, 35.7297)	(88, 35.6801)	(89, 35.6447)	(90, 35.6135)	(91, 35.5468)	(92, 35.5471)	(93, 35.5428)	(94, 35.5695)	(95, 35.5405)	(96, 35.602)	(97, 35.5951)	(98, 35.5885)	(99, 35.5119)	(100, 35.4998)	(101, 35.5159)	(102, 35.4865)	(103, 35.4538)	(104, 35.4429)	(105, 35.428)	(106, 35.3855)	(107, 35.3786)	(108, 35.3476)	(109, 35.2787)	(110, 35.2387)	(111, 35.2273)	(112, 35.2143)	(113, 35.152)	(114, 35.0638)	(115, 35.036)	(116, 35.0165)	(117, 34.9986)	(118, 34.928)	(119, 34.8401)	(120, 34.7782)	(121, 34.6692)	(122, 34.5611)	(123, 34.4392)	(124, 34.1407)	(125, 33.7425)
HI_24hpi_1	(1, 32.3399)	(2, 32.4091)	(3, 32.4143)	(4, 32.4271)	(5, 32.4349)	(6, 36.0846)	(7, 36.1307)	(8, 36.1253)	(9, 36.1081)	(10, 36.0918)	(11, 36.1082)	(12, 36.0816)	(13, 36.0851)	(14, 36.077)	(15, 36.0865)	(16, 36.0791)	(17, 36.0584)	(18, 36.0379)	(19, 36.0102)	(20, 36.007)	(21, 35.9878)	(22, 35.9516)	(23, 35.9321)	(24, 35.9204)	(25, 35.9029)	(26, 35.8901)	(27, 35.8775)	(28, 35.8919)	(29, 35.9076)	(30, 35.9189)	(31, 35.9346)	(32, 35.9538)	(33, 35.9934)	(34, 36.0502)	(35, 36.0686)	(36, 36.0635)	(37, 36.0672)	(38, 36.0602)	(39, 36.0478)	(40, 36.0234)	(41, 36.0213)	(42, 36.0372)	(43, 36.0092)	(44, 36.0022)	(45, 35.9979)	(46, 36.0032)	(47, 35.9965)	(48, 35.9936)	(49, 35.9711)	(50, 35.9706)	(51, 35.9761)	(52, 35.9654)	(53, 35.9431)	(54, 35.935)	(55, 35.9016)	(56, 35.8914)	(57, 35.8929)	(58, 35.8713)	(59, 35.8608)	(60, 35.8557)	(61, 35.8455)	(62, 35.8568)	(63, 35.8533)	(64, 35.8185)	(65, 35.7955)	(66, 35.7704)	(67, 35.7502)	(68, 35.7524)	(69, 35.7574)	(70, 35.7469)	(71, 35.7157)	(72, 35.6973)	(73, 35.7047)	(74, 35.6956)	(75, 35.6963)	(76, 35.6679)	(77, 35.656)	(78, 35.641)	(79, 35.6057)	(80, 35.5807)	(81, 35.5627)	(82, 35.5495)	(83, 35.5337)	(84, 35.5077)	(85, 35.5028)	(86, 35.4741)	(87, 35.4511)	(88, 35.4212)	(89, 35.417)	(90, 35.3877)	(91, 35.3353)	(92, 35.325)	(93, 35.3076)	(94, 35.2596)	(95, 35.2199)	(96, 35.2112)	(97, 35.1799)	(98, 35.1292)	(99, 35.0915)	(100, 35.0297)	(101, 34.989)	(102, 34.9713)	(103, 34.9416)	(104, 34.9114)	(105, 34.8723)	(106, 34.8369)	(107, 34.804)	(108, 34.7632)	(109, 34.6766)	(110, 34.6479)	(111, 34.6009)	(112, 34.5292)	(113, 34.4629)	(114, 34.3577)	(115, 34.3193)	(116, 34.2637)	(117, 34.1516)	(118, 34.04)	(119, 33.9491)	(120, 33.8254)	(121, 33.657)	(122, 33.4871)	(123, 33.2634)	(124, 32.8642)	(125, 32.344)
HI_24hpi_2	(1, 32.4219)	(2, 32.4862)	(3, 32.4958)	(4, 32.5051)	(5, 32.513)	(6, 36.2099)	(7, 36.2429)	(8, 36.2338)	(9, 36.2212)	(10, 36.2093)	(11, 36.2208)	(12, 36.1996)	(13, 36.2064)	(14, 36.1972)	(15, 36.2044)	(16, 36.1983)	(17, 36.1828)	(18, 36.1659)	(19, 36.1427)	(20, 36.1389)	(21, 36.1213)	(22, 36.0892)	(23, 36.0754)	(24, 36.0624)	(25, 36.0467)	(26, 36.0311)	(27, 36.0246)	(28, 36.0363)	(29, 36.0463)	(30, 36.0569)	(31, 36.0731)	(32, 36.0886)	(33, 36.1212)	(34, 36.1727)	(35, 36.1894)	(36, 36.1843)	(37, 36.1856)	(38, 36.1784)	(39, 36.1702)	(40, 36.1484)	(41, 36.1449)	(42, 36.158)	(43, 36.1359)	(44, 36.1291)	(45, 36.1243)	(46, 36.1263)	(47, 36.1197)	(48, 36.1194)	(49, 36.1027)	(50, 36.1012)	(51, 36.105)	(52, 36.0941)	(53, 36.0771)	(54, 36.069)	(55, 36.0384)	(56, 36.0274)	(57, 36.0289)	(58, 36.01)	(59, 36.0008)	(60, 35.9959)	(61, 35.988)	(62, 35.9974)	(63, 35.9917)	(64, 35.9603)	(65, 35.9443)	(66, 35.9217)	(67, 35.9012)	(68, 35.9037)	(69, 35.909)	(70, 35.8976)	(71, 35.8726)	(72, 35.858)	(73, 35.8632)	(74, 35.855)	(75, 35.8574)	(76, 35.8286)	(77, 35.8196)	(78, 35.8028)	(79, 35.7709)	(80, 35.7515)	(81, 35.7333)	(82, 35.7248)	(83, 35.7074)	(84, 35.6855)	(85, 35.6788)	(86, 35.6572)	(87, 35.6363)	(88, 35.6108)	(89, 35.6066)	(90, 35.5755)	(91, 35.532)	(92, 35.5214)	(93, 35.5031)	(94, 35.4569)	(95, 35.4238)	(96, 35.4146)	(97, 35.3861)	(98, 35.3409)	(99, 35.3017)	(100, 35.2495)	(101, 35.2131)	(102, 35.1979)	(103, 35.1665)	(104, 35.1356)	(105, 35.1068)	(106, 35.0705)	(107, 35.0428)	(108, 35.0077)	(109, 34.9284)	(110, 34.9006)	(111, 34.8552)	(112, 34.7966)	(113, 34.7396)	(114, 34.6452)	(115, 34.6118)	(116, 34.5585)	(117, 34.4522)	(118, 34.3521)	(119, 34.2727)	(120, 34.1701)	(121, 34.02)	(122, 33.8751)	(123, 33.6696)	(124, 33.309)	(125, 32.8475)
HI_24hpi_3	(1, 32.3297)	(2, 32.3987)	(3, 32.4104)	(4, 32.4172)	(5, 32.4205)	(6, 36.0658)	(7, 36.1173)	(8, 36.1046)	(9, 36.0899)	(10, 36.082)	(11, 36.1)	(12, 36.07)	(13, 36.0795)	(14, 36.0746)	(15, 36.0849)	(16, 36.0802)	(17, 36.0605)	(18, 36.0422)	(19, 36.0178)	(20, 36.0098)	(21, 35.9896)	(22, 35.9521)	(23, 35.9349)	(24, 35.919)	(25, 35.8986)	(26, 35.8857)	(27, 35.873)	(28, 35.8944)	(29, 35.9089)	(30, 35.9201)	(31, 35.9404)	(32, 35.9573)	(33, 35.9971)	(34, 36.0547)	(35, 36.0692)	(36, 36.0577)	(37, 36.0654)	(38, 36.0561)	(39, 36.0482)	(40, 36.0242)	(41, 36.0222)	(42, 36.0409)	(43, 36.0109)	(44, 36.0036)	(45, 35.998)	(46, 35.998)	(47, 35.9899)	(48, 35.9865)	(49, 35.9654)	(50, 35.9662)	(51, 35.9708)	(52, 35.9612)	(53, 35.9403)	(54, 35.9286)	(55, 35.8968)	(56, 35.8826)	(57, 35.884)	(58, 35.861)	(59, 35.8522)	(60, 35.8462)	(61, 35.8394)	(62, 35.85)	(63, 35.8436)	(64, 35.8097)	(65, 35.7866)	(66, 35.765)	(67, 35.7389)	(68, 35.7409)	(69, 35.7456)	(70, 35.7321)	(71, 35.7028)	(72, 35.6876)	(73, 35.6955)	(74, 35.6853)	(75, 35.6876)	(76, 35.6554)	(77, 35.6418)	(78, 35.6232)	(79, 35.5867)	(80, 35.5654)	(81, 35.5454)	(82, 35.5367)	(83, 35.5191)	(84, 35.4922)	(85, 35.4857)	(86, 35.4609)	(87, 35.4359)	(88, 35.4065)	(89, 35.4003)	(90, 35.3693)	(91, 35.319)	(92, 35.3051)	(93, 35.2894)	(94, 35.2369)	(95, 35.1997)	(96, 35.1888)	(97, 35.1564)	(98, 35.1105)	(99, 35.0675)	(100, 35.0047)	(101, 34.9613)	(102, 34.9473)	(103, 34.9146)	(104, 34.8773)	(105, 34.851)	(106, 34.8056)	(107, 34.769)	(108, 34.7285)	(109, 34.6384)	(110, 34.6086)	(111, 34.5564)	(112, 34.4906)	(113, 34.4269)	(114, 34.3176)	(115, 34.2826)	(116, 34.222)	(117, 34.1039)	(118, 33.9869)	(119, 33.893)	(120, 33.7772)	(121, 33.608)	(122, 33.4389)	(123, 33.2078)	(124, 32.7973)	(125, 32.2773)
HI_48hpi_1	(1, 32.4113)	(2, 32.4909)	(3, 32.5009)	(4, 32.5146)	(5, 32.5257)	(6, 36.2306)	(7, 36.2647)	(8, 36.2448)	(9, 36.2446)	(10, 36.2362)	(11, 36.2359)	(12, 36.2259)	(13, 36.2269)	(14, 36.2251)	(15, 36.2206)	(16, 36.2141)	(17, 36.2133)	(18, 36.2009)	(19, 36.2024)	(20, 36.1982)	(21, 36.1987)	(22, 36.1875)	(23, 36.1879)	(24, 36.1922)	(25, 36.1768)	(26, 36.177)	(27, 36.1736)	(28, 36.1744)	(29, 36.172)	(30, 36.1708)	(31, 36.1638)	(32, 36.1659)	(33, 36.161)	(34, 36.145)	(35, 36.1431)	(36, 36.1432)	(37, 36.1352)	(38, 36.1358)	(39, 36.1213)	(40, 36.1083)	(41, 36.1109)	(42, 36.1153)	(43, 36.0998)	(44, 36.1063)	(45, 36.0967)	(46, 36.0957)	(47, 36.0893)	(48, 36.0841)	(49, 36.0749)	(50, 36.0679)	(51, 36.0563)	(52, 36.0601)	(53, 36.051)	(54, 36.0481)	(55, 36.0308)	(56, 36.0237)	(57, 36.0163)	(58, 36.0042)	(59, 35.9965)	(60, 35.9924)	(61, 35.9801)	(62, 35.9678)	(63, 35.9555)	(64, 35.9482)	(65, 35.946)	(66, 35.9322)	(67, 35.9244)	(68, 35.9157)	(69, 35.9081)	(70, 35.8864)	(71, 35.8795)	(72, 35.8649)	(73, 35.8557)	(74, 35.8559)	(75, 35.8497)	(76, 35.8264)	(77, 35.8161)	(78, 35.7988)	(79, 35.787)	(80, 35.7749)	(81, 35.7584)	(82, 35.7543)	(83, 35.7358)	(84, 35.705)	(85, 35.6849)	(86, 35.6794)	(87, 35.6776)	(88, 35.6598)	(89, 35.6246)	(90, 35.5953)	(91, 35.5805)	(92, 35.5504)	(93, 35.5171)	(94, 35.4908)	(95, 35.483)	(96, 35.4658)	(97, 35.4365)	(98, 35.4263)	(99, 35.4059)	(100, 35.3692)	(101, 35.3263)	(102, 35.3089)	(103, 35.262)	(104, 35.2161)	(105, 35.1868)	(106, 35.1508)	(107, 35.1228)	(108, 35.0918)	(109, 35.069)	(110, 35.0231)	(111, 34.9429)	(112, 34.9041)	(113, 34.8941)	(114, 34.8162)	(115, 34.762)	(116, 34.7064)	(117, 34.6333)	(118, 34.537)	(119, 34.4962)	(120, 34.3985)	(121, 34.2649)	(122, 34.1488)	(123, 33.9594)	(124, 33.616)	(125, 33.1884)
HI_48hpi_2	(1, 32.4071)	(2, 32.4902)	(3, 32.5004)	(4, 32.5167)	(5, 32.5247)	(6, 36.2289)	(7, 36.2621)	(8, 36.2451)	(9, 36.2438)	(10, 36.2377)	(11, 36.2369)	(12, 36.2249)	(13, 36.2239)	(14, 36.2239)	(15, 36.217)	(16, 36.2113)	(17, 36.2088)	(18, 36.1958)	(19, 36.1984)	(20, 36.1918)	(21, 36.1916)	(22, 36.18)	(23, 36.1809)	(24, 36.1859)	(25, 36.1704)	(26, 36.1692)	(27, 36.1636)	(28, 36.1649)	(29, 36.164)	(30, 36.1628)	(31, 36.1551)	(32, 36.158)	(33, 36.1506)	(34, 36.1372)	(35, 36.1341)	(36, 36.1331)	(37, 36.1245)	(38, 36.125)	(39, 36.1113)	(40, 36.0986)	(41, 36.1004)	(42, 36.1027)	(43, 36.0906)	(44, 36.0945)	(45, 36.0848)	(46, 36.083)	(47, 36.0791)	(48, 36.0701)	(49, 36.0635)	(50, 36.0537)	(51, 36.0428)	(52, 36.0461)	(53, 36.0371)	(54, 36.0334)	(55, 36.0199)	(56, 36.0103)	(57, 36.0052)	(58, 35.992)	(59, 35.9821)	(60, 35.9764)	(61, 35.9661)	(62, 35.9532)	(63, 35.9394)	(64, 35.9355)	(65, 35.9305)	(66, 35.919)	(67, 35.9105)	(68, 35.8997)	(69, 35.892)	(70, 35.8718)	(71, 35.864)	(72, 35.849)	(73, 35.8381)	(74, 35.8406)	(75, 35.834)	(76, 35.8099)	(77, 35.8004)	(78, 35.7853)	(79, 35.7716)	(80, 35.7599)	(81, 35.7408)	(82, 35.7369)	(83, 35.7194)	(84, 35.6884)	(85, 35.6682)	(86, 35.6655)	(87, 35.6623)	(88, 35.6459)	(89, 35.6072)	(90, 35.5788)	(91, 35.5646)	(92, 35.5334)	(93, 35.501)	(94, 35.4747)	(95, 35.465)	(96, 35.4513)	(97, 35.4193)	(98, 35.4086)	(99, 35.3901)	(100, 35.3541)	(101, 35.3078)	(102, 35.2899)	(103, 35.2431)	(104, 35.1959)	(105, 35.1688)	(106, 35.1344)	(107, 35.1045)	(108, 35.0735)	(109, 35.0534)	(110, 35.0066)	(111, 34.9232)	(112, 34.8855)	(113, 34.875)	(114, 34.7962)	(115, 34.7444)	(116, 34.6877)	(117, 34.6111)	(118, 34.5138)	(119, 34.4751)	(120, 34.3768)	(121, 34.2401)	(122, 34.1234)	(123, 33.9276)	(124, 33.578)	(125, 33.1353)
HI_48hpi_3	(1, 32.3051)	(2, 32.3831)	(3, 32.3984)	(4, 32.4025)	(5, 32.4132)	(6, 36.057)	(7, 36.0972)	(8, 36.0973)	(9, 36.0753)	(10, 36.0664)	(11, 36.0803)	(12, 36.0475)	(13, 36.0562)	(14, 36.0508)	(15, 36.0608)	(16, 36.0546)	(17, 36.0342)	(18, 36.0162)	(19, 35.9905)	(20, 35.9872)	(21, 35.9663)	(22, 35.9297)	(23, 35.9103)	(24, 35.8953)	(25, 35.8749)	(26, 35.861)	(27, 35.8485)	(28, 35.8685)	(29, 35.8824)	(30, 35.8981)	(31, 35.9176)	(32, 35.9356)	(33, 35.9721)	(34, 36.0311)	(35, 36.049)	(36, 36.0387)	(37, 36.0426)	(38, 36.0355)	(39, 36.027)	(40, 36.0035)	(41, 36.0048)	(42, 36.0236)	(43, 35.9956)	(44, 35.9864)	(45, 35.9802)	(46, 35.9836)	(47, 35.9736)	(48, 35.9712)	(49, 35.9504)	(50, 35.9538)	(51, 35.9592)	(52, 35.9537)	(53, 35.9338)	(54, 35.9235)	(55, 35.8869)	(56, 35.8723)	(57, 35.8757)	(58, 35.8518)	(59, 35.8424)	(60, 35.8381)	(61, 35.8317)	(62, 35.849)	(63, 35.841)	(64, 35.8091)	(65, 35.7872)	(66, 35.7613)	(67, 35.7378)	(68, 35.7384)	(69, 35.7454)	(70, 35.7335)	(71, 35.7043)	(72, 35.6889)	(73, 35.6979)	(74, 35.6933)	(75, 35.6948)	(76, 35.6627)	(77, 35.6486)	(78, 35.6331)	(79, 35.5974)	(80, 35.5752)	(81, 35.5573)	(82, 35.5507)	(83, 35.5299)	(84, 35.5072)	(85, 35.5025)	(86, 35.4805)	(87, 35.4583)	(88, 35.4263)	(89, 35.423)	(90, 35.39)	(91, 35.3381)	(92, 35.3289)	(93, 35.3127)	(94, 35.2667)	(95, 35.2293)	(96, 35.2208)	(97, 35.1879)	(98, 35.142)	(99, 35.0993)	(100, 35.0396)	(101, 34.9978)	(102, 34.9837)	(103, 34.9538)	(104, 34.9205)	(105, 34.8912)	(106, 34.8557)	(107, 34.8283)	(108, 34.7869)	(109, 34.6991)	(110, 34.6682)	(111, 34.6195)	(112, 34.5532)	(113, 34.4891)	(114, 34.3824)	(115, 34.3465)	(116, 34.2972)	(117, 34.1779)	(118, 34.0645)	(119, 33.9801)	(120, 33.8616)	(121, 33.698)	(122, 33.5288)	(123, 33.3008)	(124, 32.8988)	(125, 32.3831)
HI_6hpi_1	(1, 32.1466)	(2, 32.258)	(3, 32.2474)	(4, 32.2636)	(5, 32.2921)	(6, 35.9039)	(7, 35.9285)	(8, 35.964)	(9, 35.8777)	(10, 35.9229)	(11, 35.91)	(12, 35.9302)	(13, 35.9245)	(14, 35.9834)	(15, 36.0016)	(16, 36.0236)	(17, 36.049)	(18, 36.0778)	(19, 36.0456)	(20, 36.0421)	(21, 36.0344)	(22, 36.06)	(23, 36.0615)	(24, 36.1013)	(25, 36.107)	(26, 36.1295)	(27, 36.1316)	(28, 36.1528)	(29, 36.0592)	(30, 2.0)	(31, 26.3814)	(32, 28.3927)	(33, 34.5363)	(34, 35.4118)	(35, 35.7113)	(36, 35.817)	(37, 35.8613)	(38, 35.8806)	(39, 35.8682)	(40, 35.84)	(41, 35.8194)	(42, 35.7893)	(43, 35.797)	(44, 35.7773)	(45, 35.7658)	(46, 35.6977)	(47, 35.7125)	(48, 35.836)	(49, 35.7872)	(50, 35.8673)	(51, 35.8578)	(52, 35.8423)	(53, 35.899)	(54, 35.9239)	(55, 35.9552)	(56, 35.973)	(57, 35.9285)	(58, 35.8854)	(59, 35.8932)	(60, 35.844)	(61, 35.8362)	(62, 35.8187)	(63, 35.7808)	(64, 35.7832)	(65, 35.7973)	(66, 35.7792)	(67, 35.8195)	(68, 35.8717)	(69, 35.8381)	(70, 35.855)	(71, 35.8129)	(72, 35.8519)	(73, 35.8389)	(74, 35.8034)	(75, 35.8151)	(76, 35.7901)	(77, 35.8115)	(78, 35.8154)	(79, 35.8187)	(80, 35.755)	(81, 35.7839)	(82, 35.7515)	(83, 35.7458)	(84, 35.7515)	(85, 35.704)	(86, 35.7266)	(87, 35.745)	(88, 35.6927)	(89, 35.6606)	(90, 35.6288)	(91, 35.5591)	(92, 35.5573)	(93, 35.5551)	(94, 35.582)	(95, 35.5527)	(96, 35.614)	(97, 35.6094)	(98, 35.5994)	(99, 35.5273)	(100, 35.5148)	(101, 35.528)	(102, 35.4981)	(103, 35.4634)	(104, 35.4561)	(105, 35.4377)	(106, 35.3965)	(107, 35.392)	(108, 35.3616)	(109, 35.2915)	(110, 35.252)	(111, 35.2423)	(112, 35.222)	(113, 35.1595)	(114, 35.0736)	(115, 35.0457)	(116, 35.0284)	(117, 35.0101)	(118, 34.9404)	(119, 34.8533)	(120, 34.7899)	(121, 34.6806)	(122, 34.5721)	(123, 34.453)	(124, 34.1551)	(125, 33.7563)
HI_6hpi_2	(1, 32.1784)	(2, 32.2891)	(3, 32.2767)	(4, 32.2934)	(5, 32.3194)	(6, 35.947)	(7, 35.9721)	(8, 36.0033)	(9, 35.9201)	(10, 35.9681)	(11, 35.9516)	(12, 35.9711)	(13, 35.9643)	(14, 36.0216)	(15, 36.0395)	(16, 36.0616)	(17, 36.0861)	(18, 36.1142)	(19, 36.0857)	(20, 36.0821)	(21, 36.0736)	(22, 36.0991)	(23, 36.102)	(24, 36.1399)	(25, 36.1455)	(26, 36.1678)	(27, 36.1691)	(28, 36.1899)	(29, 36.0982)	(30, 2.0)	(31, 26.4006)	(32, 28.4436)	(33, 34.6115)	(34, 35.4684)	(35, 35.7588)	(36, 35.8636)	(37, 35.9085)	(38, 35.9261)	(39, 35.915)	(40, 35.8895)	(41, 35.868)	(42, 35.8392)	(43, 35.8453)	(44, 35.8272)	(45, 35.8186)	(46, 35.7529)	(47, 35.7673)	(48, 35.8825)	(49, 35.8349)	(50, 35.9103)	(51, 35.8995)	(52, 35.8837)	(53, 35.9395)	(54, 35.9655)	(55, 35.9979)	(56, 36.0155)	(57, 35.9727)	(58, 35.9319)	(59, 35.9379)	(60, 35.8908)	(61, 35.8803)	(62, 35.8659)	(63, 35.8262)	(64, 35.8279)	(65, 35.841)	(66, 35.8281)	(67, 35.8702)	(68, 35.9214)	(69, 35.8892)	(70, 35.9046)	(71, 35.8619)	(72, 35.901)	(73, 35.8872)	(74, 35.8513)	(75, 35.8649)	(76, 35.841)	(77, 35.8647)	(78, 35.867)	(79, 35.8706)	(80, 35.8102)	(81, 35.838)	(82, 35.8082)	(83, 35.8019)	(84, 35.8053)	(85, 35.7582)	(86, 35.7814)	(87, 35.7987)	(88, 35.7519)	(89, 35.7203)	(90, 35.6903)	(91, 35.6221)	(92, 35.6211)	(93, 35.6186)	(94, 35.6431)	(95, 35.6174)	(96, 35.6766)	(97, 35.6702)	(98, 35.6617)	(99, 35.59)	(100, 35.5813)	(101, 35.5941)	(102, 35.5652)	(103, 35.5334)	(104, 35.5237)	(105, 35.5089)	(106, 35.469)	(107, 35.4637)	(108, 35.4335)	(109, 35.3676)	(110, 35.3303)	(111, 35.3214)	(112, 35.3035)	(113, 35.2451)	(114, 35.1592)	(115, 35.1327)	(116, 35.1145)	(117, 35.1019)	(118, 35.0319)	(119, 34.9485)	(120, 34.892)	(121, 34.7862)	(122, 34.6848)	(123, 34.5717)	(124, 34.2864)	(125, 33.9049)
HI_6hpi_3	(1, 32.4237)	(2, 32.5135)	(3, 32.4911)	(4, 32.5047)	(5, 32.5318)	(6, 36.2105)	(7, 36.2663)	(8, 36.2231)	(9, 36.1753)	(10, 36.2226)	(11, 36.2268)	(12, 36.2314)	(13, 36.2298)	(14, 36.2457)	(15, 36.2367)	(16, 36.2215)	(17, 36.2269)	(18, 36.22)	(19, 36.2129)	(20, 36.2064)	(21, 36.2091)	(22, 36.1025)	(23, 36.1718)	(24, 36.1928)	(25, 36.1918)	(26, 36.1975)	(27, 36.1871)	(28, 36.1794)	(29, 36.1801)	(30, 36.1761)	(31, 36.1692)	(32, 36.1534)	(33, 36.1641)	(34, 36.155)	(35, 36.1547)	(36, 36.1536)	(37, 36.1536)	(38, 36.1325)	(39, 36.1341)	(40, 36.1228)	(41, 36.1222)	(42, 36.1272)	(43, 36.1186)	(44, 36.109)	(45, 36.0998)	(46, 36.091)	(47, 36.0854)	(48, 36.0837)	(49, 36.0728)	(50, 36.0651)	(51, 36.0607)	(52, 36.0523)	(53, 36.0408)	(54, 36.038)	(55, 36.0224)	(56, 36.0149)	(57, 36.0049)	(58, 35.9988)	(59, 35.9903)	(60, 35.975)	(61, 35.9745)	(62, 35.9662)	(63, 35.9563)	(64, 35.9431)	(65, 35.9314)	(66, 35.9187)	(67, 35.8969)	(68, 35.9067)	(69, 35.8897)	(70, 35.8763)	(71, 35.8797)	(72, 35.8675)	(73, 35.8534)	(74, 35.8349)	(75, 35.8272)	(76, 35.8097)	(77, 35.8087)	(78, 35.7874)	(79, 35.7652)	(80, 35.7417)	(81, 35.7289)	(82, 35.7209)	(83, 35.7104)	(84, 35.6904)	(85, 35.6703)	(86, 35.6546)	(87, 35.6254)	(88, 35.6162)	(89, 35.6152)	(90, 35.5814)	(91, 35.5336)	(92, 35.5066)	(93, 35.4927)	(94, 35.4674)	(95, 35.4473)	(96, 35.4408)	(97, 35.4176)	(98, 35.398)	(99, 35.3579)	(100, 35.3267)	(101, 35.2876)	(102, 35.2645)	(103, 35.2054)	(104, 35.1919)	(105, 35.159)	(106, 35.1186)	(107, 35.0755)	(108, 35.0723)	(109, 35.0243)	(110, 34.9516)	(111, 34.9064)	(112, 34.8454)	(113, 34.7983)	(114, 34.6184)	(115, 34.6252)	(116, 34.5925)	(117, 34.5486)	(118, 34.4725)	(119, 34.3865)	(120, 34.2879)	(121, 34.1526)	(122, 34.0147)	(123, 33.8195)	(124, 33.4797)	(125, 33.004)
