Sample	0	1	2	3	4	5	6	7	8	9	10	11	12	13	14	15	16	17	18	19	20	21	22	23	24	25	26	27	28	29	30	31	32	33	34	35	36	37	38	39	40	41	42	43	44	45	46	47	48	49	50	51	52	53	54	55	56	57	58	59	60	61	62	63	64	65	66	67	68	69	70	71	72	73	74	75	76	77	78	79	80	81	82	83	84	85	86	87	88	89	90	91	92	93	94	95	96	97	98	99	100	101	102	103	104	105	106	107	108	109	110	111	112	113	114	115	116	117	118	119	120	121	122	123	124
GC_24hpi_1	(1, 32.2991)	(2, 32.3674)	(3, 32.3701)	(4, 32.3804)	(5, 32.3888)	(6, 36.0396)	(7, 36.074)	(8, 36.0682)	(9, 36.0504)	(10, 36.039)	(11, 36.0536)	(12, 36.0264)	(13, 36.0345)	(14, 36.0257)	(15, 36.0356)	(16, 36.0284)	(17, 36.0119)	(18, 35.9927)	(19, 35.9669)	(20, 35.9629)	(21, 35.9433)	(22, 35.9067)	(23, 35.891)	(24, 35.8803)	(25, 35.8623)	(26, 35.8479)	(27, 35.8365)	(28, 35.8504)	(29, 35.8627)	(30, 35.8743)	(31, 35.8902)	(32, 35.9095)	(33, 35.944)	(34, 36.0011)	(35, 36.019)	(36, 36.0132)	(37, 36.0132)	(38, 36.0072)	(39, 35.9959)	(40, 35.9738)	(41, 35.9707)	(42, 35.9869)	(43, 35.9588)	(44, 35.9536)	(45, 35.9493)	(46, 35.9518)	(47, 35.9435)	(48, 35.9437)	(49, 35.9256)	(50, 35.9239)	(51, 35.9272)	(52, 35.9184)	(53, 35.8993)	(54, 35.8892)	(55, 35.8568)	(56, 35.8448)	(57, 35.8491)	(58, 35.8296)	(59, 35.8195)	(60, 35.8147)	(61, 35.8076)	(62, 35.8173)	(63, 35.8126)	(64, 35.7788)	(65, 35.7529)	(66, 35.7289)	(67, 35.7015)	(68, 35.6987)	(69, 35.7014)	(70, 35.6849)	(71, 35.6532)	(72, 35.6348)	(73, 35.6371)	(74, 35.6235)	(75, 35.6219)	(76, 35.5875)	(77, 35.5743)	(78, 35.5548)	(79, 35.5147)	(80, 35.4884)	(81, 35.4626)	(82, 35.4501)	(83, 35.4323)	(84, 35.4015)	(85, 35.3891)	(86, 35.3638)	(87, 35.3376)	(88, 35.3016)	(89, 35.2921)	(90, 35.256)	(91, 35.2041)	(92, 35.1892)	(93, 35.1675)	(94, 35.1163)	(95, 35.0744)	(96, 35.0573)	(97, 35.0229)	(98, 34.9745)	(99, 34.9292)	(100, 34.867)	(101, 34.8223)	(102, 34.8006)	(103, 34.77)	(104, 34.7278)	(105, 34.6966)	(106, 34.65)	(107, 34.6134)	(108, 34.5732)	(109, 34.4869)	(110, 34.4551)	(111, 34.4044)	(112, 34.3379)	(113, 34.2719)	(114, 34.1702)	(115, 34.1353)	(116, 34.0774)	(117, 33.9667)	(118, 33.8582)	(119, 33.7766)	(120, 33.6695)	(121, 33.5167)	(122, 33.357)	(123, 33.1545)	(124, 32.7824)	(125, 32.3135)
GC_24hpi_2	(1, 32.2869)	(2, 32.3536)	(3, 32.356)	(4, 32.3665)	(5, 32.3739)	(6, 36.0219)	(7, 36.0644)	(8, 36.0543)	(9, 36.0365)	(10, 36.0265)	(11, 36.0394)	(12, 36.0103)	(13, 36.0151)	(14, 36.0096)	(15, 36.0183)	(16, 36.0111)	(17, 35.9931)	(18, 35.9724)	(19, 35.947)	(20, 35.9417)	(21, 35.9222)	(22, 35.8882)	(23, 35.8711)	(24, 35.859)	(25, 35.842)	(26, 35.8284)	(27, 35.8161)	(28, 35.8314)	(29, 35.8401)	(30, 35.8516)	(31, 35.8686)	(32, 35.8861)	(33, 35.9231)	(34, 35.9785)	(35, 35.9957)	(36, 35.9898)	(37, 35.9925)	(38, 35.983)	(39, 35.9726)	(40, 35.949)	(41, 35.9465)	(42, 35.962)	(43, 35.9368)	(44, 35.9299)	(45, 35.9244)	(46, 35.9271)	(47, 35.9211)	(48, 35.9189)	(49, 35.8978)	(50, 35.8978)	(51, 35.8985)	(52, 35.8895)	(53, 35.8713)	(54, 35.8605)	(55, 35.8324)	(56, 35.8194)	(57, 35.8221)	(58, 35.8)	(59, 35.7897)	(60, 35.7853)	(61, 35.7773)	(62, 35.7863)	(63, 35.7811)	(64, 35.7446)	(65, 35.7175)	(66, 35.6902)	(67, 35.6659)	(68, 35.6607)	(69, 35.6614)	(70, 35.6457)	(71, 35.6119)	(72, 35.5909)	(73, 35.5942)	(74, 35.5788)	(75, 35.5768)	(76, 35.5419)	(77, 35.5258)	(78, 35.5052)	(79, 35.4646)	(80, 35.4374)	(81, 35.4075)	(82, 35.3941)	(83, 35.3739)	(84, 35.3426)	(85, 35.3286)	(86, 35.3005)	(87, 35.2708)	(88, 35.2363)	(89, 35.2274)	(90, 35.1911)	(91, 35.1385)	(92, 35.1181)	(93, 35.095)	(94, 35.0389)	(95, 34.9956)	(96, 34.9793)	(97, 34.9432)	(98, 34.8907)	(99, 34.8432)	(100, 34.7803)	(101, 34.7344)	(102, 34.7092)	(103, 34.6768)	(104, 34.6344)	(105, 34.5973)	(106, 34.5476)	(107, 34.5122)	(108, 34.4686)	(109, 34.38)	(110, 34.3433)	(111, 34.2907)	(112, 34.2203)	(113, 34.1518)	(114, 34.0458)	(115, 34.0057)	(116, 33.9482)	(117, 33.8324)	(118, 33.717)	(119, 33.6338)	(120, 33.5238)	(121, 33.3653)	(122, 33.2026)	(123, 32.9928)	(124, 32.6097)	(125, 32.1336)
GC_24hpi_3	(1, 32.2623)	(2, 32.3327)	(3, 32.3311)	(4, 32.339)	(5, 32.3444)	(6, 35.9798)	(7, 36.0193)	(8, 36.0094)	(9, 35.9907)	(10, 35.9799)	(11, 35.996)	(12, 35.9702)	(13, 35.9747)	(14, 35.9671)	(15, 35.9763)	(16, 35.9695)	(17, 35.9514)	(18, 35.9324)	(19, 35.9063)	(20, 35.9036)	(21, 35.8816)	(22, 35.8468)	(23, 35.8326)	(24, 35.8189)	(25, 35.8004)	(26, 35.785)	(27, 35.7744)	(28, 35.7884)	(29, 35.8008)	(30, 35.8103)	(31, 35.8282)	(32, 35.8465)	(33, 35.8867)	(34, 35.9454)	(35, 35.9645)	(36, 35.9587)	(37, 35.9589)	(38, 35.9508)	(39, 35.9387)	(40, 35.9143)	(41, 35.911)	(42, 35.9256)	(43, 35.8997)	(44, 35.8927)	(45, 35.8894)	(46, 35.8936)	(47, 35.885)	(48, 35.8849)	(49, 35.863)	(50, 35.8612)	(51, 35.8685)	(52, 35.8553)	(53, 35.836)	(54, 35.8257)	(55, 35.7928)	(56, 35.7835)	(57, 35.7868)	(58, 35.7634)	(59, 35.7532)	(60, 35.7468)	(61, 35.7381)	(62, 35.7486)	(63, 35.7446)	(64, 35.7066)	(65, 35.6792)	(66, 35.6528)	(67, 35.6257)	(68, 35.6215)	(69, 35.6236)	(70, 35.6045)	(71, 35.57)	(72, 35.5515)	(73, 35.5514)	(74, 35.5366)	(75, 35.5358)	(76, 35.498)	(77, 35.4841)	(78, 35.4623)	(79, 35.4181)	(80, 35.3928)	(81, 35.3645)	(82, 35.3509)	(83, 35.3313)	(84, 35.2977)	(85, 35.2849)	(86, 35.256)	(87, 35.2246)	(88, 35.1918)	(89, 35.1798)	(90, 35.1418)	(91, 35.0885)	(92, 35.0694)	(93, 35.0429)	(94, 34.9856)	(95, 34.9452)	(96, 34.9275)	(97, 34.8897)	(98, 34.8371)	(99, 34.7878)	(100, 34.7216)	(101, 34.6767)	(102, 34.6514)	(103, 34.6167)	(104, 34.5742)	(105, 34.5352)	(106, 34.4866)	(107, 34.4497)	(108, 34.4021)	(109, 34.3152)	(110, 34.2818)	(111, 34.225)	(112, 34.1569)	(113, 34.0866)	(114, 33.9782)	(115, 33.935)	(116, 33.8745)	(117, 33.7606)	(118, 33.6448)	(119, 33.5535)	(120, 33.4435)	(121, 33.2793)	(122, 33.118)	(123, 32.8963)	(124, 32.514)	(125, 32.027)
GC_48hpi_1	(1, 32.1964)	(2, 32.2639)	(3, 32.2607)	(4, 32.2649)	(5, 32.2697)	(6, 35.8686)	(7, 35.9267)	(8, 35.9167)	(9, 35.9019)	(10, 35.8899)	(11, 35.906)	(12, 35.8744)	(13, 35.8762)	(14, 35.8652)	(15, 35.8715)	(16, 35.8631)	(17, 35.8435)	(18, 35.8263)	(19, 35.8022)	(20, 35.7988)	(21, 35.7791)	(22, 35.7408)	(23, 35.7198)	(24, 35.7027)	(25, 35.6804)	(26, 35.6637)	(27, 35.6531)	(28, 35.6726)	(29, 35.6885)	(30, 35.7014)	(31, 35.7226)	(32, 35.7408)	(33, 35.7809)	(34, 35.8359)	(35, 35.8543)	(36, 35.8481)	(37, 35.8487)	(38, 35.8384)	(39, 35.8325)	(40, 35.8132)	(41, 35.8096)	(42, 35.8264)	(43, 35.7981)	(44, 35.7888)	(45, 35.782)	(46, 35.7856)	(47, 35.7779)	(48, 35.7739)	(49, 35.7535)	(50, 35.7566)	(51, 35.7666)	(52, 35.7559)	(53, 35.735)	(54, 35.7201)	(55, 35.6853)	(56, 35.6697)	(57, 35.673)	(58, 35.6502)	(59, 35.6402)	(60, 35.6345)	(61, 35.6306)	(62, 35.6434)	(63, 35.6406)	(64, 35.6037)	(65, 35.5712)	(66, 35.54)	(67, 35.5081)	(68, 35.5064)	(69, 35.5077)	(70, 35.4929)	(71, 35.4575)	(72, 35.4384)	(73, 35.441)	(74, 35.4267)	(75, 35.4244)	(76, 35.3861)	(77, 35.3671)	(78, 35.3431)	(79, 35.3011)	(80, 35.2733)	(81, 35.2443)	(82, 35.2311)	(83, 35.2076)	(84, 35.178)	(85, 35.1659)	(86, 35.1331)	(87, 35.101)	(88, 35.0645)	(89, 35.0509)	(90, 35.0116)	(91, 34.9532)	(92, 34.9343)	(93, 34.9114)	(94, 34.8568)	(95, 34.8111)	(96, 34.7918)	(97, 34.7535)	(98, 34.6942)	(99, 34.6435)	(100, 34.5752)	(101, 34.525)	(102, 34.4996)	(103, 34.4675)	(104, 34.4233)	(105, 34.3851)	(106, 34.3414)	(107, 34.3016)	(108, 34.254)	(109, 34.1618)	(110, 34.1203)	(111, 34.0633)	(112, 33.9915)	(113, 33.9167)	(114, 33.8041)	(115, 33.7635)	(116, 33.7003)	(117, 33.5794)	(118, 33.4637)	(119, 33.3673)	(120, 33.2399)	(121, 33.0736)	(122, 32.8936)	(123, 32.6635)	(124, 32.263)	(125, 31.7485)
GC_48hpi_2	(1, 32.2721)	(2, 32.3404)	(3, 32.3452)	(4, 32.3545)	(5, 32.3579)	(6, 35.9882)	(7, 36.033)	(8, 36.0211)	(9, 36.0045)	(10, 36.0006)	(11, 36.0124)	(12, 35.984)	(13, 35.9937)	(14, 35.9835)	(15, 35.9948)	(16, 35.9868)	(17, 35.9682)	(18, 35.9498)	(19, 35.923)	(20, 35.9135)	(21, 35.8963)	(22, 35.8621)	(23, 35.8458)	(24, 35.8311)	(25, 35.8128)	(26, 35.7987)	(27, 35.7871)	(28, 35.8022)	(29, 35.8163)	(30, 35.8271)	(31, 35.8473)	(32, 35.8644)	(33, 35.9021)	(34, 35.9568)	(35, 35.9741)	(36, 35.9687)	(37, 35.9711)	(38, 35.9619)	(39, 35.9543)	(40, 35.9295)	(41, 35.9291)	(42, 35.9452)	(43, 35.9173)	(44, 35.9099)	(45, 35.904)	(46, 35.9083)	(47, 35.8991)	(48, 35.897)	(49, 35.8758)	(50, 35.8759)	(51, 35.8841)	(52, 35.8733)	(53, 35.8542)	(54, 35.8423)	(55, 35.8082)	(56, 35.7966)	(57, 35.7972)	(58, 35.7753)	(59, 35.765)	(60, 35.7607)	(61, 35.7557)	(62, 35.7655)	(63, 35.7626)	(64, 35.728)	(65, 35.7016)	(66, 35.669)	(67, 35.6415)	(68, 35.6378)	(69, 35.6395)	(70, 35.6255)	(71, 35.5896)	(72, 35.5707)	(73, 35.576)	(74, 35.5647)	(75, 35.5587)	(76, 35.523)	(77, 35.508)	(78, 35.4867)	(79, 35.4463)	(80, 35.4176)	(81, 35.3918)	(82, 35.3791)	(83, 35.357)	(84, 35.3286)	(85, 35.3165)	(86, 35.2847)	(87, 35.2564)	(88, 35.2217)	(89, 35.2099)	(90, 35.1759)	(91, 35.1201)	(92, 35.1017)	(93, 35.0839)	(94, 35.0319)	(95, 34.9858)	(96, 34.9714)	(97, 34.9362)	(98, 34.8824)	(99, 34.8364)	(100, 34.7721)	(101, 34.7274)	(102, 34.7033)	(103, 34.6724)	(104, 34.6347)	(105, 34.5944)	(106, 34.5543)	(107, 34.5145)	(108, 34.4717)	(109, 34.3869)	(110, 34.3477)	(111, 34.2951)	(112, 34.2277)	(113, 34.1585)	(114, 34.0521)	(115, 34.014)	(116, 33.9586)	(117, 33.844)	(118, 33.738)	(119, 33.6483)	(120, 33.5305)	(121, 33.3765)	(122, 33.2108)	(123, 32.998)	(124, 32.6205)	(125, 32.1294)
GC_48hpi_3	(1, 32.2678)	(2, 32.3269)	(3, 32.3527)	(4, 32.3656)	(5, 32.3642)	(6, 36.0078)	(7, 36.0434)	(8, 36.0291)	(9, 36.0238)	(10, 36.0231)	(11, 36.0271)	(12, 36.0126)	(13, 36.0038)	(14, 36.0081)	(15, 35.9945)	(16, 35.9756)	(17, 35.9775)	(18, 35.9633)	(19, 35.9586)	(20, 35.9607)	(21, 35.9623)	(22, 35.9525)	(23, 35.9437)	(24, 35.9448)	(25, 35.933)	(26, 35.934)	(27, 35.93)	(28, 35.9255)	(29, 35.9163)	(30, 35.919)	(31, 35.9094)	(32, 35.9088)	(33, 35.9092)	(34, 35.8976)	(35, 35.8964)	(36, 35.8814)	(37, 35.8884)	(38, 35.8778)	(39, 35.8663)	(40, 35.862)	(41, 35.8515)	(42, 35.8533)	(43, 35.8397)	(44, 35.8489)	(45, 35.8418)	(46, 35.8358)	(47, 35.8273)	(48, 35.8154)	(49, 35.8126)	(50, 35.7986)	(51, 35.7988)	(52, 35.79)	(53, 35.7788)	(54, 35.7784)	(55, 35.7611)	(56, 35.7483)	(57, 35.7352)	(58, 35.7236)	(59, 35.7109)	(60, 35.6984)	(61, 35.6959)	(62, 35.6865)	(63, 35.6798)	(64, 35.6489)	(65, 35.6418)	(66, 35.6241)	(67, 35.6077)	(68, 35.6079)	(69, 35.5878)	(70, 35.569)	(71, 35.555)	(72, 35.5521)	(73, 35.5259)	(74, 35.4945)	(75, 35.4932)	(76, 35.4641)	(77, 35.4484)	(78, 35.4297)	(79, 35.4034)	(80, 35.3856)	(81, 35.3682)	(82, 35.3517)	(83, 35.3071)	(84, 35.3004)	(85, 35.2676)	(86, 35.2357)	(87, 35.2149)	(88, 35.2081)	(89, 35.165)	(90, 35.1375)	(91, 35.1024)	(92, 35.0812)	(93, 35.0531)	(94, 35.0162)	(95, 34.977)	(96, 34.9374)	(97, 34.9059)	(98, 34.8672)	(99, 34.8489)	(100, 34.7996)	(101, 34.7703)	(102, 34.7383)	(103, 34.693)	(104, 34.6183)	(105, 34.5898)	(106, 34.5689)	(107, 34.5072)	(108, 34.4671)	(109, 34.4185)	(110, 34.366)	(111, 34.2791)	(112, 34.2181)	(113, 34.1697)	(114, 34.1222)	(115, 34.0534)	(116, 33.9844)	(117, 33.9017)	(118, 33.7966)	(119, 33.6865)	(120, 33.6039)	(121, 33.4586)	(122, 33.3252)	(123, 33.099)	(124, 32.7304)	(125, 32.2575)
GC_6hpi_1	(1, 32.3307)	(2, 32.4112)	(3, 32.3796)	(4, 32.4053)	(5, 32.432)	(6, 36.0805)	(7, 36.1358)	(8, 36.0848)	(9, 36.0217)	(10, 36.085)	(11, 36.0811)	(12, 36.0855)	(13, 36.0863)	(14, 36.0985)	(15, 36.0937)	(16, 36.0762)	(17, 36.0819)	(18, 36.0753)	(19, 36.0675)	(20, 36.0612)	(21, 36.0623)	(22, 35.9582)	(23, 36.0224)	(24, 36.0447)	(25, 36.042)	(26, 36.0475)	(27, 36.0365)	(28, 36.0287)	(29, 36.0283)	(30, 36.0235)	(31, 36.0174)	(32, 35.9981)	(33, 36.0065)	(34, 35.9985)	(35, 35.9979)	(36, 35.9951)	(37, 35.9963)	(38, 35.9732)	(39, 35.9747)	(40, 35.962)	(41, 35.9634)	(42, 35.9652)	(43, 35.9583)	(44, 35.9465)	(45, 35.9336)	(46, 35.9246)	(47, 35.9158)	(48, 35.916)	(49, 35.9047)	(50, 35.895)	(51, 35.8861)	(52, 35.879)	(53, 35.8677)	(54, 35.8648)	(55, 35.846)	(56, 35.8369)	(57, 35.825)	(58, 35.8176)	(59, 35.8079)	(60, 35.7922)	(61, 35.7897)	(62, 35.782)	(63, 35.7737)	(64, 35.756)	(65, 35.7384)	(66, 35.7176)	(67, 35.6901)	(68, 35.6908)	(69, 35.67)	(70, 35.6496)	(71, 35.6494)	(72, 35.6331)	(73, 35.6135)	(74, 35.5838)	(75, 35.5726)	(76, 35.5494)	(77, 35.5416)	(78, 35.5103)	(79, 35.483)	(80, 35.4529)	(81, 35.4309)	(82, 35.4145)	(83, 35.3978)	(84, 35.3693)	(85, 35.3442)	(86, 35.3228)	(87, 35.2864)	(88, 35.2703)	(89, 35.2614)	(90, 35.2172)	(91, 35.1609)	(92, 35.1224)	(93, 35.1046)	(94, 35.071)	(95, 35.0409)	(96, 35.0245)	(97, 34.9973)	(98, 34.9639)	(99, 34.9163)	(100, 34.8724)	(101, 34.8246)	(102, 34.7885)	(103, 34.7256)	(104, 34.6998)	(105, 34.6575)	(106, 34.6087)	(107, 34.5571)	(108, 34.5445)	(109, 34.4883)	(110, 34.4056)	(111, 34.349)	(112, 34.2758)	(113, 34.2204)	(114, 34.0294)	(115, 34.0278)	(116, 33.9872)	(117, 33.9341)	(118, 33.8519)	(119, 33.7532)	(120, 33.6442)	(121, 33.5001)	(122, 33.3458)	(123, 33.1348)	(124, 32.77)	(125, 32.2725)
GC_6hpi_2	(1, 32.3618)	(2, 32.45)	(3, 32.4356)	(4, 32.4411)	(5, 32.4657)	(6, 36.1282)	(7, 36.1753)	(8, 36.1189)	(9, 36.0664)	(10, 36.1259)	(11, 36.1271)	(12, 36.1322)	(13, 36.1352)	(14, 36.1463)	(15, 36.1391)	(16, 36.1247)	(17, 36.1321)	(18, 36.1265)	(19, 36.1179)	(20, 36.1129)	(21, 36.1126)	(22, 36.0069)	(23, 36.074)	(24, 36.0946)	(25, 36.0936)	(26, 36.1005)	(27, 36.0908)	(28, 36.0821)	(29, 36.0822)	(30, 36.0791)	(31, 36.0715)	(32, 36.0554)	(33, 36.064)	(34, 36.0571)	(35, 36.0569)	(36, 36.0533)	(37, 36.0565)	(38, 36.0334)	(39, 36.0361)	(40, 36.0253)	(41, 36.024)	(42, 36.0272)	(43, 36.0191)	(44, 36.0079)	(45, 35.9992)	(46, 35.9907)	(47, 35.9849)	(48, 35.9856)	(49, 35.9732)	(50, 35.9628)	(51, 35.9576)	(52, 35.9493)	(53, 35.9387)	(54, 35.9358)	(55, 35.9192)	(56, 35.9104)	(57, 35.9027)	(58, 35.8938)	(59, 35.8865)	(60, 35.872)	(61, 35.869)	(62, 35.8639)	(63, 35.8524)	(64, 35.8369)	(65, 35.8185)	(66, 35.8009)	(67, 35.7772)	(68, 35.7821)	(69, 35.7617)	(70, 35.746)	(71, 35.7426)	(72, 35.7266)	(73, 35.7078)	(74, 35.6832)	(75, 35.6705)	(76, 35.6505)	(77, 35.6444)	(78, 35.6187)	(79, 35.5936)	(80, 35.564)	(81, 35.5444)	(82, 35.5318)	(83, 35.5136)	(84, 35.4869)	(85, 35.4623)	(86, 35.4414)	(87, 35.4108)	(88, 35.3952)	(89, 35.3876)	(90, 35.3518)	(91, 35.2982)	(92, 35.2618)	(93, 35.2431)	(94, 35.2108)	(95, 35.1808)	(96, 35.1682)	(97, 35.1425)	(98, 35.1124)	(99, 35.0685)	(100, 35.0331)	(101, 34.9863)	(102, 34.9555)	(103, 34.8934)	(104, 34.8723)	(105, 34.8331)	(106, 34.7896)	(107, 34.7396)	(108, 34.7327)	(109, 34.6792)	(110, 34.604)	(111, 34.5523)	(112, 34.4857)	(113, 34.4312)	(114, 34.2509)	(115, 34.2536)	(116, 34.2154)	(117, 34.1643)	(118, 34.0876)	(119, 33.9976)	(120, 33.8939)	(121, 33.7611)	(122, 33.6209)	(123, 33.4275)	(124, 33.0917)	(125, 32.6196)
GC_6hpi_3	(1, 32.3165)	(2, 32.4106)	(3, 32.3846)	(4, 32.3891)	(5, 32.4277)	(6, 36.0756)	(7, 36.1287)	(8, 36.0753)	(9, 36.0301)	(10, 36.0782)	(11, 36.0738)	(12, 36.0811)	(13, 36.0792)	(14, 36.0934)	(15, 36.0846)	(16, 36.0668)	(17, 36.0719)	(18, 36.0645)	(19, 36.0573)	(20, 36.0498)	(21, 36.0529)	(22, 35.9455)	(23, 36.0144)	(24, 36.0365)	(25, 36.0339)	(26, 36.0396)	(27, 36.0275)	(28, 36.0189)	(29, 36.0194)	(30, 36.0152)	(31, 36.0087)	(32, 35.9911)	(33, 36.0014)	(34, 35.994)	(35, 35.9945)	(36, 35.9928)	(37, 35.9914)	(38, 35.9693)	(39, 35.9686)	(40, 35.9572)	(41, 35.9579)	(42, 35.9594)	(43, 35.9524)	(44, 35.9425)	(45, 35.9342)	(46, 35.9241)	(47, 35.9171)	(48, 35.9172)	(49, 35.9068)	(50, 35.8955)	(51, 35.8889)	(52, 35.8801)	(53, 35.8679)	(54, 35.8661)	(55, 35.8491)	(56, 35.842)	(57, 35.8338)	(58, 35.8241)	(59, 35.8148)	(60, 35.8003)	(61, 35.7974)	(62, 35.7912)	(63, 35.7793)	(64, 35.7625)	(65, 35.7453)	(66, 35.7284)	(67, 35.7008)	(68, 35.7057)	(69, 35.686)	(70, 35.6671)	(71, 35.6643)	(72, 35.6475)	(73, 35.6255)	(74, 35.6)	(75, 35.587)	(76, 35.5641)	(77, 35.5607)	(78, 35.533)	(79, 35.5058)	(80, 35.4742)	(81, 35.4563)	(82, 35.4411)	(83, 35.4234)	(84, 35.396)	(85, 35.3683)	(86, 35.3478)	(87, 35.3164)	(88, 35.2999)	(89, 35.291)	(90, 35.2513)	(91, 35.1967)	(92, 35.1605)	(93, 35.1376)	(94, 35.1053)	(95, 35.0733)	(96, 35.0589)	(97, 35.0322)	(98, 35.0035)	(99, 34.9564)	(100, 34.9175)	(101, 34.8708)	(102, 34.8369)	(103, 34.7731)	(104, 34.7474)	(105, 34.7046)	(106, 34.6559)	(107, 34.6094)	(108, 34.5996)	(109, 34.5431)	(110, 34.4632)	(111, 34.4115)	(112, 34.3413)	(113, 34.2829)	(114, 34.0982)	(115, 34.0977)	(116, 34.0579)	(117, 34.003)	(118, 33.9215)	(119, 33.8251)	(120, 33.7164)	(121, 33.5741)	(122, 33.4297)	(123, 33.2208)	(124, 32.8675)	(125, 32.376)
GI_24hpi_1	(1, 32.2989)	(2, 32.366)	(3, 32.3723)	(4, 32.3792)	(5, 32.3874)	(6, 36.0406)	(7, 36.0787)	(8, 36.0651)	(9, 36.0535)	(10, 36.0414)	(11, 36.054)	(12, 36.0269)	(13, 36.0356)	(14, 36.0275)	(15, 36.0373)	(16, 36.03)	(17, 36.0133)	(18, 35.9928)	(19, 35.9683)	(20, 35.9641)	(21, 35.9415)	(22, 35.9082)	(23, 35.8951)	(24, 35.8803)	(25, 35.8631)	(26, 35.8499)	(27, 35.8373)	(28, 35.8518)	(29, 35.8616)	(30, 35.8741)	(31, 35.8913)	(32, 35.9076)	(33, 35.9451)	(34, 36.0009)	(35, 36.017)	(36, 36.0126)	(37, 36.0139)	(38, 36.0046)	(39, 35.9938)	(40, 35.9728)	(41, 35.9682)	(42, 35.9841)	(43, 35.9585)	(44, 35.9517)	(45, 35.9481)	(46, 35.9499)	(47, 35.943)	(48, 35.9407)	(49, 35.9221)	(50, 35.9212)	(51, 35.925)	(52, 35.9142)	(53, 35.8977)	(54, 35.8856)	(55, 35.8539)	(56, 35.8427)	(57, 35.8464)	(58, 35.8235)	(59, 35.8158)	(60, 35.8089)	(61, 35.8048)	(62, 35.8135)	(63, 35.8063)	(64, 35.7731)	(65, 35.7444)	(66, 35.7216)	(67, 35.6969)	(68, 35.693)	(69, 35.6926)	(70, 35.6761)	(71, 35.6443)	(72, 35.6254)	(73, 35.6266)	(74, 35.611)	(75, 35.6098)	(76, 35.576)	(77, 35.5593)	(78, 35.5402)	(79, 35.4986)	(80, 35.4752)	(81, 35.446)	(82, 35.4352)	(83, 35.4118)	(84, 35.3809)	(85, 35.3675)	(86, 35.343)	(87, 35.3131)	(88, 35.2807)	(89, 35.2696)	(90, 35.2326)	(91, 35.1851)	(92, 35.1625)	(93, 35.1412)	(94, 35.0887)	(95, 35.0478)	(96, 35.0326)	(97, 34.9957)	(98, 34.9446)	(99, 34.8975)	(100, 34.8348)	(101, 34.7903)	(102, 34.7678)	(103, 34.7346)	(104, 34.697)	(105, 34.6599)	(106, 34.612)	(107, 34.5786)	(108, 34.5341)	(109, 34.4482)	(110, 34.4142)	(111, 34.3625)	(112, 34.2948)	(113, 34.2265)	(114, 34.1229)	(115, 34.0881)	(116, 34.0283)	(117, 33.9144)	(118, 33.8065)	(119, 33.7216)	(120, 33.6161)	(121, 33.4582)	(122, 33.3022)	(123, 33.0935)	(124, 32.7217)	(125, 32.2475)
GI_24hpi_2	(1, 32.3102)	(2, 32.3756)	(3, 32.3799)	(4, 32.3904)	(5, 32.3993)	(6, 36.0568)	(7, 36.0947)	(8, 36.0841)	(9, 36.0663)	(10, 36.0568)	(11, 36.0699)	(12, 36.0406)	(13, 36.0495)	(14, 36.0428)	(15, 36.0522)	(16, 36.0447)	(17, 36.0257)	(18, 36.0092)	(19, 35.9844)	(20, 35.9789)	(21, 35.9588)	(22, 35.9246)	(23, 35.9097)	(24, 35.8989)	(25, 35.8819)	(26, 35.8672)	(27, 35.8565)	(28, 35.8698)	(29, 35.8812)	(30, 35.892)	(31, 35.9074)	(32, 35.9242)	(33, 35.9598)	(34, 36.0133)	(35, 36.0292)	(36, 36.0241)	(37, 36.0258)	(38, 36.0166)	(39, 36.0063)	(40, 35.9836)	(41, 35.9802)	(42, 35.9964)	(43, 35.9721)	(44, 35.9662)	(45, 35.9605)	(46, 35.9633)	(47, 35.9559)	(48, 35.9547)	(49, 35.9348)	(50, 35.9334)	(51, 35.9356)	(52, 35.9273)	(53, 35.9091)	(54, 35.9002)	(55, 35.8701)	(56, 35.8578)	(57, 35.8589)	(58, 35.8403)	(59, 35.8306)	(60, 35.8241)	(61, 35.8165)	(62, 35.8274)	(63, 35.8213)	(64, 35.7869)	(65, 35.761)	(66, 35.7351)	(67, 35.7081)	(68, 35.7054)	(69, 35.7069)	(70, 35.6902)	(71, 35.6586)	(72, 35.6409)	(73, 35.6428)	(74, 35.6285)	(75, 35.6238)	(76, 35.5933)	(77, 35.5764)	(78, 35.5583)	(79, 35.5185)	(80, 35.4939)	(81, 35.4655)	(82, 35.4543)	(83, 35.4319)	(84, 35.4015)	(85, 35.3907)	(86, 35.3636)	(87, 35.3378)	(88, 35.3029)	(89, 35.2933)	(90, 35.2569)	(91, 35.2062)	(92, 35.1873)	(93, 35.1631)	(94, 35.113)	(95, 35.0729)	(96, 35.0533)	(97, 35.0206)	(98, 34.9716)	(99, 34.9255)	(100, 34.8639)	(101, 34.8196)	(102, 34.7963)	(103, 34.7642)	(104, 34.7238)	(105, 34.6878)	(106, 34.6432)	(107, 34.6087)	(108, 34.565)	(109, 34.4795)	(110, 34.4477)	(111, 34.3973)	(112, 34.3284)	(113, 34.2613)	(114, 34.159)	(115, 34.1259)	(116, 34.0681)	(117, 33.9555)	(118, 33.845)	(119, 33.7646)	(120, 33.6589)	(121, 33.5049)	(122, 33.3467)	(123, 33.1396)	(124, 32.7743)	(125, 32.3092)
GI_24hpi_3	(1, 32.2252)	(2, 32.2992)	(3, 32.2969)	(4, 32.3004)	(5, 32.3129)	(6, 35.9262)	(7, 35.9704)	(8, 35.968)	(9, 35.9529)	(10, 35.9353)	(11, 35.9549)	(12, 35.9243)	(13, 35.9297)	(14, 35.9187)	(15, 35.9306)	(16, 35.9249)	(17, 35.9067)	(18, 35.8839)	(19, 35.8595)	(20, 35.8568)	(21, 35.8379)	(22, 35.7996)	(23, 35.7805)	(24, 35.7655)	(25, 35.7508)	(26, 35.7347)	(27, 35.7206)	(28, 35.7404)	(29, 35.7531)	(30, 35.7649)	(31, 35.7828)	(32, 35.802)	(33, 35.8434)	(34, 35.899)	(35, 35.9176)	(36, 35.9091)	(37, 35.9129)	(38, 35.9038)	(39, 35.8919)	(40, 35.8698)	(41, 35.8676)	(42, 35.8819)	(43, 35.8553)	(44, 35.8457)	(45, 35.8411)	(46, 35.8451)	(47, 35.8376)	(48, 35.834)	(49, 35.8147)	(50, 35.8152)	(51, 35.819)	(52, 35.8069)	(53, 35.7899)	(54, 35.7791)	(55, 35.7431)	(56, 35.7288)	(57, 35.7316)	(58, 35.7094)	(59, 35.6993)	(60, 35.6939)	(61, 35.6885)	(62, 35.6978)	(63, 35.6937)	(64, 35.6555)	(65, 35.624)	(66, 35.5938)	(67, 35.5646)	(68, 35.5622)	(69, 35.5627)	(70, 35.5478)	(71, 35.5138)	(72, 35.4917)	(73, 35.4947)	(74, 35.477)	(75, 35.4751)	(76, 35.4372)	(77, 35.4199)	(78, 35.4012)	(79, 35.355)	(80, 35.326)	(81, 35.2997)	(82, 35.2853)	(83, 35.2648)	(84, 35.2286)	(85, 35.217)	(86, 35.1853)	(87, 35.1547)	(88, 35.1145)	(89, 35.1041)	(90, 35.0652)	(91, 35.0096)	(92, 34.9879)	(93, 34.9679)	(94, 34.9099)	(95, 34.8606)	(96, 34.8457)	(97, 34.8057)	(98, 34.7467)	(99, 34.6993)	(100, 34.63)	(101, 34.5812)	(102, 34.5553)	(103, 34.5209)	(104, 34.4792)	(105, 34.4355)	(106, 34.3898)	(107, 34.3487)	(108, 34.3008)	(109, 34.2097)	(110, 34.1711)	(111, 34.1168)	(112, 34.0393)	(113, 33.9645)	(114, 33.8502)	(115, 33.8084)	(116, 33.7437)	(117, 33.6205)	(118, 33.5078)	(119, 33.4104)	(120, 33.2886)	(121, 33.1162)	(122, 32.9419)	(123, 32.7143)	(124, 32.3158)	(125, 31.7989)
GI_48hpi_1	(1, 32.223)	(2, 32.284)	(3, 32.3118)	(4, 32.3261)	(5, 32.3298)	(6, 35.9653)	(7, 36.0005)	(8, 35.9836)	(9, 35.9816)	(10, 35.9755)	(11, 35.983)	(12, 35.9662)	(13, 35.9583)	(14, 35.9641)	(15, 35.948)	(16, 35.9316)	(17, 35.9332)	(18, 35.9189)	(19, 35.9123)	(20, 35.9137)	(21, 35.9148)	(22, 35.9045)	(23, 35.8922)	(24, 35.8952)	(25, 35.8819)	(26, 35.8825)	(27, 35.8798)	(28, 35.8746)	(29, 35.8675)	(30, 35.8693)	(31, 35.8576)	(32, 35.8592)	(33, 35.8571)	(34, 35.8442)	(35, 35.8422)	(36, 35.8267)	(37, 35.8348)	(38, 35.8263)	(39, 35.8131)	(40, 35.8093)	(41, 35.8005)	(42, 35.8015)	(43, 35.787)	(44, 35.7969)	(45, 35.7892)	(46, 35.7801)	(47, 35.7684)	(48, 35.7588)	(49, 35.7561)	(50, 35.7416)	(51, 35.7406)	(52, 35.7299)	(53, 35.7185)	(54, 35.7176)	(55, 35.6988)	(56, 35.6869)	(57, 35.6701)	(58, 35.6573)	(59, 35.6458)	(60, 35.6327)	(61, 35.6278)	(62, 35.6207)	(63, 35.6118)	(64, 35.5773)	(65, 35.5722)	(66, 35.5538)	(67, 35.5344)	(68, 35.5366)	(69, 35.5134)	(70, 35.4911)	(71, 35.4794)	(72, 35.4739)	(73, 35.4496)	(74, 35.4186)	(75, 35.4168)	(76, 35.386)	(77, 35.3676)	(78, 35.3472)	(79, 35.3214)	(80, 35.2975)	(81, 35.2817)	(82, 35.2668)	(83, 35.2171)	(84, 35.2094)	(85, 35.1754)	(86, 35.1404)	(87, 35.1149)	(88, 35.1085)	(89, 35.0622)	(90, 35.034)	(91, 34.9983)	(92, 34.9738)	(93, 34.9438)	(94, 34.9067)	(95, 34.8635)	(96, 34.8208)	(97, 34.7868)	(98, 34.7467)	(99, 34.7245)	(100, 34.6709)	(101, 34.6445)	(102, 34.6067)	(103, 34.5603)	(104, 34.4864)	(105, 34.4555)	(106, 34.4334)	(107, 34.3659)	(108, 34.321)	(109, 34.2712)	(110, 34.217)	(111, 34.1266)	(112, 34.0625)	(113, 34.0118)	(114, 33.9634)	(115, 33.8929)	(116, 33.8157)	(117, 33.7297)	(118, 33.6198)	(119, 33.5037)	(120, 33.4138)	(121, 33.2625)	(122, 33.1232)	(123, 32.8858)	(124, 32.5052)	(125, 32.0193)
GI_48hpi_2	(1, 32.2939)	(2, 32.3532)	(3, 32.3726)	(4, 32.3857)	(5, 32.3885)	(6, 36.0474)	(7, 36.0833)	(8, 36.0663)	(9, 36.058)	(10, 36.0562)	(11, 36.0601)	(12, 36.0442)	(13, 36.0359)	(14, 36.0395)	(15, 36.0286)	(16, 36.01)	(17, 36.0127)	(18, 35.9982)	(19, 35.9921)	(20, 35.9944)	(21, 35.9934)	(22, 35.9848)	(23, 35.975)	(24, 35.9788)	(25, 35.966)	(26, 35.9661)	(27, 35.9621)	(28, 35.9596)	(29, 35.9505)	(30, 35.9525)	(31, 35.9422)	(32, 35.9432)	(33, 35.9432)	(34, 35.931)	(35, 35.9278)	(36, 35.9146)	(37, 35.92)	(38, 35.9132)	(39, 35.9001)	(40, 35.8967)	(41, 35.8854)	(42, 35.888)	(43, 35.8763)	(44, 35.8859)	(45, 35.8775)	(46, 35.8721)	(47, 35.8592)	(48, 35.8509)	(49, 35.85)	(50, 35.8336)	(51, 35.8313)	(52, 35.8219)	(53, 35.8115)	(54, 35.8109)	(55, 35.7951)	(56, 35.7842)	(57, 35.7681)	(58, 35.7566)	(59, 35.7473)	(60, 35.736)	(61, 35.7286)	(62, 35.7209)	(63, 35.7117)	(64, 35.6815)	(65, 35.6769)	(66, 35.658)	(67, 35.6405)	(68, 35.6407)	(69, 35.6201)	(70, 35.5994)	(71, 35.5889)	(72, 35.5854)	(73, 35.5599)	(74, 35.5293)	(75, 35.5278)	(76, 35.4981)	(77, 35.4822)	(78, 35.4631)	(79, 35.4379)	(80, 35.4171)	(81, 35.4011)	(82, 35.3849)	(83, 35.3396)	(84, 35.3329)	(85, 35.3)	(86, 35.2695)	(87, 35.2484)	(88, 35.2438)	(89, 35.2005)	(90, 35.1746)	(91, 35.1377)	(92, 35.1176)	(93, 35.0854)	(94, 35.0489)	(95, 35.0112)	(96, 34.969)	(97, 34.9388)	(98, 34.9015)	(99, 34.8815)	(100, 34.8342)	(101, 34.8067)	(102, 34.7706)	(103, 34.7249)	(104, 34.6524)	(105, 34.6258)	(106, 34.6025)	(107, 34.5397)	(108, 34.5013)	(109, 34.4569)	(110, 34.4031)	(111, 34.3186)	(112, 34.2579)	(113, 34.2102)	(114, 34.1652)	(115, 34.0967)	(116, 34.0271)	(117, 33.9437)	(118, 33.8425)	(119, 33.7353)	(120, 33.6535)	(121, 33.5124)	(122, 33.3818)	(123, 33.1574)	(124, 32.789)	(125, 32.3243)
GI_48hpi_3	(1, 32.2872)	(2, 32.348)	(3, 32.3699)	(4, 32.3785)	(5, 32.3846)	(6, 36.0429)	(7, 36.0721)	(8, 36.0538)	(9, 36.0491)	(10, 36.0475)	(11, 36.0504)	(12, 36.0357)	(13, 36.0267)	(14, 36.0327)	(15, 36.0185)	(16, 36.0016)	(17, 36.0034)	(18, 35.9884)	(19, 35.9833)	(20, 35.9855)	(21, 35.9869)	(22, 35.9772)	(23, 35.9664)	(24, 35.9685)	(25, 35.9569)	(26, 35.958)	(27, 35.9544)	(28, 35.9495)	(29, 35.9414)	(30, 35.9434)	(31, 35.9326)	(32, 35.933)	(33, 35.9344)	(34, 35.9209)	(35, 35.9215)	(36, 35.9079)	(37, 35.9139)	(38, 35.9076)	(39, 35.8944)	(40, 35.8898)	(41, 35.8794)	(42, 35.8804)	(43, 35.8677)	(44, 35.8768)	(45, 35.8706)	(46, 35.866)	(47, 35.8559)	(48, 35.8456)	(49, 35.8441)	(50, 35.8275)	(51, 35.8275)	(52, 35.8192)	(53, 35.8087)	(54, 35.8082)	(55, 35.7923)	(56, 35.7821)	(57, 35.7688)	(58, 35.7582)	(59, 35.7469)	(60, 35.7348)	(61, 35.7292)	(62, 35.7211)	(63, 35.7123)	(64, 35.6845)	(65, 35.6784)	(66, 35.6601)	(67, 35.6439)	(68, 35.6446)	(69, 35.6254)	(70, 35.6052)	(71, 35.5942)	(72, 35.5913)	(73, 35.5655)	(74, 35.5349)	(75, 35.5337)	(76, 35.5067)	(77, 35.4916)	(78, 35.4751)	(79, 35.4496)	(80, 35.4285)	(81, 35.4121)	(82, 35.3989)	(83, 35.353)	(84, 35.3464)	(85, 35.3157)	(86, 35.2874)	(87, 35.2674)	(88, 35.2597)	(89, 35.2192)	(90, 35.1938)	(91, 35.159)	(92, 35.1387)	(93, 35.1094)	(94, 35.0722)	(95, 35.0344)	(96, 34.9959)	(97, 34.9637)	(98, 34.9292)	(99, 34.9089)	(100, 34.862)	(101, 34.8356)	(102, 34.8027)	(103, 34.7557)	(104, 34.6869)	(105, 34.6611)	(106, 34.6389)	(107, 34.5768)	(108, 34.5353)	(109, 34.4909)	(110, 34.4414)	(111, 34.3569)	(112, 34.2997)	(113, 34.2543)	(114, 34.2095)	(115, 34.1442)	(116, 34.0774)	(117, 33.9971)	(118, 33.8944)	(119, 33.787)	(120, 33.7093)	(121, 33.566)	(122, 33.4378)	(123, 33.2201)	(124, 32.8629)	(125, 32.4015)
GI_6hpi_1	(1, 32.2981)	(2, 32.3894)	(3, 32.3545)	(4, 32.3677)	(5, 32.4085)	(6, 36.0345)	(7, 36.0978)	(8, 36.0536)	(9, 36.0106)	(10, 36.0589)	(11, 36.0511)	(12, 36.0538)	(13, 36.0505)	(14, 36.0641)	(15, 36.0569)	(16, 36.0387)	(17, 36.0478)	(18, 36.0403)	(19, 36.0321)	(20, 36.0272)	(21, 36.0307)	(22, 35.9228)	(23, 35.9896)	(24, 36.0121)	(25, 36.0092)	(26, 36.0157)	(27, 36.0063)	(28, 35.9961)	(29, 35.9981)	(30, 35.989)	(31, 35.9854)	(32, 35.9664)	(33, 35.9751)	(34, 35.9691)	(35, 35.9677)	(36, 35.9663)	(37, 35.9646)	(38, 35.9421)	(39, 35.944)	(40, 35.9321)	(41, 35.9311)	(42, 35.9345)	(43, 35.9265)	(44, 35.9167)	(45, 35.9073)	(46, 35.8972)	(47, 35.8903)	(48, 35.8905)	(49, 35.8781)	(50, 35.8689)	(51, 35.8593)	(52, 35.8512)	(53, 35.8375)	(54, 35.8358)	(55, 35.8187)	(56, 35.8098)	(57, 35.8017)	(58, 35.7941)	(59, 35.7829)	(60, 35.7684)	(61, 35.765)	(62, 35.7567)	(63, 35.747)	(64, 35.7299)	(65, 35.7112)	(66, 35.6927)	(67, 35.6631)	(68, 35.6723)	(69, 35.6512)	(70, 35.6309)	(71, 35.6292)	(72, 35.6102)	(73, 35.5908)	(74, 35.5625)	(75, 35.5505)	(76, 35.5283)	(77, 35.5235)	(78, 35.4948)	(79, 35.4641)	(80, 35.4344)	(81, 35.4144)	(82, 35.3999)	(83, 35.3826)	(84, 35.3524)	(85, 35.3264)	(86, 35.3035)	(87, 35.2668)	(88, 35.2535)	(89, 35.2455)	(90, 35.2025)	(91, 35.147)	(92, 35.1083)	(93, 35.089)	(94, 35.0535)	(95, 35.0222)	(96, 35.007)	(97, 34.978)	(98, 34.9476)	(99, 34.9012)	(100, 34.8629)	(101, 34.8137)	(102, 34.7794)	(103, 34.7141)	(104, 34.6883)	(105, 34.6457)	(106, 34.5963)	(107, 34.5449)	(108, 34.5338)	(109, 34.4792)	(110, 34.3991)	(111, 34.3405)	(112, 34.269)	(113, 34.2137)	(114, 34.0229)	(115, 34.0182)	(116, 33.9792)	(117, 33.9214)	(118, 33.8359)	(119, 33.7392)	(120, 33.6292)	(121, 33.486)	(122, 33.3324)	(123, 33.1223)	(124, 32.7617)	(125, 32.2609)
GI_6hpi_2	(1, 32.3565)	(2, 32.4367)	(3, 32.4181)	(4, 32.4323)	(5, 32.4527)	(6, 36.1008)	(7, 36.1607)	(8, 36.1131)	(9, 36.0641)	(10, 36.1172)	(11, 36.1146)	(12, 36.1169)	(13, 36.1159)	(14, 36.1293)	(15, 36.1231)	(16, 36.1054)	(17, 36.1125)	(18, 36.1063)	(19, 36.0976)	(20, 36.0912)	(21, 36.0943)	(22, 35.9873)	(23, 36.0539)	(24, 36.0737)	(25, 36.0727)	(26, 36.0779)	(27, 36.0697)	(28, 36.0602)	(29, 36.0597)	(30, 36.0552)	(31, 36.0508)	(32, 36.0312)	(33, 36.0408)	(34, 36.0315)	(35, 36.0305)	(36, 36.0287)	(37, 36.0298)	(38, 36.0058)	(39, 36.0084)	(40, 35.9984)	(41, 35.9985)	(42, 36.0)	(43, 35.994)	(44, 35.9825)	(45, 35.9719)	(46, 35.9591)	(47, 35.9517)	(48, 35.9521)	(49, 35.9395)	(50, 35.9338)	(51, 35.9267)	(52, 35.9194)	(53, 35.907)	(54, 35.9035)	(55, 35.8851)	(56, 35.8762)	(57, 35.8676)	(58, 35.8578)	(59, 35.85)	(60, 35.8348)	(61, 35.8324)	(62, 35.8264)	(63, 35.8166)	(64, 35.8012)	(65, 35.7826)	(66, 35.7619)	(67, 35.7384)	(68, 35.7413)	(69, 35.7196)	(70, 35.7019)	(71, 35.7015)	(72, 35.6846)	(73, 35.6641)	(74, 35.6392)	(75, 35.6255)	(76, 35.6035)	(77, 35.5973)	(78, 35.5686)	(79, 35.5418)	(80, 35.5125)	(81, 35.4946)	(82, 35.4787)	(83, 35.4618)	(84, 35.4367)	(85, 35.4101)	(86, 35.3867)	(87, 35.3532)	(88, 35.3384)	(89, 35.3291)	(90, 35.2919)	(91, 35.2355)	(92, 35.2004)	(93, 35.1794)	(94, 35.1458)	(95, 35.1175)	(96, 35.1041)	(97, 35.0761)	(98, 35.0476)	(99, 34.9979)	(100, 34.9601)	(101, 34.9134)	(102, 34.8808)	(103, 34.8169)	(104, 34.7933)	(105, 34.7519)	(106, 34.7033)	(107, 34.6576)	(108, 34.6449)	(109, 34.5904)	(110, 34.5116)	(111, 34.4592)	(112, 34.3883)	(113, 34.3313)	(114, 34.1456)	(115, 34.1486)	(116, 34.1081)	(117, 34.0559)	(118, 33.9736)	(119, 33.8795)	(120, 33.7752)	(121, 33.6398)	(122, 33.4938)	(123, 33.2878)	(124, 32.9371)	(125, 32.4532)
GI_6hpi_3	(1, 32.3569)	(2, 32.4451)	(3, 32.4221)	(4, 32.4292)	(5, 32.4562)	(6, 36.1271)	(7, 36.1724)	(8, 36.1122)	(9, 36.0503)	(10, 36.1055)	(11, 36.1091)	(12, 36.117)	(13, 36.1209)	(14, 36.1354)	(15, 36.1291)	(16, 36.1138)	(17, 36.1201)	(18, 36.1138)	(19, 36.1068)	(20, 36.1004)	(21, 36.1022)	(22, 35.996)	(23, 36.0652)	(24, 36.0859)	(25, 36.0854)	(26, 36.0897)	(27, 36.0795)	(28, 36.0714)	(29, 36.0714)	(30, 36.0667)	(31, 36.0591)	(32, 36.0408)	(33, 36.0515)	(34, 36.0446)	(35, 36.0452)	(36, 36.0432)	(37, 36.043)	(38, 36.021)	(39, 36.0213)	(40, 36.0085)	(41, 36.009)	(42, 36.0112)	(43, 36.0044)	(44, 35.9946)	(45, 35.9831)	(46, 35.9765)	(47, 35.9683)	(48, 35.9666)	(49, 35.955)	(50, 35.9464)	(51, 35.9393)	(52, 35.9308)	(53, 35.9182)	(54, 35.9162)	(55, 35.9004)	(56, 35.8917)	(57, 35.8825)	(58, 35.8729)	(59, 35.8645)	(60, 35.8487)	(61, 35.8449)	(62, 35.8398)	(63, 35.8297)	(64, 35.8104)	(65, 35.7931)	(66, 35.7764)	(67, 35.7493)	(68, 35.7542)	(69, 35.7333)	(70, 35.7145)	(71, 35.7121)	(72, 35.6936)	(73, 35.6751)	(74, 35.6476)	(75, 35.6342)	(76, 35.6154)	(77, 35.6089)	(78, 35.5803)	(79, 35.5533)	(80, 35.5239)	(81, 35.5047)	(82, 35.49)	(83, 35.4725)	(84, 35.4439)	(85, 35.4172)	(86, 35.3957)	(87, 35.3627)	(88, 35.3491)	(89, 35.3384)	(90, 35.3012)	(91, 35.2453)	(92, 35.2097)	(93, 35.1898)	(94, 35.1563)	(95, 35.1258)	(96, 35.1091)	(97, 35.0825)	(98, 35.0537)	(99, 35.0078)	(100, 34.9684)	(101, 34.9225)	(102, 34.8872)	(103, 34.8241)	(104, 34.8004)	(105, 34.7586)	(106, 34.7092)	(107, 34.6612)	(108, 34.6516)	(109, 34.5993)	(110, 34.5213)	(111, 34.4659)	(112, 34.3985)	(113, 34.3444)	(114, 34.1592)	(115, 34.1586)	(116, 34.1176)	(117, 34.0633)	(118, 33.9809)	(119, 33.8921)	(120, 33.7862)	(121, 33.6509)	(122, 33.5098)	(123, 33.3058)	(124, 32.9626)	(125, 32.4868)
HC_24hpi_1	(1, 32.3567)	(2, 32.4348)	(3, 32.4195)	(4, 32.434)	(5, 32.4589)	(6, 36.1055)	(7, 36.1619)	(8, 36.1204)	(9, 36.0772)	(10, 36.1251)	(11, 36.1212)	(12, 36.1233)	(13, 36.1204)	(14, 36.1344)	(15, 36.1261)	(16, 36.1079)	(17, 36.1145)	(18, 36.1073)	(19, 36.0994)	(20, 36.0925)	(21, 36.0936)	(22, 35.9884)	(23, 36.0547)	(24, 36.0766)	(25, 36.0751)	(26, 36.0808)	(27, 36.0699)	(28, 36.0619)	(29, 36.0603)	(30, 36.058)	(31, 36.0488)	(32, 36.0312)	(33, 36.04)	(34, 36.0313)	(35, 36.0321)	(36, 36.0292)	(37, 36.0311)	(38, 36.0087)	(39, 36.0081)	(40, 35.9971)	(41, 35.9963)	(42, 35.9993)	(43, 35.9906)	(44, 35.9811)	(45, 35.9699)	(46, 35.9589)	(47, 35.9536)	(48, 35.9522)	(49, 35.9404)	(50, 35.9336)	(51, 35.9253)	(52, 35.9174)	(53, 35.9026)	(54, 35.9013)	(55, 35.8844)	(56, 35.8745)	(57, 35.867)	(58, 35.8563)	(59, 35.8495)	(60, 35.8338)	(61, 35.8295)	(62, 35.8242)	(63, 35.812)	(64, 35.7929)	(65, 35.7774)	(66, 35.7596)	(67, 35.7319)	(68, 35.7387)	(69, 35.7145)	(70, 35.6959)	(71, 35.6951)	(72, 35.6771)	(73, 35.6552)	(74, 35.6313)	(75, 35.6146)	(76, 35.5921)	(77, 35.5861)	(78, 35.5583)	(79, 35.5308)	(80, 35.5005)	(81, 35.4837)	(82, 35.4661)	(83, 35.4508)	(84, 35.4215)	(85, 35.3944)	(86, 35.3706)	(87, 35.3375)	(88, 35.3224)	(89, 35.3162)	(90, 35.2752)	(91, 35.218)	(92, 35.1827)	(93, 35.1612)	(94, 35.1274)	(95, 35.1002)	(96, 35.08)	(97, 35.0533)	(98, 35.0268)	(99, 34.9795)	(100, 34.9399)	(101, 34.891)	(102, 34.858)	(103, 34.7954)	(104, 34.7712)	(105, 34.7279)	(106, 34.6786)	(107, 34.6321)	(108, 34.6218)	(109, 34.5653)	(110, 34.4863)	(111, 34.4324)	(112, 34.3616)	(113, 34.3071)	(114, 34.1221)	(115, 34.1177)	(116, 34.0818)	(117, 34.0244)	(118, 33.9398)	(119, 33.8435)	(120, 33.7359)	(121, 33.597)	(122, 33.4516)	(123, 33.2426)	(124, 32.8929)	(125, 32.4048)
HC_24hpi_2	(1, 32.3784)	(2, 32.4617)	(3, 32.4472)	(4, 32.4574)	(5, 32.4769)	(6, 36.143)	(7, 36.1963)	(8, 36.1463)	(9, 36.1007)	(10, 36.1532)	(11, 36.1515)	(12, 36.1532)	(13, 36.1524)	(14, 36.168)	(15, 36.1604)	(16, 36.1429)	(17, 36.1515)	(18, 36.1436)	(19, 36.1361)	(20, 36.1292)	(21, 36.1307)	(22, 36.0238)	(23, 36.0917)	(24, 36.1145)	(25, 36.1125)	(26, 36.1157)	(27, 36.1075)	(28, 36.0972)	(29, 36.0981)	(30, 36.0953)	(31, 36.086)	(32, 36.0678)	(33, 36.0789)	(34, 36.07)	(35, 36.0716)	(36, 36.0681)	(37, 36.0663)	(38, 36.0461)	(39, 36.0459)	(40, 36.0342)	(41, 36.0334)	(42, 36.0356)	(43, 36.0287)	(44, 36.0206)	(45, 36.0104)	(46, 36.0003)	(47, 35.9939)	(48, 35.9933)	(49, 35.9805)	(50, 35.9719)	(51, 35.9645)	(52, 35.9562)	(53, 35.9433)	(54, 35.9416)	(55, 35.9239)	(56, 35.9165)	(57, 35.9082)	(58, 35.8989)	(59, 35.8913)	(60, 35.8755)	(61, 35.87)	(62, 35.8645)	(63, 35.8538)	(64, 35.8336)	(65, 35.8193)	(66, 35.8007)	(67, 35.7736)	(68, 35.7781)	(69, 35.7552)	(70, 35.7367)	(71, 35.7343)	(72, 35.7163)	(73, 35.6925)	(74, 35.6685)	(75, 35.6554)	(76, 35.6329)	(77, 35.6252)	(78, 35.6003)	(79, 35.5732)	(80, 35.5423)	(81, 35.5253)	(82, 35.5105)	(83, 35.4914)	(84, 35.4629)	(85, 35.4356)	(86, 35.4137)	(87, 35.381)	(88, 35.3652)	(89, 35.3598)	(90, 35.3173)	(91, 35.2608)	(92, 35.2268)	(93, 35.2021)	(94, 35.1673)	(95, 35.1403)	(96, 35.1243)	(97, 35.0949)	(98, 35.0693)	(99, 35.0227)	(100, 34.9807)	(101, 34.9377)	(102, 34.9065)	(103, 34.8368)	(104, 34.8128)	(105, 34.7696)	(106, 34.7211)	(107, 34.6742)	(108, 34.6633)	(109, 34.6085)	(110, 34.531)	(111, 34.4802)	(112, 34.4103)	(113, 34.3549)	(114, 34.1695)	(115, 34.1662)	(116, 34.1302)	(117, 34.0759)	(118, 33.9907)	(119, 33.8975)	(120, 33.7931)	(121, 33.6556)	(122, 33.5146)	(123, 33.3102)	(124, 32.9666)	(125, 32.488)
HC_24hpi_3	(1, 32.3382)	(2, 32.4254)	(3, 32.3912)	(4, 32.408)	(5, 32.4425)	(6, 36.0998)	(7, 36.1535)	(8, 36.1028)	(9, 36.0581)	(10, 36.1053)	(11, 36.1021)	(12, 36.1055)	(13, 36.105)	(14, 36.1195)	(15, 36.1128)	(16, 36.0939)	(17, 36.1025)	(18, 36.0946)	(19, 36.0865)	(20, 36.0814)	(21, 36.0826)	(22, 35.9772)	(23, 36.0438)	(24, 36.0653)	(25, 36.0658)	(26, 36.0715)	(27, 36.0608)	(28, 36.052)	(29, 36.0508)	(30, 36.0473)	(31, 36.0384)	(32, 36.0213)	(33, 36.0299)	(34, 36.023)	(35, 36.0225)	(36, 36.0201)	(37, 36.0211)	(38, 35.9967)	(39, 35.999)	(40, 35.9854)	(41, 35.9853)	(42, 35.9875)	(43, 35.9787)	(44, 35.9697)	(45, 35.9584)	(46, 35.9485)	(47, 35.9428)	(48, 35.9423)	(49, 35.93)	(50, 35.9208)	(51, 35.9148)	(52, 35.9046)	(53, 35.8909)	(54, 35.8905)	(55, 35.8744)	(56, 35.8654)	(57, 35.8551)	(58, 35.8478)	(59, 35.8399)	(60, 35.8228)	(61, 35.8186)	(62, 35.8122)	(63, 35.801)	(64, 35.783)	(65, 35.7647)	(66, 35.7478)	(67, 35.7199)	(68, 35.7269)	(69, 35.7017)	(70, 35.6833)	(71, 35.6806)	(72, 35.6609)	(73, 35.6382)	(74, 35.612)	(75, 35.5976)	(76, 35.5745)	(77, 35.5657)	(78, 35.5407)	(79, 35.513)	(80, 35.4833)	(81, 35.4635)	(82, 35.4473)	(83, 35.4292)	(84, 35.4003)	(85, 35.3733)	(86, 35.35)	(87, 35.3176)	(88, 35.2997)	(89, 35.292)	(90, 35.2508)	(91, 35.1922)	(92, 35.1574)	(93, 35.1352)	(94, 35.1021)	(95, 35.0721)	(96, 35.0549)	(97, 35.0258)	(98, 34.998)	(99, 34.9511)	(100, 34.9096)	(101, 34.8652)	(102, 34.8291)	(103, 34.7606)	(104, 34.7385)	(105, 34.6944)	(106, 34.6425)	(107, 34.595)	(108, 34.5827)	(109, 34.5237)	(110, 34.449)	(111, 34.3929)	(112, 34.3213)	(113, 34.2666)	(114, 34.0806)	(115, 34.0758)	(116, 34.0372)	(117, 33.9826)	(118, 33.8955)	(119, 33.8011)	(120, 33.6947)	(121, 33.552)	(122, 33.4073)	(123, 33.1989)	(124, 32.85)	(125, 32.3627)
HC_48hpi_1	(1, 32.3069)	(2, 32.3876)	(3, 32.3947)	(4, 32.4104)	(5, 32.4216)	(6, 36.0957)	(7, 36.1316)	(8, 36.1097)	(9, 36.1108)	(10, 36.1064)	(11, 36.0996)	(12, 36.0879)	(13, 36.0888)	(14, 36.0879)	(15, 36.0784)	(16, 36.0714)	(17, 36.0697)	(18, 36.0581)	(19, 36.0592)	(20, 36.0529)	(21, 36.0532)	(22, 36.0388)	(23, 36.0422)	(24, 36.0471)	(25, 36.0308)	(26, 36.0309)	(27, 36.026)	(28, 36.028)	(29, 36.0246)	(30, 36.0223)	(31, 36.0145)	(32, 36.0157)	(33, 36.0112)	(34, 35.9979)	(35, 35.9955)	(36, 35.9942)	(37, 35.9838)	(38, 35.983)	(39, 35.9686)	(40, 35.9565)	(41, 35.9585)	(42, 35.9645)	(43, 35.9508)	(44, 35.9542)	(45, 35.9448)	(46, 35.9425)	(47, 35.9385)	(48, 35.9316)	(49, 35.9235)	(50, 35.9165)	(51, 35.9022)	(52, 35.9068)	(53, 35.898)	(54, 35.8936)	(55, 35.8791)	(56, 35.8717)	(57, 35.865)	(58, 35.8535)	(59, 35.8451)	(60, 35.8394)	(61, 35.8261)	(62, 35.8156)	(63, 35.8021)	(64, 35.7929)	(65, 35.7839)	(66, 35.769)	(67, 35.7604)	(68, 35.7441)	(69, 35.7313)	(70, 35.7047)	(71, 35.6926)	(72, 35.6735)	(73, 35.6598)	(74, 35.6589)	(75, 35.647)	(76, 35.6204)	(77, 35.6054)	(78, 35.5835)	(79, 35.5664)	(80, 35.551)	(81, 35.5262)	(82, 35.5204)	(83, 35.496)	(84, 35.4591)	(85, 35.433)	(86, 35.4252)	(87, 35.418)	(88, 35.3971)	(89, 35.3571)	(90, 35.3217)	(91, 35.2989)	(92, 35.2639)	(93, 35.2257)	(94, 35.1946)	(95, 35.1755)	(96, 35.1571)	(97, 35.1227)	(98, 35.1069)	(99, 35.0827)	(100, 35.0433)	(101, 34.9896)	(102, 34.9677)	(103, 34.914)	(104, 34.8599)	(105, 34.827)	(106, 34.7864)	(107, 34.7498)	(108, 34.7157)	(109, 34.6907)	(110, 34.6393)	(111, 34.5518)	(112, 34.5064)	(113, 34.4925)	(114, 34.4085)	(115, 34.3515)	(116, 34.2905)	(117, 34.2117)	(118, 34.1126)	(119, 34.0671)	(120, 33.9667)	(121, 33.8281)	(122, 33.7092)	(123, 33.516)	(124, 33.1691)	(125, 32.7355)
HC_48hpi_2	(1, 32.2564)	(2, 32.3237)	(3, 32.3293)	(4, 32.3292)	(5, 32.3376)	(6, 35.9733)	(7, 36.0165)	(8, 36.0112)	(9, 35.9973)	(10, 35.9914)	(11, 36.0046)	(12, 35.9715)	(13, 35.9793)	(14, 35.9733)	(15, 35.9809)	(16, 35.9733)	(17, 35.9566)	(18, 35.9411)	(19, 35.9169)	(20, 35.9112)	(21, 35.8926)	(22, 35.8574)	(23, 35.8405)	(24, 35.8252)	(25, 35.8062)	(26, 35.79)	(27, 35.7813)	(28, 35.7964)	(29, 35.8095)	(30, 35.8215)	(31, 35.8401)	(32, 35.8566)	(33, 35.8939)	(34, 35.9513)	(35, 35.9678)	(36, 35.9594)	(37, 35.9643)	(38, 35.9545)	(39, 35.945)	(40, 35.9231)	(41, 35.9216)	(42, 35.9376)	(43, 35.9113)	(44, 35.9048)	(45, 35.8966)	(46, 35.9023)	(47, 35.8933)	(48, 35.8937)	(49, 35.8717)	(50, 35.8752)	(51, 35.8775)	(52, 35.8723)	(53, 35.8491)	(54, 35.8384)	(55, 35.8059)	(56, 35.7968)	(57, 35.7994)	(58, 35.7759)	(59, 35.7699)	(60, 35.7644)	(61, 35.7596)	(62, 35.7719)	(63, 35.7648)	(64, 35.7315)	(65, 35.7027)	(66, 35.6783)	(67, 35.6529)	(68, 35.6501)	(69, 35.6504)	(70, 35.6338)	(71, 35.6031)	(72, 35.5812)	(73, 35.5837)	(74, 35.5722)	(75, 35.5639)	(76, 35.5291)	(77, 35.5151)	(78, 35.4926)	(79, 35.4577)	(80, 35.4331)	(81, 35.4067)	(82, 35.3948)	(83, 35.3722)	(84, 35.3395)	(85, 35.3297)	(86, 35.3023)	(87, 35.2733)	(88, 35.2386)	(89, 35.2308)	(90, 35.1957)	(91, 35.1423)	(92, 35.1266)	(93, 35.1038)	(94, 35.0501)	(95, 35.0082)	(96, 34.9896)	(97, 34.9541)	(98, 34.9029)	(99, 34.8571)	(100, 34.7963)	(101, 34.7507)	(102, 34.7289)	(103, 34.6975)	(104, 34.6568)	(105, 34.6229)	(106, 34.5796)	(107, 34.5421)	(108, 34.5011)	(109, 34.4109)	(110, 34.3762)	(111, 34.3237)	(112, 34.2525)	(113, 34.1892)	(114, 34.0834)	(115, 34.0488)	(116, 33.9956)	(117, 33.8736)	(118, 33.7638)	(119, 33.6807)	(120, 33.5673)	(121, 33.4131)	(122, 33.254)	(123, 33.0398)	(124, 32.6636)	(125, 32.1865)
HC_48hpi_3	(1, 32.2691)	(2, 32.3358)	(3, 32.3433)	(4, 32.3503)	(5, 32.3564)	(6, 35.9918)	(7, 36.036)	(8, 36.028)	(9, 36.0146)	(10, 36.0001)	(11, 36.0144)	(12, 35.9857)	(13, 35.9928)	(14, 35.9883)	(15, 35.9981)	(16, 35.9921)	(17, 35.9734)	(18, 35.9526)	(19, 35.9274)	(20, 35.9208)	(21, 35.9013)	(22, 35.8654)	(23, 35.848)	(24, 35.8355)	(25, 35.8162)	(26, 35.8017)	(27, 35.7902)	(28, 35.8061)	(29, 35.8194)	(30, 35.831)	(31, 35.8496)	(32, 35.8677)	(33, 35.9024)	(34, 35.9609)	(35, 35.9781)	(36, 35.972)	(37, 35.9751)	(38, 35.9663)	(39, 35.9569)	(40, 35.9313)	(41, 35.928)	(42, 35.9436)	(43, 35.9174)	(44, 35.9109)	(45, 35.9043)	(46, 35.908)	(47, 35.8992)	(48, 35.8997)	(49, 35.8777)	(50, 35.8814)	(51, 35.8834)	(52, 35.8729)	(53, 35.8536)	(54, 35.8452)	(55, 35.8109)	(56, 35.7988)	(57, 35.799)	(58, 35.7782)	(59, 35.7721)	(60, 35.7648)	(61, 35.7608)	(62, 35.7703)	(63, 35.7623)	(64, 35.7277)	(65, 35.7006)	(66, 35.6749)	(67, 35.6485)	(68, 35.6433)	(69, 35.6451)	(70, 35.6312)	(71, 35.5964)	(72, 35.5768)	(73, 35.578)	(74, 35.5672)	(75, 35.5632)	(76, 35.5253)	(77, 35.5119)	(78, 35.4917)	(79, 35.4518)	(80, 35.4259)	(81, 35.3995)	(82, 35.3875)	(83, 35.3638)	(84, 35.3334)	(85, 35.3235)	(86, 35.2957)	(87, 35.2659)	(88, 35.2313)	(89, 35.2212)	(90, 35.1819)	(91, 35.1295)	(92, 35.113)	(93, 35.0909)	(94, 35.0356)	(95, 34.9942)	(96, 34.9788)	(97, 34.9419)	(98, 34.8907)	(99, 34.843)	(100, 34.7819)	(101, 34.733)	(102, 34.7132)	(103, 34.6791)	(104, 34.6391)	(105, 34.6031)	(106, 34.5587)	(107, 34.5244)	(108, 34.4795)	(109, 34.3887)	(110, 34.3583)	(111, 34.3019)	(112, 34.2352)	(113, 34.1673)	(114, 34.0623)	(115, 34.0269)	(116, 33.9681)	(117, 33.8484)	(118, 33.7363)	(119, 33.6492)	(120, 33.5389)	(121, 33.3786)	(122, 33.2173)	(123, 32.9986)	(124, 32.6146)	(125, 32.1273)
HC_6hpi_1	(1, 31.9395)	(2, 32.0668)	(3, 32.0428)	(4, 32.0565)	(5, 32.0903)	(6, 35.6451)	(7, 35.6721)	(8, 35.7102)	(9, 35.6165)	(10, 35.6627)	(11, 35.6523)	(12, 35.6766)	(13, 35.6706)	(14, 35.7233)	(15, 35.7404)	(16, 35.7627)	(17, 35.79)	(18, 35.8193)	(19, 35.7875)	(20, 35.7808)	(21, 35.7708)	(22, 35.7998)	(23, 35.8004)	(24, 35.8407)	(25, 35.8489)	(26, 35.8726)	(27, 35.876)	(28, 35.8985)	(29, 35.7989)	(30, 2.0)	(31, 26.2624)	(32, 27.9126)	(33, 34.1785)	(34, 35.1049)	(35, 35.4255)	(36, 35.5381)	(37, 35.586)	(38, 35.6054)	(39, 35.5923)	(40, 35.5643)	(41, 35.5405)	(42, 35.5124)	(43, 35.5188)	(44, 35.5002)	(45, 35.4879)	(46, 35.4151)	(47, 35.4311)	(48, 35.562)	(49, 35.5166)	(50, 35.6007)	(51, 35.5908)	(52, 35.5771)	(53, 35.6323)	(54, 35.6507)	(55, 35.6832)	(56, 35.6979)	(57, 35.6526)	(58, 35.607)	(59, 35.6116)	(60, 35.5629)	(61, 35.5555)	(62, 35.5424)	(63, 35.5005)	(64, 35.5055)	(65, 35.516)	(66, 35.4959)	(67, 35.5321)	(68, 35.5813)	(69, 35.5422)	(70, 35.5505)	(71, 35.5011)	(72, 35.5387)	(73, 35.5191)	(74, 35.4757)	(75, 35.4861)	(76, 35.4547)	(77, 35.4725)	(78, 35.4705)	(79, 35.47)	(80, 35.4026)	(81, 35.423)	(82, 35.3883)	(83, 35.3769)	(84, 35.3765)	(85, 35.3212)	(86, 35.3413)	(87, 35.3536)	(88, 35.2955)	(89, 35.2554)	(90, 35.2177)	(91, 35.141)	(92, 35.1337)	(93, 35.1231)	(94, 35.1463)	(95, 35.1102)	(96, 35.1731)	(97, 35.1607)	(98, 35.1449)	(99, 35.0618)	(100, 35.0409)	(101, 35.0512)	(102, 35.0148)	(103, 34.9711)	(104, 34.9547)	(105, 34.9321)	(106, 34.8823)	(107, 34.868)	(108, 34.8274)	(109, 34.7493)	(110, 34.7034)	(111, 34.6807)	(112, 34.6542)	(113, 34.5845)	(114, 34.4892)	(115, 34.4533)	(116, 34.419)	(117, 34.3916)	(118, 34.3096)	(119, 34.2118)	(120, 34.1361)	(121, 34.0091)	(122, 33.8869)	(123, 33.745)	(124, 33.4256)	(125, 33.0066)
HC_6hpi_2	(1, 32.001)	(2, 32.1254)	(3, 32.1046)	(4, 32.124)	(5, 32.1519)	(6, 35.7241)	(7, 35.7563)	(8, 35.7868)	(9, 35.7022)	(10, 35.7479)	(11, 35.7295)	(12, 35.7538)	(13, 35.7488)	(14, 35.8053)	(15, 35.8227)	(16, 35.8442)	(17, 35.8719)	(18, 35.9026)	(19, 35.871)	(20, 35.8641)	(21, 35.858)	(22, 35.8864)	(23, 35.8874)	(24, 35.93)	(25, 35.9387)	(26, 35.9639)	(27, 35.9673)	(28, 35.9915)	(29, 35.8944)	(30, 2.0)	(31, 26.2947)	(32, 28.1334)	(33, 34.3122)	(34, 35.2064)	(35, 35.5136)	(36, 35.629)	(37, 35.6774)	(38, 35.6973)	(39, 35.6826)	(40, 35.6572)	(41, 35.6366)	(42, 35.6061)	(43, 35.6116)	(44, 35.5924)	(45, 35.5808)	(46, 35.5129)	(47, 35.5283)	(48, 35.6516)	(49, 35.6015)	(50, 35.6822)	(51, 35.671)	(52, 35.6566)	(53, 35.7123)	(54, 35.7393)	(55, 35.771)	(56, 35.7924)	(57, 35.7432)	(58, 35.702)	(59, 35.7108)	(60, 35.6563)	(61, 35.6466)	(62, 35.6331)	(63, 35.5904)	(64, 35.5941)	(65, 35.6048)	(66, 35.5892)	(67, 35.6284)	(68, 35.6797)	(69, 35.6394)	(70, 35.6553)	(71, 35.6025)	(72, 35.6444)	(73, 35.6243)	(74, 35.5825)	(75, 35.5941)	(76, 35.5662)	(77, 35.5851)	(78, 35.5818)	(79, 35.5848)	(80, 35.5133)	(81, 35.5417)	(82, 35.5036)	(83, 35.4959)	(84, 35.4987)	(85, 35.4423)	(86, 35.4664)	(87, 35.481)	(88, 35.4227)	(89, 35.3833)	(90, 35.349)	(91, 35.2703)	(92, 35.2643)	(93, 35.259)	(94, 35.2821)	(95, 35.2524)	(96, 35.3112)	(97, 35.3038)	(98, 35.2897)	(99, 35.21)	(100, 35.1928)	(101, 35.204)	(102, 35.1706)	(103, 35.1292)	(104, 35.1127)	(105, 35.0898)	(106, 35.0473)	(107, 35.0359)	(108, 34.9981)	(109, 34.923)	(110, 34.8778)	(111, 34.8616)	(112, 34.8395)	(113, 34.7709)	(114, 34.6778)	(115, 34.6467)	(116, 34.6174)	(117, 34.5905)	(118, 34.5152)	(119, 34.4214)	(120, 34.355)	(121, 34.2346)	(122, 34.1187)	(123, 33.992)	(124, 33.6904)	(125, 33.2872)
HC_6hpi_3	(1, 32.0151)	(2, 32.1414)	(3, 32.1145)	(4, 32.1309)	(5, 32.161)	(6, 35.7321)	(7, 35.7598)	(8, 35.7953)	(9, 35.702)	(10, 35.7499)	(11, 35.7354)	(12, 35.7578)	(13, 35.7509)	(14, 35.8044)	(15, 35.8206)	(16, 35.844)	(17, 35.8694)	(18, 35.8976)	(19, 35.8665)	(20, 35.8603)	(21, 35.852)	(22, 35.8802)	(23, 35.8826)	(24, 35.9225)	(25, 35.9285)	(26, 35.9542)	(27, 35.9571)	(28, 35.9772)	(29, 35.8828)	(30, 2.0)	(31, 26.2967)	(32, 28.2461)	(33, 34.3316)	(34, 35.2139)	(35, 35.5195)	(36, 35.6301)	(37, 35.6781)	(38, 35.6967)	(39, 35.6842)	(40, 35.6544)	(41, 35.6329)	(42, 35.6053)	(43, 35.6117)	(44, 35.5947)	(45, 35.5825)	(46, 35.5134)	(47, 35.5275)	(48, 35.6534)	(49, 35.6055)	(50, 35.6843)	(51, 35.6766)	(52, 35.6635)	(53, 35.7183)	(54, 35.7371)	(55, 35.7696)	(56, 35.7871)	(57, 35.744)	(58, 35.6999)	(59, 35.7054)	(60, 35.6562)	(61, 35.6485)	(62, 35.6334)	(63, 35.5922)	(64, 35.599)	(65, 35.6093)	(66, 35.5893)	(67, 35.6267)	(68, 35.6765)	(69, 35.6397)	(70, 35.6507)	(71, 35.6015)	(72, 35.6405)	(73, 35.6222)	(74, 35.5794)	(75, 35.5885)	(76, 35.5592)	(77, 35.5788)	(78, 35.5791)	(79, 35.5801)	(80, 35.5125)	(81, 35.5349)	(82, 35.4996)	(83, 35.4914)	(84, 35.4901)	(85, 35.437)	(86, 35.4581)	(87, 35.4745)	(88, 35.418)	(89, 35.3778)	(90, 35.3413)	(91, 35.2674)	(92, 35.2613)	(93, 35.2531)	(94, 35.2759)	(95, 35.2442)	(96, 35.3033)	(97, 35.2924)	(98, 35.2806)	(99, 35.1998)	(100, 35.1827)	(101, 35.1927)	(102, 35.1586)	(103, 35.1197)	(104, 35.1026)	(105, 35.0827)	(106, 35.0342)	(107, 35.0214)	(108, 34.9849)	(109, 34.9106)	(110, 34.8641)	(111, 34.8461)	(112, 34.8274)	(113, 34.7603)	(114, 34.6669)	(115, 34.6333)	(116, 34.6069)	(117, 34.582)	(118, 34.5059)	(119, 34.4115)	(120, 34.3429)	(121, 34.2287)	(122, 34.1131)	(123, 33.9835)	(124, 33.6785)	(125, 33.2747)
HI_24hpi_1	(1, 32.2128)	(2, 32.2846)	(3, 32.2849)	(4, 32.2982)	(5, 32.3053)	(6, 35.9151)	(7, 35.9629)	(8, 35.9542)	(9, 35.9335)	(10, 35.918)	(11, 35.9337)	(12, 35.9033)	(13, 35.9068)	(14, 35.898)	(15, 35.9074)	(16, 35.8991)	(17, 35.8775)	(18, 35.8562)	(19, 35.827)	(20, 35.8233)	(21, 35.8028)	(22, 35.7664)	(23, 35.7458)	(24, 35.7341)	(25, 35.7165)	(26, 35.702)	(27, 35.6883)	(28, 35.7028)	(29, 35.7184)	(30, 35.7296)	(31, 35.7468)	(32, 35.7658)	(33, 35.8069)	(34, 35.8644)	(35, 35.8839)	(36, 35.8798)	(37, 35.8825)	(38, 35.8758)	(39, 35.8626)	(40, 35.837)	(41, 35.8353)	(42, 35.8509)	(43, 35.8224)	(44, 35.8154)	(45, 35.8101)	(46, 35.8153)	(47, 35.8091)	(48, 35.8063)	(49, 35.7828)	(50, 35.7818)	(51, 35.7878)	(52, 35.7767)	(53, 35.754)	(54, 35.7462)	(55, 35.7107)	(56, 35.6999)	(57, 35.7017)	(58, 35.6796)	(59, 35.6692)	(60, 35.6632)	(61, 35.6523)	(62, 35.665)	(63, 35.6647)	(64, 35.6233)	(65, 35.5951)	(66, 35.5648)	(67, 35.538)	(68, 35.5351)	(69, 35.5352)	(70, 35.5198)	(71, 35.4836)	(72, 35.4591)	(73, 35.4601)	(74, 35.4443)	(75, 35.4406)	(76, 35.4061)	(77, 35.3887)	(78, 35.3695)	(79, 35.3266)	(80, 35.2954)	(81, 35.271)	(82, 35.2511)	(83, 35.2291)	(84, 35.1969)	(85, 35.1854)	(86, 35.15)	(87, 35.1189)	(88, 35.0821)	(89, 35.0711)	(90, 35.0348)	(91, 34.9743)	(92, 34.9565)	(93, 34.9316)	(94, 34.8757)	(95, 34.8285)	(96, 34.8118)	(97, 34.7731)	(98, 34.7141)	(99, 34.668)	(100, 34.5978)	(101, 34.549)	(102, 34.5235)	(103, 34.4862)	(104, 34.4476)	(105, 34.4014)	(106, 34.3581)	(107, 34.3175)	(108, 34.2693)	(109, 34.1759)	(110, 34.1403)	(111, 34.0864)	(112, 34.0079)	(113, 33.9352)	(114, 33.8237)	(115, 33.7786)	(116, 33.7163)	(117, 33.5984)	(118, 33.48)	(119, 33.384)	(120, 33.2551)	(121, 33.0813)	(122, 32.9058)	(123, 32.6777)	(124, 32.2749)	(125, 31.7543)
HI_24hpi_2	(1, 32.314)	(2, 32.3802)	(3, 32.3854)	(4, 32.3951)	(5, 32.4019)	(6, 36.0635)	(7, 36.0973)	(8, 36.085)	(9, 36.0694)	(10, 36.0581)	(11, 36.0696)	(12, 36.0446)	(13, 36.0521)	(14, 36.042)	(15, 36.0501)	(16, 36.0421)	(17, 36.0259)	(18, 36.0084)	(19, 35.9844)	(20, 35.9805)	(21, 35.9614)	(22, 35.9285)	(23, 35.9131)	(24, 35.9014)	(25, 35.8837)	(26, 35.8674)	(27, 35.86)	(28, 35.872)	(29, 35.8829)	(30, 35.8928)	(31, 35.9103)	(32, 35.9253)	(33, 35.9587)	(34, 36.0113)	(35, 36.0291)	(36, 36.0242)	(37, 36.0242)	(38, 36.0176)	(39, 36.0088)	(40, 35.9864)	(41, 35.9828)	(42, 35.9955)	(43, 35.9724)	(44, 35.9659)	(45, 35.9602)	(46, 35.9623)	(47, 35.956)	(48, 35.9561)	(49, 35.9383)	(50, 35.9364)	(51, 35.9408)	(52, 35.9287)	(53, 35.9116)	(54, 35.9038)	(55, 35.8718)	(56, 35.8592)	(57, 35.8603)	(58, 35.841)	(59, 35.832)	(60, 35.8259)	(61, 35.8185)	(62, 35.8288)	(63, 35.8252)	(64, 35.7886)	(65, 35.7676)	(66, 35.7394)	(67, 35.7124)	(68, 35.7096)	(69, 35.7109)	(70, 35.6946)	(71, 35.6652)	(72, 35.6443)	(73, 35.643)	(74, 35.6298)	(75, 35.6267)	(76, 35.5926)	(77, 35.5786)	(78, 35.5571)	(79, 35.5194)	(80, 35.4938)	(81, 35.4691)	(82, 35.455)	(83, 35.4318)	(84, 35.4048)	(85, 35.3917)	(86, 35.3644)	(87, 35.3374)	(88, 35.3054)	(89, 35.2957)	(90, 35.2585)	(91, 35.2077)	(92, 35.19)	(93, 35.1644)	(94, 35.1121)	(95, 35.0717)	(96, 35.0557)	(97, 35.0205)	(98, 34.968)	(99, 34.9217)	(100, 34.8618)	(101, 34.818)	(102, 34.7962)	(103, 34.7584)	(104, 34.7204)	(105, 34.685)	(106, 34.6415)	(107, 34.607)	(108, 34.5659)	(109, 34.4805)	(110, 34.4458)	(111, 34.395)	(112, 34.3298)	(113, 34.2666)	(114, 34.1669)	(115, 34.1267)	(116, 34.0682)	(117, 33.9563)	(118, 33.8503)	(119, 33.7657)	(120, 33.6577)	(121, 33.5013)	(122, 33.3506)	(123, 33.1394)	(124, 32.7745)	(125, 32.3106)
HI_24hpi_3	(1, 32.2011)	(2, 32.2728)	(3, 32.2799)	(4, 32.287)	(5, 32.2901)	(6, 35.8942)	(7, 35.9483)	(8, 35.932)	(9, 35.9129)	(10, 35.9069)	(11, 35.924)	(12, 35.8904)	(13, 35.8993)	(14, 35.8952)	(15, 35.9054)	(16, 35.8993)	(17, 35.8789)	(18, 35.8593)	(19, 35.8346)	(20, 35.8261)	(21, 35.8047)	(22, 35.766)	(23, 35.7482)	(24, 35.7319)	(25, 35.7105)	(26, 35.6959)	(27, 35.6829)	(28, 35.7044)	(29, 35.7192)	(30, 35.7306)	(31, 35.7521)	(32, 35.7697)	(33, 35.8102)	(34, 35.8694)	(35, 35.885)	(36, 35.8741)	(37, 35.8808)	(38, 35.8706)	(39, 35.8622)	(40, 35.8377)	(41, 35.8357)	(42, 35.8539)	(43, 35.8222)	(44, 35.8159)	(45, 35.8092)	(46, 35.8094)	(47, 35.8004)	(48, 35.7983)	(49, 35.7754)	(50, 35.7756)	(51, 35.7813)	(52, 35.7712)	(53, 35.749)	(54, 35.7368)	(55, 35.7031)	(56, 35.688)	(57, 35.69)	(58, 35.6666)	(59, 35.6574)	(60, 35.6519)	(61, 35.6452)	(62, 35.6569)	(63, 35.6527)	(64, 35.6112)	(65, 35.5834)	(66, 35.5555)	(67, 35.5215)	(68, 35.5192)	(69, 35.5183)	(70, 35.4988)	(71, 35.4643)	(72, 35.4422)	(73, 35.4437)	(74, 35.427)	(75, 35.4231)	(76, 35.3852)	(77, 35.3656)	(78, 35.3422)	(79, 35.2982)	(80, 35.2696)	(81, 35.243)	(82, 35.2277)	(83, 35.2028)	(84, 35.169)	(85, 35.1552)	(86, 35.1234)	(87, 35.0908)	(88, 35.054)	(89, 35.0404)	(90, 35.0019)	(91, 34.9438)	(92, 34.9213)	(93, 34.8972)	(94, 34.8357)	(95, 34.7902)	(96, 34.7717)	(97, 34.7308)	(98, 34.676)	(99, 34.6245)	(100, 34.5527)	(101, 34.5004)	(102, 34.4776)	(103, 34.4373)	(104, 34.3918)	(105, 34.3573)	(106, 34.3041)	(107, 34.259)	(108, 34.2112)	(109, 34.1146)	(110, 34.0766)	(111, 34.0168)	(112, 33.9437)	(113, 33.8735)	(114, 33.7576)	(115, 33.7155)	(116, 33.6486)	(117, 33.5243)	(118, 33.4013)	(119, 33.3015)	(120, 33.1801)	(121, 33.0052)	(122, 32.83)	(123, 32.5936)	(124, 32.1797)	(125, 31.6592)
HI_48hpi_1	(1, 32.3072)	(2, 32.3887)	(3, 32.395)	(4, 32.4087)	(5, 32.4206)	(6, 36.0935)	(7, 36.1269)	(8, 36.1035)	(9, 36.1027)	(10, 36.0962)	(11, 36.0927)	(12, 36.0817)	(13, 36.0822)	(14, 36.0797)	(15, 36.0747)	(16, 36.0675)	(17, 36.0653)	(18, 36.0522)	(19, 36.0538)	(20, 36.0489)	(21, 36.0495)	(22, 36.038)	(23, 36.0389)	(24, 36.0428)	(25, 36.0268)	(26, 36.0271)	(27, 36.024)	(28, 36.0244)	(29, 36.0218)	(30, 36.0203)	(31, 36.0136)	(32, 36.0155)	(33, 36.0101)	(34, 35.9931)	(35, 35.9913)	(36, 35.9912)	(37, 35.9823)	(38, 35.9835)	(39, 35.9681)	(40, 35.9547)	(41, 35.9576)	(42, 35.9619)	(43, 35.9448)	(44, 35.9509)	(45, 35.9418)	(46, 35.9405)	(47, 35.9335)	(48, 35.9285)	(49, 35.9192)	(50, 35.9116)	(51, 35.8995)	(52, 35.9036)	(53, 35.8941)	(54, 35.8909)	(55, 35.8731)	(56, 35.8655)	(57, 35.8583)	(58, 35.8457)	(59, 35.8384)	(60, 35.8344)	(61, 35.8219)	(62, 35.8103)	(63, 35.799)	(64, 35.7866)	(65, 35.7804)	(66, 35.7627)	(67, 35.7495)	(68, 35.7357)	(69, 35.7235)	(70, 35.6953)	(71, 35.6842)	(72, 35.664)	(73, 35.6499)	(74, 35.6453)	(75, 35.6341)	(76, 35.6049)	(77, 35.5898)	(78, 35.5673)	(79, 35.55)	(80, 35.5322)	(81, 35.5112)	(82, 35.5008)	(83, 35.4777)	(84, 35.4418)	(85, 35.4162)	(86, 35.4055)	(87, 35.398)	(88, 35.3754)	(89, 35.3338)	(90, 35.2983)	(91, 35.2777)	(92, 35.2413)	(93, 35.2022)	(94, 35.1703)	(95, 35.1559)	(96, 35.1323)	(97, 35.0969)	(98, 35.0806)	(99, 35.0535)	(100, 35.01)	(101, 34.9607)	(102, 34.9366)	(103, 34.8832)	(104, 34.8312)	(105, 34.7957)	(106, 34.7534)	(107, 34.7194)	(108, 34.6823)	(109, 34.6539)	(110, 34.6021)	(111, 34.516)	(112, 34.4708)	(113, 34.4551)	(114, 34.3722)	(115, 34.3119)	(116, 34.2514)	(117, 34.1727)	(118, 34.0715)	(119, 34.025)	(120, 33.9229)	(121, 33.7844)	(122, 33.6631)	(123, 33.4689)	(124, 33.1219)	(125, 32.6922)
HI_48hpi_2	(1, 32.3038)	(2, 32.3895)	(3, 32.3964)	(4, 32.4129)	(5, 32.4205)	(6, 36.094)	(7, 36.1268)	(8, 36.1069)	(9, 36.1041)	(10, 36.1)	(11, 36.0967)	(12, 36.0827)	(13, 36.0828)	(14, 36.0813)	(15, 36.0732)	(16, 36.0667)	(17, 36.0636)	(18, 36.0505)	(19, 36.0519)	(20, 36.0456)	(21, 36.0455)	(22, 36.0328)	(23, 36.0345)	(24, 36.0389)	(25, 36.0231)	(26, 36.0218)	(27, 36.0161)	(28, 36.0172)	(29, 36.0163)	(30, 36.0149)	(31, 36.0067)	(32, 36.0096)	(33, 36.002)	(34, 35.9873)	(35, 35.9848)	(36, 35.9838)	(37, 35.9743)	(38, 35.9745)	(39, 35.9603)	(40, 35.9478)	(41, 35.9489)	(42, 35.9518)	(43, 35.9389)	(44, 35.9429)	(45, 35.9322)	(46, 35.9299)	(47, 35.9262)	(48, 35.9167)	(49, 35.9096)	(50, 35.8994)	(51, 35.8881)	(52, 35.8917)	(53, 35.8825)	(54, 35.8785)	(55, 35.8644)	(56, 35.8549)	(57, 35.849)	(58, 35.8356)	(59, 35.826)	(60, 35.8214)	(61, 35.8105)	(62, 35.7979)	(63, 35.785)	(64, 35.7769)	(65, 35.7678)	(66, 35.7517)	(67, 35.7387)	(68, 35.7236)	(69, 35.711)	(70, 35.6854)	(71, 35.6729)	(72, 35.6525)	(73, 35.6361)	(74, 35.6351)	(75, 35.6234)	(76, 35.5941)	(77, 35.5795)	(78, 35.5592)	(79, 35.5404)	(80, 35.5234)	(81, 35.4995)	(82, 35.4896)	(83, 35.4669)	(84, 35.4313)	(85, 35.4052)	(86, 35.3977)	(87, 35.3894)	(88, 35.3669)	(89, 35.3234)	(90, 35.289)	(91, 35.2682)	(92, 35.2314)	(93, 35.1929)	(94, 35.1609)	(95, 35.1448)	(96, 35.1252)	(97, 35.0868)	(98, 35.0699)	(99, 35.0454)	(100, 35.0026)	(101, 34.9503)	(102, 34.9256)	(103, 34.873)	(104, 34.8191)	(105, 34.7856)	(106, 34.7453)	(107, 34.7092)	(108, 34.6723)	(109, 34.6466)	(110, 34.5939)	(111, 34.5047)	(112, 34.4606)	(113, 34.4454)	(114, 34.3614)	(115, 34.304)	(116, 34.2418)	(117, 34.1601)	(118, 34.0576)	(119, 34.0134)	(120, 33.9104)	(121, 33.7687)	(122, 33.6466)	(123, 33.4466)	(124, 33.0934)	(125, 32.6487)
HI_48hpi_3	(1, 32.1743)	(2, 32.2557)	(3, 32.2666)	(4, 32.2702)	(5, 32.2808)	(6, 35.8839)	(7, 35.9256)	(8, 35.9221)	(9, 35.8964)	(10, 35.8884)	(11, 35.9022)	(12, 35.8658)	(13, 35.8747)	(14, 35.8691)	(15, 35.8791)	(16, 35.8712)	(17, 35.8505)	(18, 35.8312)	(19, 35.8041)	(20, 35.8007)	(21, 35.7778)	(22, 35.7407)	(23, 35.7211)	(24, 35.7059)	(25, 35.6851)	(26, 35.669)	(27, 35.656)	(28, 35.6766)	(29, 35.6907)	(30, 35.706)	(31, 35.727)	(32, 35.7448)	(33, 35.7825)	(34, 35.8431)	(35, 35.8619)	(36, 35.8526)	(37, 35.8546)	(38, 35.8485)	(39, 35.8392)	(40, 35.8146)	(41, 35.8157)	(42, 35.8349)	(43, 35.8052)	(44, 35.7955)	(45, 35.789)	(46, 35.7934)	(47, 35.7826)	(48, 35.7807)	(49, 35.7587)	(50, 35.7614)	(51, 35.7683)	(52, 35.762)	(53, 35.7414)	(54, 35.7308)	(55, 35.6928)	(56, 35.6771)	(57, 35.6801)	(58, 35.6556)	(59, 35.6464)	(60, 35.6424)	(61, 35.6365)	(62, 35.6552)	(63, 35.6499)	(64, 35.611)	(65, 35.5838)	(66, 35.5528)	(67, 35.5218)	(68, 35.5178)	(69, 35.5205)	(70, 35.5031)	(71, 35.4683)	(72, 35.4463)	(73, 35.4489)	(74, 35.4389)	(75, 35.4359)	(76, 35.3961)	(77, 35.3769)	(78, 35.356)	(79, 35.3127)	(80, 35.2836)	(81, 35.2598)	(82, 35.2464)	(83, 35.219)	(84, 35.1898)	(85, 35.1785)	(86, 35.1498)	(87, 35.1206)	(88, 35.0809)	(89, 35.0704)	(90, 35.0309)	(91, 34.97)	(92, 34.9534)	(93, 34.9289)	(94, 34.8752)	(95, 34.8301)	(96, 34.8138)	(97, 34.7735)	(98, 34.7188)	(99, 34.6672)	(100, 34.5988)	(101, 34.5483)	(102, 34.526)	(103, 34.4883)	(104, 34.4471)	(105, 34.4098)	(106, 34.3672)	(107, 34.3319)	(108, 34.2834)	(109, 34.1885)	(110, 34.1501)	(111, 34.0948)	(112, 34.0213)	(113, 33.9507)	(114, 33.8379)	(115, 33.7949)	(116, 33.7393)	(117, 33.614)	(118, 33.4949)	(119, 33.4046)	(120, 33.2806)	(121, 33.1119)	(122, 32.9376)	(123, 32.7052)	(124, 32.3)	(125, 31.785)
HI_6hpi_1	(1, 32.0378)	(2, 32.1509)	(3, 32.1359)	(4, 32.1506)	(5, 32.1816)	(6, 35.7622)	(7, 35.7894)	(8, 35.8228)	(9, 35.7343)	(10, 35.7803)	(11, 35.7644)	(12, 35.7861)	(13, 35.7804)	(14, 35.8371)	(15, 35.8528)	(16, 35.875)	(17, 35.9009)	(18, 35.93)	(19, 35.8976)	(20, 35.894)	(21, 35.8865)	(22, 35.9146)	(23, 35.9174)	(24, 35.9568)	(25, 35.9644)	(26, 35.9885)	(27, 35.9924)	(28, 36.0143)	(29, 35.9203)	(30, 2.0)	(31, 26.3127)	(32, 28.2945)	(33, 34.3686)	(34, 35.2484)	(35, 35.5534)	(36, 35.6619)	(37, 35.7072)	(38, 35.727)	(39, 35.7141)	(40, 35.6853)	(41, 35.6636)	(42, 35.6325)	(43, 35.6412)	(44, 35.6215)	(45, 35.6097)	(46, 35.5407)	(47, 35.5554)	(48, 35.6813)	(49, 35.6322)	(50, 35.7132)	(51, 35.7039)	(52, 35.6881)	(53, 35.7444)	(54, 35.7691)	(55, 35.8004)	(56, 35.8193)	(57, 35.7732)	(58, 35.7287)	(59, 35.7386)	(60, 35.6881)	(61, 35.6801)	(62, 35.6622)	(63, 35.6246)	(64, 35.6274)	(65, 35.6385)	(66, 35.6167)	(67, 35.6537)	(68, 35.7045)	(69, 35.6661)	(70, 35.6804)	(71, 35.6333)	(72, 35.6713)	(73, 35.6526)	(74, 35.612)	(75, 35.6219)	(76, 35.5913)	(77, 35.6095)	(78, 35.6085)	(79, 35.6086)	(80, 35.5399)	(81, 35.5674)	(82, 35.528)	(83, 35.52)	(84, 35.5239)	(85, 35.4695)	(86, 35.4884)	(87, 35.5039)	(88, 35.446)	(89, 35.4092)	(90, 35.3722)	(91, 35.296)	(92, 35.2873)	(93, 35.2815)	(94, 35.3041)	(95, 35.2733)	(96, 35.3331)	(97, 35.3254)	(98, 35.3106)	(99, 35.2338)	(100, 35.2169)	(101, 35.2246)	(102, 35.1898)	(103, 35.1498)	(104, 35.1372)	(105, 35.1136)	(106, 35.0672)	(107, 35.0573)	(108, 35.022)	(109, 34.9477)	(110, 34.9018)	(111, 34.8852)	(112, 34.8598)	(113, 34.7921)	(114, 34.7008)	(115, 34.6681)	(116, 34.6438)	(117, 34.6191)	(118, 34.5442)	(119, 34.451)	(120, 34.3817)	(121, 34.2671)	(122, 34.151)	(123, 34.0248)	(124, 33.7215)	(125, 33.3169)
HI_6hpi_2	(1, 32.0731)	(2, 32.1852)	(3, 32.1688)	(4, 32.1839)	(5, 32.2119)	(6, 35.8087)	(7, 35.8373)	(8, 35.8655)	(9, 35.7816)	(10, 35.8293)	(11, 35.8103)	(12, 35.8307)	(13, 35.8241)	(14, 35.8792)	(15, 35.8953)	(16, 35.9174)	(17, 35.9429)	(18, 35.9711)	(19, 35.9424)	(20, 35.9386)	(21, 35.9298)	(22, 35.9576)	(23, 35.9616)	(24, 35.9997)	(25, 36.0067)	(26, 36.0315)	(27, 36.0344)	(28, 36.0565)	(29, 35.9641)	(30, 2.0)	(31, 26.3344)	(32, 28.3483)	(33, 34.4487)	(34, 35.3096)	(35, 35.6053)	(36, 35.7131)	(37, 35.7595)	(38, 35.7771)	(39, 35.7661)	(40, 35.7392)	(41, 35.7172)	(42, 35.6872)	(43, 35.6938)	(44, 35.6763)	(45, 35.6666)	(46, 35.6001)	(47, 35.6144)	(48, 35.7323)	(49, 35.6845)	(50, 35.7607)	(51, 35.7497)	(52, 35.7341)	(53, 35.7894)	(54, 35.8154)	(55, 35.8476)	(56, 35.8664)	(57, 35.8215)	(58, 35.78)	(59, 35.7885)	(60, 35.74)	(61, 35.7289)	(62, 35.714)	(63, 35.6747)	(64, 35.6767)	(65, 35.6874)	(66, 35.6703)	(67, 35.7098)	(68, 35.76)	(69, 35.7226)	(70, 35.7367)	(71, 35.6882)	(72, 35.7267)	(73, 35.7073)	(74, 35.6673)	(75, 35.6782)	(76, 35.6489)	(77, 35.6692)	(78, 35.6668)	(79, 35.6682)	(80, 35.603)	(81, 35.6298)	(82, 35.5931)	(83, 35.5849)	(84, 35.5866)	(85, 35.5323)	(86, 35.5528)	(87, 35.568)	(88, 35.5143)	(89, 35.479)	(90, 35.4442)	(91, 35.3693)	(92, 35.3619)	(93, 35.3559)	(94, 35.3767)	(95, 35.3499)	(96, 35.4082)	(97, 35.3985)	(98, 35.3859)	(99, 35.3101)	(100, 35.2968)	(101, 35.3051)	(102, 35.2722)	(103, 35.2346)	(104, 35.2202)	(105, 35.2007)	(106, 35.1553)	(107, 35.1451)	(108, 35.11)	(109, 35.0395)	(110, 34.9962)	(111, 34.9812)	(112, 34.9583)	(113, 34.895)	(114, 34.8046)	(115, 34.7732)	(116, 34.7489)	(117, 34.7303)	(118, 34.6552)	(119, 34.5663)	(120, 34.5041)	(121, 34.3928)	(122, 34.2841)	(123, 34.1635)	(124, 33.8721)	(125, 33.4841)
HI_6hpi_3	(1, 32.3229)	(2, 32.4167)	(3, 32.3892)	(4, 32.4024)	(5, 32.4295)	(6, 36.0757)	(7, 36.1328)	(8, 36.0849)	(9, 36.033)	(10, 36.0856)	(11, 36.086)	(12, 36.0894)	(13, 36.089)	(14, 36.1041)	(15, 36.0942)	(16, 36.0782)	(17, 36.084)	(18, 36.0765)	(19, 36.0684)	(20, 36.0612)	(21, 36.0649)	(22, 35.9585)	(23, 36.0269)	(24, 36.0479)	(25, 36.0462)	(26, 36.0524)	(27, 36.0414)	(28, 36.0326)	(29, 36.0342)	(30, 36.0288)	(31, 36.0216)	(32, 36.0064)	(33, 36.0166)	(34, 36.0068)	(35, 36.0066)	(36, 36.0052)	(37, 36.0054)	(38, 35.9828)	(39, 35.9847)	(40, 35.9735)	(41, 35.9727)	(42, 35.9777)	(43, 35.9683)	(44, 35.9588)	(45, 35.9496)	(46, 35.9397)	(47, 35.9342)	(48, 35.9326)	(49, 35.922)	(50, 35.9129)	(51, 35.9083)	(52, 35.9001)	(53, 35.8883)	(54, 35.8854)	(55, 35.8689)	(56, 35.8612)	(57, 35.8514)	(58, 35.8444)	(59, 35.8359)	(60, 35.82)	(61, 35.8204)	(62, 35.8125)	(63, 35.804)	(64, 35.7852)	(65, 35.7708)	(66, 35.7537)	(67, 35.7269)	(68, 35.7331)	(69, 35.7106)	(70, 35.6923)	(71, 35.6927)	(72, 35.675)	(73, 35.6562)	(74, 35.6335)	(75, 35.6207)	(76, 35.5981)	(77, 35.5929)	(78, 35.5665)	(79, 35.54)	(80, 35.5105)	(81, 35.492)	(82, 35.4794)	(83, 35.4641)	(84, 35.4387)	(85, 35.4127)	(86, 35.3921)	(87, 35.357)	(88, 35.3422)	(89, 35.3357)	(90, 35.2961)	(91, 35.2422)	(92, 35.2088)	(93, 35.1886)	(94, 35.157)	(95, 35.1307)	(96, 35.1178)	(97, 35.0879)	(98, 35.0624)	(99, 35.0156)	(100, 34.9775)	(101, 34.9316)	(102, 34.9021)	(103, 34.8362)	(104, 34.8163)	(105, 34.7771)	(106, 34.73)	(107, 34.681)	(108, 34.6714)	(109, 34.6176)	(110, 34.539)	(111, 34.488)	(112, 34.4207)	(113, 34.3683)	(114, 34.1845)	(115, 34.1846)	(116, 34.1465)	(117, 34.0973)	(118, 34.0152)	(119, 33.9247)	(120, 33.8216)	(121, 33.6809)	(122, 33.5381)	(123, 33.339)	(124, 32.996)	(125, 32.5191)
