Sample	0	1	2	3	4	5	6	7	8	9	10	11	12	13	14	15	16	17	18	19	20	21	22	23	24	25	26	27	28	29	30	31	32	33	34	35	36	37	38	39	40	41	42	43	44	45	46	47
GC_24hpi_1_R1	(30, 1324.0)	(32, 2799.0)	(34, 3384.0)	(36, 2615.0)	(38, 2382.0)	(40, 2765.0)	(42, 2085.0)	(44, 2100.0)	(46, 1667.0)	(48, 1967.0)	(50, 1771.0)	(52, 1870.0)	(54, 1785.0)	(56, 1674.0)	(58, 1669.0)	(60, 2172.0)	(62, 1966.0)	(64, 1918.0)	(66, 1940.0)	(68, 1954.0)	(70, 1726.0)	(72, 2011.0)	(74, 1643.0)	(76, 1778.0)	(78, 2140.0)	(80, 1804.0)	(82, 1766.0)	(84, 1796.0)	(86, 1751.0)	(88, 1715.0)	(90, 1622.0)	(92, 1622.0)	(94, 1764.0)	(96, 1567.0)	(98, 1460.0)	(100, 1612.0)	(102, 1400.0)	(104, 1434.0)	(106, 1302.0)	(108, 1329.0)	(110, 1301.0)	(112, 1247.0)	(114, 1215.0)	(116, 1291.0)	(118, 8948.0)	(120, 9457.0)	(122, 10165.0)	(124, 14357596.0)
GC_24hpi_1_R2	(30, 1324.0)	(32, 2799.0)	(34, 3384.0)	(36, 2615.0)	(38, 2382.0)	(40, 2765.0)	(42, 2085.0)	(44, 2100.0)	(46, 1667.0)	(48, 1967.0)	(50, 1771.0)	(52, 1870.0)	(54, 1785.0)	(56, 1674.0)	(58, 1669.0)	(60, 2172.0)	(62, 1966.0)	(64, 1918.0)	(66, 1940.0)	(68, 1954.0)	(70, 1726.0)	(72, 2011.0)	(74, 1643.0)	(76, 1778.0)	(78, 2140.0)	(80, 1804.0)	(82, 1766.0)	(84, 1796.0)	(86, 1751.0)	(88, 1715.0)	(90, 1622.0)	(92, 1622.0)	(94, 1764.0)	(96, 1567.0)	(98, 1460.0)	(100, 1612.0)	(102, 1400.0)	(104, 1434.0)	(106, 1302.0)	(108, 1329.0)	(110, 1301.0)	(112, 1247.0)	(114, 1215.0)	(116, 1291.0)	(118, 8948.0)	(120, 9457.0)	(122, 10165.0)	(124, 14357596.0)
GC_24hpi_2_R1	(30, 1253.0)	(32, 2539.0)	(34, 3041.0)	(36, 2444.0)	(38, 2163.0)	(40, 2559.0)	(42, 1846.0)	(44, 1827.0)	(46, 1616.0)	(48, 1802.0)	(50, 1602.0)	(52, 1608.0)	(54, 1566.0)	(56, 1515.0)	(58, 1635.0)	(60, 1951.0)	(62, 1907.0)	(64, 1890.0)	(66, 1939.0)	(68, 1872.0)	(70, 1726.0)	(72, 1982.0)	(74, 1775.0)	(76, 1827.0)	(78, 2045.0)	(80, 1814.0)	(82, 1792.0)	(84, 1748.0)	(86, 1737.0)	(88, 1737.0)	(90, 1586.0)	(92, 1561.0)	(94, 1692.0)	(96, 1502.0)	(98, 1361.0)	(100, 1536.0)	(102, 1399.0)	(104, 1335.0)	(106, 1355.0)	(108, 1250.0)	(110, 1308.0)	(112, 1247.0)	(114, 1167.0)	(116, 1340.0)	(118, 10435.0)	(120, 11092.0)	(122, 12421.0)	(124, 15107516.0)
GC_24hpi_2_R2	(30, 1253.0)	(32, 2539.0)	(34, 3041.0)	(36, 2444.0)	(38, 2163.0)	(40, 2559.0)	(42, 1846.0)	(44, 1827.0)	(46, 1616.0)	(48, 1802.0)	(50, 1602.0)	(52, 1608.0)	(54, 1566.0)	(56, 1515.0)	(58, 1635.0)	(60, 1951.0)	(62, 1907.0)	(64, 1890.0)	(66, 1939.0)	(68, 1872.0)	(70, 1726.0)	(72, 1982.0)	(74, 1775.0)	(76, 1827.0)	(78, 2045.0)	(80, 1814.0)	(82, 1792.0)	(84, 1748.0)	(86, 1737.0)	(88, 1737.0)	(90, 1586.0)	(92, 1561.0)	(94, 1692.0)	(96, 1502.0)	(98, 1361.0)	(100, 1536.0)	(102, 1399.0)	(104, 1335.0)	(106, 1355.0)	(108, 1250.0)	(110, 1308.0)	(112, 1247.0)	(114, 1167.0)	(116, 1340.0)	(118, 10435.0)	(120, 11092.0)	(122, 12421.0)	(124, 15107516.0)
GC_24hpi_3_R1	(30, 1214.0)	(32, 2490.0)	(34, 2768.0)	(36, 2210.0)	(38, 2075.0)	(40, 2375.0)	(42, 1676.0)	(44, 1708.0)	(46, 1408.0)	(48, 1623.0)	(50, 1558.0)	(52, 1550.0)	(54, 1603.0)	(56, 1487.0)	(58, 1544.0)	(60, 1880.0)	(62, 1832.0)	(64, 1866.0)	(66, 1809.0)	(68, 1832.0)	(70, 1736.0)	(72, 1898.0)	(74, 1630.0)	(76, 1698.0)	(78, 2013.0)	(80, 1778.0)	(82, 1758.0)	(84, 1791.0)	(86, 1730.0)	(88, 1671.0)	(90, 1591.0)	(92, 1589.0)	(94, 1667.0)	(96, 1530.0)	(98, 1465.0)	(100, 1570.0)	(102, 1230.0)	(104, 1401.0)	(106, 1277.0)	(108, 1252.0)	(110, 1288.0)	(112, 1147.0)	(114, 1119.0)	(116, 1242.0)	(118, 8619.0)	(120, 9201.0)	(122, 9963.0)	(124, 13150232.0)
GC_24hpi_3_R2	(30, 1214.0)	(32, 2490.0)	(34, 2768.0)	(36, 2210.0)	(38, 2075.0)	(40, 2375.0)	(42, 1676.0)	(44, 1708.0)	(46, 1408.0)	(48, 1623.0)	(50, 1558.0)	(52, 1550.0)	(54, 1603.0)	(56, 1487.0)	(58, 1544.0)	(60, 1880.0)	(62, 1832.0)	(64, 1866.0)	(66, 1809.0)	(68, 1832.0)	(70, 1736.0)	(72, 1898.0)	(74, 1630.0)	(76, 1698.0)	(78, 2013.0)	(80, 1778.0)	(82, 1758.0)	(84, 1791.0)	(86, 1730.0)	(88, 1671.0)	(90, 1591.0)	(92, 1589.0)	(94, 1667.0)	(96, 1530.0)	(98, 1465.0)	(100, 1570.0)	(102, 1230.0)	(104, 1401.0)	(106, 1277.0)	(108, 1252.0)	(110, 1288.0)	(112, 1147.0)	(114, 1119.0)	(116, 1242.0)	(118, 8619.0)	(120, 9201.0)	(122, 9963.0)	(124, 13150232.0)
GC_48hpi_1_R1	(30, 1532.0)	(32, 3044.0)	(34, 3339.0)	(36, 2780.0)	(38, 2459.0)	(40, 2702.0)	(42, 2036.0)	(44, 2091.0)	(46, 1694.0)	(48, 2005.0)	(50, 1808.0)	(52, 1835.0)	(54, 1844.0)	(56, 1786.0)	(58, 1776.0)	(60, 2131.0)	(62, 2031.0)	(64, 2075.0)	(66, 1907.0)	(68, 1996.0)	(70, 1864.0)	(72, 2045.0)	(74, 1794.0)	(76, 1926.0)	(78, 2332.0)	(80, 1931.0)	(82, 2033.0)	(84, 1902.0)	(86, 1780.0)	(88, 1847.0)	(90, 1753.0)	(92, 1689.0)	(94, 1740.0)	(96, 1556.0)	(98, 1599.0)	(100, 1655.0)	(102, 1503.0)	(104, 1514.0)	(106, 1504.0)	(108, 1438.0)	(110, 1460.0)	(112, 1360.0)	(114, 1296.0)	(116, 1522.0)	(118, 11120.0)	(120, 11492.0)	(122, 12432.0)	(124, 16127332.0)
GC_48hpi_1_R2	(30, 1532.0)	(32, 3044.0)	(34, 3339.0)	(36, 2780.0)	(38, 2459.0)	(40, 2702.0)	(42, 2036.0)	(44, 2091.0)	(46, 1694.0)	(48, 2005.0)	(50, 1808.0)	(52, 1835.0)	(54, 1844.0)	(56, 1786.0)	(58, 1776.0)	(60, 2131.0)	(62, 2031.0)	(64, 2075.0)	(66, 1907.0)	(68, 1996.0)	(70, 1864.0)	(72, 2045.0)	(74, 1794.0)	(76, 1926.0)	(78, 2332.0)	(80, 1931.0)	(82, 2033.0)	(84, 1902.0)	(86, 1780.0)	(88, 1847.0)	(90, 1753.0)	(92, 1689.0)	(94, 1740.0)	(96, 1556.0)	(98, 1599.0)	(100, 1655.0)	(102, 1503.0)	(104, 1514.0)	(106, 1504.0)	(108, 1438.0)	(110, 1460.0)	(112, 1360.0)	(114, 1296.0)	(116, 1522.0)	(118, 11120.0)	(120, 11492.0)	(122, 12432.0)	(124, 16127332.0)
GC_48hpi_2_R1	(30, 1777.0)	(32, 3396.0)	(34, 4039.0)	(36, 3403.0)	(38, 3006.0)	(40, 3483.0)	(42, 2501.0)	(44, 2450.0)	(46, 2029.0)	(48, 2375.0)	(50, 2130.0)	(52, 2150.0)	(54, 2279.0)	(56, 2090.0)	(58, 2195.0)	(60, 2592.0)	(62, 2334.0)	(64, 2299.0)	(66, 2300.0)	(68, 2430.0)	(70, 2075.0)	(72, 2502.0)	(74, 2089.0)	(76, 2349.0)	(78, 2729.0)	(80, 2290.0)	(82, 2368.0)	(84, 2343.0)	(86, 2014.0)	(88, 2188.0)	(90, 1881.0)	(92, 1859.0)	(94, 1947.0)	(96, 1777.0)	(98, 1514.0)	(100, 1754.0)	(102, 1535.0)	(104, 1472.0)	(106, 1431.0)	(108, 1387.0)	(110, 1282.0)	(112, 1293.0)	(114, 1207.0)	(116, 1394.0)	(118, 8875.0)	(120, 9231.0)	(122, 9817.0)	(124, 15678830.0)
GC_48hpi_2_R2	(30, 1777.0)	(32, 3396.0)	(34, 4039.0)	(36, 3403.0)	(38, 3006.0)	(40, 3483.0)	(42, 2501.0)	(44, 2450.0)	(46, 2029.0)	(48, 2375.0)	(50, 2130.0)	(52, 2150.0)	(54, 2279.0)	(56, 2090.0)	(58, 2195.0)	(60, 2592.0)	(62, 2334.0)	(64, 2299.0)	(66, 2300.0)	(68, 2430.0)	(70, 2075.0)	(72, 2502.0)	(74, 2089.0)	(76, 2349.0)	(78, 2729.0)	(80, 2290.0)	(82, 2368.0)	(84, 2343.0)	(86, 2014.0)	(88, 2188.0)	(90, 1881.0)	(92, 1859.0)	(94, 1947.0)	(96, 1777.0)	(98, 1514.0)	(100, 1754.0)	(102, 1535.0)	(104, 1472.0)	(106, 1431.0)	(108, 1387.0)	(110, 1282.0)	(112, 1293.0)	(114, 1207.0)	(116, 1394.0)	(118, 8875.0)	(120, 9231.0)	(122, 9817.0)	(124, 15678830.0)
GC_48hpi_3_R1	(30, 1122.0)	(32, 2209.0)	(34, 2593.0)	(36, 1993.0)	(38, 1727.0)	(40, 2081.0)	(42, 1574.0)	(44, 1520.0)	(46, 1248.0)	(48, 1438.0)	(50, 1330.0)	(52, 1462.0)	(54, 1418.0)	(56, 1315.0)	(58, 1473.0)	(60, 1705.0)	(62, 1615.0)	(64, 1477.0)	(66, 1535.0)	(68, 1541.0)	(70, 1495.0)	(72, 1668.0)	(74, 1369.0)	(76, 1540.0)	(78, 1706.0)	(80, 1489.0)	(82, 1553.0)	(84, 1508.0)	(86, 1393.0)	(88, 1456.0)	(90, 1300.0)	(92, 1249.0)	(94, 1387.0)	(96, 1235.0)	(98, 1141.0)	(100, 1220.0)	(102, 1128.0)	(104, 1113.0)	(106, 1103.0)	(108, 1064.0)	(110, 1082.0)	(112, 1070.0)	(114, 873.0)	(116, 1104.0)	(118, 10738.0)	(120, 11304.0)	(122, 12796.0)	(124, 13579630.0)
GC_48hpi_3_R2	(30, 1122.0)	(32, 2209.0)	(34, 2593.0)	(36, 1993.0)	(38, 1727.0)	(40, 2081.0)	(42, 1574.0)	(44, 1520.0)	(46, 1248.0)	(48, 1438.0)	(50, 1330.0)	(52, 1462.0)	(54, 1418.0)	(56, 1315.0)	(58, 1473.0)	(60, 1705.0)	(62, 1615.0)	(64, 1477.0)	(66, 1535.0)	(68, 1541.0)	(70, 1495.0)	(72, 1668.0)	(74, 1369.0)	(76, 1540.0)	(78, 1706.0)	(80, 1489.0)	(82, 1553.0)	(84, 1508.0)	(86, 1393.0)	(88, 1456.0)	(90, 1300.0)	(92, 1249.0)	(94, 1387.0)	(96, 1235.0)	(98, 1141.0)	(100, 1220.0)	(102, 1128.0)	(104, 1113.0)	(106, 1103.0)	(108, 1064.0)	(110, 1082.0)	(112, 1070.0)	(114, 873.0)	(116, 1104.0)	(118, 10738.0)	(120, 11304.0)	(122, 12796.0)	(124, 13579630.0)
GC_6hpi_1_R1	(30, 942.0)	(32, 1900.0)	(34, 2089.0)	(36, 1636.0)	(38, 1474.0)	(40, 1627.0)	(42, 1290.0)	(44, 1192.0)	(46, 1093.0)	(48, 1175.0)	(50, 1129.0)	(52, 1152.0)	(54, 1204.0)	(56, 1149.0)	(58, 1199.0)	(60, 1416.0)	(62, 1418.0)	(64, 1449.0)	(66, 1393.0)	(68, 1391.0)	(70, 1411.0)	(72, 1602.0)	(74, 1303.0)	(76, 1419.0)	(78, 1584.0)	(80, 1462.0)	(82, 1507.0)	(84, 1514.0)	(86, 1421.0)	(88, 1493.0)	(90, 1411.0)	(92, 1300.0)	(94, 1362.0)	(96, 1352.0)	(98, 1285.0)	(100, 1305.0)	(102, 1231.0)	(104, 1254.0)	(106, 1344.0)	(108, 1247.0)	(110, 1272.0)	(112, 1144.0)	(114, 1165.0)	(116, 1266.0)	(118, 8119.0)	(120, 8712.0)	(122, 9423.0)	(124, 13571861.0)
GC_6hpi_1_R2	(30, 942.0)	(32, 1900.0)	(34, 2089.0)	(36, 1636.0)	(38, 1474.0)	(40, 1627.0)	(42, 1290.0)	(44, 1192.0)	(46, 1093.0)	(48, 1175.0)	(50, 1129.0)	(52, 1152.0)	(54, 1204.0)	(56, 1149.0)	(58, 1199.0)	(60, 1416.0)	(62, 1418.0)	(64, 1449.0)	(66, 1393.0)	(68, 1391.0)	(70, 1411.0)	(72, 1602.0)	(74, 1303.0)	(76, 1419.0)	(78, 1584.0)	(80, 1462.0)	(82, 1507.0)	(84, 1514.0)	(86, 1421.0)	(88, 1493.0)	(90, 1411.0)	(92, 1300.0)	(94, 1362.0)	(96, 1352.0)	(98, 1285.0)	(100, 1305.0)	(102, 1231.0)	(104, 1254.0)	(106, 1344.0)	(108, 1247.0)	(110, 1272.0)	(112, 1144.0)	(114, 1165.0)	(116, 1266.0)	(118, 8119.0)	(120, 8712.0)	(122, 9423.0)	(124, 13571861.0)
GC_6hpi_2_R1	(30, 857.0)	(32, 1747.0)	(34, 2033.0)	(36, 1594.0)	(38, 1470.0)	(40, 1594.0)	(42, 1178.0)	(44, 1269.0)	(46, 971.0)	(48, 1145.0)	(50, 1060.0)	(52, 1173.0)	(54, 1155.0)	(56, 1108.0)	(58, 1105.0)	(60, 1290.0)	(62, 1358.0)	(64, 1401.0)	(66, 1311.0)	(68, 1374.0)	(70, 1254.0)	(72, 1337.0)	(74, 1320.0)	(76, 1366.0)	(78, 1509.0)	(80, 1351.0)	(82, 1327.0)	(84, 1343.0)	(86, 1284.0)	(88, 1321.0)	(90, 1335.0)	(92, 1297.0)	(94, 1328.0)	(96, 1240.0)	(98, 1217.0)	(100, 1264.0)	(102, 1126.0)	(104, 1157.0)	(106, 1118.0)	(108, 1072.0)	(110, 1104.0)	(112, 1025.0)	(114, 1054.0)	(116, 1099.0)	(118, 8395.0)	(120, 9130.0)	(122, 9801.0)	(124, 13419440.0)
GC_6hpi_2_R2	(30, 857.0)	(32, 1747.0)	(34, 2033.0)	(36, 1594.0)	(38, 1470.0)	(40, 1594.0)	(42, 1178.0)	(44, 1269.0)	(46, 971.0)	(48, 1145.0)	(50, 1060.0)	(52, 1173.0)	(54, 1155.0)	(56, 1108.0)	(58, 1105.0)	(60, 1290.0)	(62, 1358.0)	(64, 1401.0)	(66, 1311.0)	(68, 1374.0)	(70, 1254.0)	(72, 1337.0)	(74, 1320.0)	(76, 1366.0)	(78, 1509.0)	(80, 1351.0)	(82, 1327.0)	(84, 1343.0)	(86, 1284.0)	(88, 1321.0)	(90, 1335.0)	(92, 1297.0)	(94, 1328.0)	(96, 1240.0)	(98, 1217.0)	(100, 1264.0)	(102, 1126.0)	(104, 1157.0)	(106, 1118.0)	(108, 1072.0)	(110, 1104.0)	(112, 1025.0)	(114, 1054.0)	(116, 1099.0)	(118, 8395.0)	(120, 9130.0)	(122, 9801.0)	(124, 13419440.0)
GC_6hpi_3_R1	(30, 1234.0)	(32, 2508.0)	(34, 2895.0)	(36, 2211.0)	(38, 2034.0)	(40, 2186.0)	(42, 1652.0)	(44, 1595.0)	(46, 1384.0)	(48, 1481.0)	(50, 1392.0)	(52, 1451.0)	(54, 1457.0)	(56, 1442.0)	(58, 1515.0)	(60, 1796.0)	(62, 1770.0)	(64, 1705.0)	(66, 1645.0)	(68, 1745.0)	(70, 1516.0)	(72, 1776.0)	(74, 1529.0)	(76, 1691.0)	(78, 1988.0)	(80, 1707.0)	(82, 1655.0)	(84, 1747.0)	(86, 1673.0)	(88, 1745.0)	(90, 1638.0)	(92, 1491.0)	(94, 1636.0)	(96, 1554.0)	(98, 1547.0)	(100, 1659.0)	(102, 1458.0)	(104, 1476.0)	(106, 1440.0)	(108, 1389.0)	(110, 1393.0)	(112, 1418.0)	(114, 1312.0)	(116, 1467.0)	(118, 10458.0)	(120, 10913.0)	(122, 12220.0)	(124, 15237614.0)
GC_6hpi_3_R2	(30, 1234.0)	(32, 2508.0)	(34, 2895.0)	(36, 2211.0)	(38, 2034.0)	(40, 2186.0)	(42, 1652.0)	(44, 1595.0)	(46, 1384.0)	(48, 1481.0)	(50, 1392.0)	(52, 1451.0)	(54, 1457.0)	(56, 1442.0)	(58, 1515.0)	(60, 1796.0)	(62, 1770.0)	(64, 1705.0)	(66, 1645.0)	(68, 1745.0)	(70, 1516.0)	(72, 1776.0)	(74, 1529.0)	(76, 1691.0)	(78, 1988.0)	(80, 1707.0)	(82, 1655.0)	(84, 1747.0)	(86, 1673.0)	(88, 1745.0)	(90, 1638.0)	(92, 1491.0)	(94, 1636.0)	(96, 1554.0)	(98, 1547.0)	(100, 1659.0)	(102, 1458.0)	(104, 1476.0)	(106, 1440.0)	(108, 1389.0)	(110, 1393.0)	(112, 1418.0)	(114, 1312.0)	(116, 1467.0)	(118, 10458.0)	(120, 10913.0)	(122, 12220.0)	(124, 15237614.0)
GI_24hpi_1_R1	(30, 1263.0)	(32, 2531.0)	(34, 3017.0)	(36, 2499.0)	(38, 2196.0)	(40, 2606.0)	(42, 1883.0)	(44, 1807.0)	(46, 1598.0)	(48, 1912.0)	(50, 1756.0)	(52, 1820.0)	(54, 1691.0)	(56, 1566.0)	(58, 1598.0)	(60, 2039.0)	(62, 1909.0)	(64, 1902.0)	(66, 1891.0)	(68, 1944.0)	(70, 1790.0)	(72, 1970.0)	(74, 1612.0)	(76, 1684.0)	(78, 1869.0)	(80, 1651.0)	(82, 1628.0)	(84, 1613.0)	(86, 1509.0)	(88, 1532.0)	(90, 1441.0)	(92, 1266.0)	(94, 1410.0)	(96, 1276.0)	(98, 1217.0)	(100, 1333.0)	(102, 1204.0)	(104, 1143.0)	(106, 1152.0)	(108, 1061.0)	(110, 1103.0)	(112, 1014.0)	(114, 972.0)	(116, 1183.0)	(118, 10068.0)	(120, 10871.0)	(122, 11894.0)	(124, 14995724.0)
GI_24hpi_1_R2	(30, 1263.0)	(32, 2531.0)	(34, 3017.0)	(36, 2499.0)	(38, 2196.0)	(40, 2606.0)	(42, 1883.0)	(44, 1807.0)	(46, 1598.0)	(48, 1912.0)	(50, 1756.0)	(52, 1820.0)	(54, 1691.0)	(56, 1566.0)	(58, 1598.0)	(60, 2039.0)	(62, 1909.0)	(64, 1902.0)	(66, 1891.0)	(68, 1944.0)	(70, 1790.0)	(72, 1970.0)	(74, 1612.0)	(76, 1684.0)	(78, 1869.0)	(80, 1651.0)	(82, 1628.0)	(84, 1613.0)	(86, 1509.0)	(88, 1532.0)	(90, 1441.0)	(92, 1266.0)	(94, 1410.0)	(96, 1276.0)	(98, 1217.0)	(100, 1333.0)	(102, 1204.0)	(104, 1143.0)	(106, 1152.0)	(108, 1061.0)	(110, 1103.0)	(112, 1014.0)	(114, 972.0)	(116, 1183.0)	(118, 10068.0)	(120, 10871.0)	(122, 11894.0)	(124, 14995724.0)
GI_24hpi_2_R1	(30, 1109.0)	(32, 2276.0)	(34, 2621.0)	(36, 2137.0)	(38, 1926.0)	(40, 2229.0)	(42, 1642.0)	(44, 1687.0)	(46, 1415.0)	(48, 1608.0)	(50, 1495.0)	(52, 1507.0)	(54, 1408.0)	(56, 1362.0)	(58, 1484.0)	(60, 1669.0)	(62, 1608.0)	(64, 1596.0)	(66, 1635.0)	(68, 1626.0)	(70, 1526.0)	(72, 1680.0)	(74, 1366.0)	(76, 1496.0)	(78, 1707.0)	(80, 1497.0)	(82, 1451.0)	(84, 1423.0)	(86, 1375.0)	(88, 1378.0)	(90, 1375.0)	(92, 1226.0)	(94, 1383.0)	(96, 1263.0)	(98, 1189.0)	(100, 1317.0)	(102, 1117.0)	(104, 1180.0)	(106, 1073.0)	(108, 1125.0)	(110, 1138.0)	(112, 1013.0)	(114, 971.0)	(116, 1059.0)	(118, 8250.0)	(120, 8518.0)	(122, 9339.0)	(124, 12745281.0)
GI_24hpi_2_R2	(30, 1109.0)	(32, 2276.0)	(34, 2621.0)	(36, 2137.0)	(38, 1926.0)	(40, 2229.0)	(42, 1642.0)	(44, 1687.0)	(46, 1415.0)	(48, 1608.0)	(50, 1495.0)	(52, 1507.0)	(54, 1408.0)	(56, 1362.0)	(58, 1484.0)	(60, 1669.0)	(62, 1608.0)	(64, 1596.0)	(66, 1635.0)	(68, 1626.0)	(70, 1526.0)	(72, 1680.0)	(74, 1366.0)	(76, 1496.0)	(78, 1707.0)	(80, 1497.0)	(82, 1451.0)	(84, 1423.0)	(86, 1375.0)	(88, 1378.0)	(90, 1375.0)	(92, 1226.0)	(94, 1383.0)	(96, 1263.0)	(98, 1189.0)	(100, 1317.0)	(102, 1117.0)	(104, 1180.0)	(106, 1073.0)	(108, 1125.0)	(110, 1138.0)	(112, 1013.0)	(114, 971.0)	(116, 1059.0)	(118, 8250.0)	(120, 8518.0)	(122, 9339.0)	(124, 12745281.0)
GI_24hpi_3_R1	(30, 931.0)	(32, 1869.0)	(34, 2159.0)	(36, 1780.0)	(38, 1554.0)	(40, 1897.0)	(42, 1357.0)	(44, 1271.0)	(46, 1021.0)	(48, 1330.0)	(50, 1207.0)	(52, 1222.0)	(54, 1276.0)	(56, 1135.0)	(58, 1225.0)	(60, 1441.0)	(62, 1394.0)	(64, 1423.0)	(66, 1315.0)	(68, 1428.0)	(70, 1259.0)	(72, 1380.0)	(74, 1218.0)	(76, 1260.0)	(78, 1441.0)	(80, 1283.0)	(82, 1382.0)	(84, 1251.0)	(86, 1218.0)	(88, 1271.0)	(90, 1256.0)	(92, 1127.0)	(94, 1167.0)	(96, 1146.0)	(98, 1087.0)	(100, 1197.0)	(102, 1004.0)	(104, 1024.0)	(106, 1038.0)	(108, 943.0)	(110, 947.0)	(112, 921.0)	(114, 876.0)	(116, 970.0)	(118, 6769.0)	(120, 7143.0)	(122, 7614.0)	(124, 11599927.0)
GI_24hpi_3_R2	(30, 931.0)	(32, 1869.0)	(34, 2159.0)	(36, 1780.0)	(38, 1554.0)	(40, 1897.0)	(42, 1357.0)	(44, 1271.0)	(46, 1021.0)	(48, 1330.0)	(50, 1207.0)	(52, 1222.0)	(54, 1276.0)	(56, 1135.0)	(58, 1225.0)	(60, 1441.0)	(62, 1394.0)	(64, 1423.0)	(66, 1315.0)	(68, 1428.0)	(70, 1259.0)	(72, 1380.0)	(74, 1218.0)	(76, 1260.0)	(78, 1441.0)	(80, 1283.0)	(82, 1382.0)	(84, 1251.0)	(86, 1218.0)	(88, 1271.0)	(90, 1256.0)	(92, 1127.0)	(94, 1167.0)	(96, 1146.0)	(98, 1087.0)	(100, 1197.0)	(102, 1004.0)	(104, 1024.0)	(106, 1038.0)	(108, 943.0)	(110, 947.0)	(112, 921.0)	(114, 876.0)	(116, 970.0)	(118, 6769.0)	(120, 7143.0)	(122, 7614.0)	(124, 11599927.0)
GI_48hpi_1_R1	(30, 1105.0)	(32, 2272.0)	(34, 2665.0)	(36, 1960.0)	(38, 1924.0)	(40, 2028.0)	(42, 1622.0)	(44, 1533.0)	(46, 1313.0)	(48, 1469.0)	(50, 1406.0)	(52, 1474.0)	(54, 1525.0)	(56, 1394.0)	(58, 1433.0)	(60, 1644.0)	(62, 1622.0)	(64, 1705.0)	(66, 1671.0)	(68, 1683.0)	(70, 1680.0)	(72, 1742.0)	(74, 1679.0)	(76, 1704.0)	(78, 1908.0)	(80, 1827.0)	(82, 1732.0)	(84, 1640.0)	(86, 1555.0)	(88, 1698.0)	(90, 1563.0)	(92, 1449.0)	(94, 1491.0)	(96, 1431.0)	(98, 1461.0)	(100, 1428.0)	(102, 1310.0)	(104, 1330.0)	(106, 1277.0)	(108, 1333.0)	(110, 1295.0)	(112, 1280.0)	(114, 1206.0)	(116, 1302.0)	(118, 11533.0)	(120, 12290.0)	(122, 13493.0)	(124, 14419425.0)
GI_48hpi_1_R2	(30, 1105.0)	(32, 2272.0)	(34, 2665.0)	(36, 1960.0)	(38, 1924.0)	(40, 2028.0)	(42, 1622.0)	(44, 1533.0)	(46, 1313.0)	(48, 1469.0)	(50, 1406.0)	(52, 1474.0)	(54, 1525.0)	(56, 1394.0)	(58, 1433.0)	(60, 1644.0)	(62, 1622.0)	(64, 1705.0)	(66, 1671.0)	(68, 1683.0)	(70, 1680.0)	(72, 1742.0)	(74, 1679.0)	(76, 1704.0)	(78, 1908.0)	(80, 1827.0)	(82, 1732.0)	(84, 1640.0)	(86, 1555.0)	(88, 1698.0)	(90, 1563.0)	(92, 1449.0)	(94, 1491.0)	(96, 1431.0)	(98, 1461.0)	(100, 1428.0)	(102, 1310.0)	(104, 1330.0)	(106, 1277.0)	(108, 1333.0)	(110, 1295.0)	(112, 1280.0)	(114, 1206.0)	(116, 1302.0)	(118, 11533.0)	(120, 12290.0)	(122, 13493.0)	(124, 14419425.0)
GI_48hpi_2_R1	(30, 1040.0)	(32, 2110.0)	(34, 2447.0)	(36, 1826.0)	(38, 1710.0)	(40, 1827.0)	(42, 1416.0)	(44, 1262.0)	(46, 1154.0)	(48, 1301.0)	(50, 1202.0)	(52, 1258.0)	(54, 1376.0)	(56, 1226.0)	(58, 1322.0)	(60, 1513.0)	(62, 1534.0)	(64, 1437.0)	(66, 1474.0)	(68, 1565.0)	(70, 1442.0)	(72, 1626.0)	(74, 1385.0)	(76, 1481.0)	(78, 1781.0)	(80, 1560.0)	(82, 1438.0)	(84, 1509.0)	(86, 1434.0)	(88, 1403.0)	(90, 1341.0)	(92, 1311.0)	(94, 1320.0)	(96, 1357.0)	(98, 1309.0)	(100, 1291.0)	(102, 1184.0)	(104, 1161.0)	(106, 1188.0)	(108, 1272.0)	(110, 1165.0)	(112, 1127.0)	(114, 1022.0)	(116, 1238.0)	(118, 9871.0)	(120, 10149.0)	(122, 11371.0)	(124, 13578169.0)
GI_48hpi_2_R2	(30, 1040.0)	(32, 2110.0)	(34, 2447.0)	(36, 1826.0)	(38, 1710.0)	(40, 1827.0)	(42, 1416.0)	(44, 1262.0)	(46, 1154.0)	(48, 1301.0)	(50, 1202.0)	(52, 1258.0)	(54, 1376.0)	(56, 1226.0)	(58, 1322.0)	(60, 1513.0)	(62, 1534.0)	(64, 1437.0)	(66, 1474.0)	(68, 1565.0)	(70, 1442.0)	(72, 1626.0)	(74, 1385.0)	(76, 1481.0)	(78, 1781.0)	(80, 1560.0)	(82, 1438.0)	(84, 1509.0)	(86, 1434.0)	(88, 1403.0)	(90, 1341.0)	(92, 1311.0)	(94, 1320.0)	(96, 1357.0)	(98, 1309.0)	(100, 1291.0)	(102, 1184.0)	(104, 1161.0)	(106, 1188.0)	(108, 1272.0)	(110, 1165.0)	(112, 1127.0)	(114, 1022.0)	(116, 1238.0)	(118, 9871.0)	(120, 10149.0)	(122, 11371.0)	(124, 13578169.0)
GI_48hpi_3_R1	(30, 1304.0)	(32, 2784.0)	(34, 3070.0)	(36, 2308.0)	(38, 2156.0)	(40, 2309.0)	(42, 1859.0)	(44, 1716.0)	(46, 1418.0)	(48, 1682.0)	(50, 1557.0)	(52, 1616.0)	(54, 1678.0)	(56, 1522.0)	(58, 1570.0)	(60, 1875.0)	(62, 1771.0)	(64, 1761.0)	(66, 1708.0)	(68, 1769.0)	(70, 1685.0)	(72, 1922.0)	(74, 1657.0)	(76, 1679.0)	(78, 2094.0)	(80, 1753.0)	(82, 1704.0)	(84, 1727.0)	(86, 1696.0)	(88, 1727.0)	(90, 1569.0)	(92, 1544.0)	(94, 1584.0)	(96, 1571.0)	(98, 1438.0)	(100, 1574.0)	(102, 1308.0)	(104, 1371.0)	(106, 1373.0)	(108, 1316.0)	(110, 1292.0)	(112, 1291.0)	(114, 1199.0)	(116, 1359.0)	(118, 9600.0)	(120, 9921.0)	(122, 10765.0)	(124, 14303395.0)
GI_48hpi_3_R2	(30, 1304.0)	(32, 2784.0)	(34, 3070.0)	(36, 2308.0)	(38, 2156.0)	(40, 2309.0)	(42, 1859.0)	(44, 1716.0)	(46, 1418.0)	(48, 1682.0)	(50, 1557.0)	(52, 1616.0)	(54, 1678.0)	(56, 1522.0)	(58, 1570.0)	(60, 1875.0)	(62, 1771.0)	(64, 1761.0)	(66, 1708.0)	(68, 1769.0)	(70, 1685.0)	(72, 1922.0)	(74, 1657.0)	(76, 1679.0)	(78, 2094.0)	(80, 1753.0)	(82, 1704.0)	(84, 1727.0)	(86, 1696.0)	(88, 1727.0)	(90, 1569.0)	(92, 1544.0)	(94, 1584.0)	(96, 1571.0)	(98, 1438.0)	(100, 1574.0)	(102, 1308.0)	(104, 1371.0)	(106, 1373.0)	(108, 1316.0)	(110, 1292.0)	(112, 1291.0)	(114, 1199.0)	(116, 1359.0)	(118, 9600.0)	(120, 9921.0)	(122, 10765.0)	(124, 14303395.0)
GI_6hpi_1_R1	(30, 1087.0)	(32, 2177.0)	(34, 2577.0)	(36, 2001.0)	(38, 1748.0)	(40, 1806.0)	(42, 1477.0)	(44, 1311.0)	(46, 1213.0)	(48, 1316.0)	(50, 1259.0)	(52, 1338.0)	(54, 1296.0)	(56, 1308.0)	(58, 1361.0)	(60, 1553.0)	(62, 1676.0)	(64, 1714.0)	(66, 1536.0)	(68, 1670.0)	(70, 1485.0)	(72, 1672.0)	(74, 1447.0)	(76, 1518.0)	(78, 1769.0)	(80, 1610.0)	(82, 1561.0)	(84, 1580.0)	(86, 1534.0)	(88, 1620.0)	(90, 1540.0)	(92, 1428.0)	(94, 1508.0)	(96, 1465.0)	(98, 1387.0)	(100, 1527.0)	(102, 1291.0)	(104, 1406.0)	(106, 1329.0)	(108, 1393.0)	(110, 1356.0)	(112, 1296.0)	(114, 1199.0)	(116, 1415.0)	(118, 12769.0)	(120, 13565.0)	(122, 14994.0)	(124, 15970339.0)
GI_6hpi_1_R2	(30, 1087.0)	(32, 2177.0)	(34, 2577.0)	(36, 2001.0)	(38, 1748.0)	(40, 1806.0)	(42, 1477.0)	(44, 1311.0)	(46, 1213.0)	(48, 1316.0)	(50, 1259.0)	(52, 1338.0)	(54, 1296.0)	(56, 1308.0)	(58, 1361.0)	(60, 1553.0)	(62, 1676.0)	(64, 1714.0)	(66, 1536.0)	(68, 1670.0)	(70, 1485.0)	(72, 1672.0)	(74, 1447.0)	(76, 1518.0)	(78, 1769.0)	(80, 1610.0)	(82, 1561.0)	(84, 1580.0)	(86, 1534.0)	(88, 1620.0)	(90, 1540.0)	(92, 1428.0)	(94, 1508.0)	(96, 1465.0)	(98, 1387.0)	(100, 1527.0)	(102, 1291.0)	(104, 1406.0)	(106, 1329.0)	(108, 1393.0)	(110, 1356.0)	(112, 1296.0)	(114, 1199.0)	(116, 1415.0)	(118, 12769.0)	(120, 13565.0)	(122, 14994.0)	(124, 15970339.0)
GI_6hpi_2_R1	(30, 1027.0)	(32, 1860.0)	(34, 2268.0)	(36, 1692.0)	(38, 1606.0)	(40, 1817.0)	(42, 1383.0)	(44, 1229.0)	(46, 1048.0)	(48, 1268.0)	(50, 1130.0)	(52, 1146.0)	(54, 1199.0)	(56, 1102.0)	(58, 1218.0)	(60, 1409.0)	(62, 1404.0)	(64, 1408.0)	(66, 1434.0)	(68, 1421.0)	(70, 1236.0)	(72, 1548.0)	(74, 1349.0)	(76, 1438.0)	(78, 1653.0)	(80, 1473.0)	(82, 1491.0)	(84, 1465.0)	(86, 1494.0)	(88, 1417.0)	(90, 1322.0)	(92, 1376.0)	(94, 1377.0)	(96, 1366.0)	(98, 1316.0)	(100, 1398.0)	(102, 1201.0)	(104, 1248.0)	(106, 1261.0)	(108, 1264.0)	(110, 1216.0)	(112, 1217.0)	(114, 1164.0)	(116, 1330.0)	(118, 9824.0)	(120, 10624.0)	(122, 11462.0)	(124, 14473202.0)
GI_6hpi_2_R2	(30, 1027.0)	(32, 1860.0)	(34, 2268.0)	(36, 1692.0)	(38, 1606.0)	(40, 1817.0)	(42, 1383.0)	(44, 1229.0)	(46, 1048.0)	(48, 1268.0)	(50, 1130.0)	(52, 1146.0)	(54, 1199.0)	(56, 1102.0)	(58, 1218.0)	(60, 1409.0)	(62, 1404.0)	(64, 1408.0)	(66, 1434.0)	(68, 1421.0)	(70, 1236.0)	(72, 1548.0)	(74, 1349.0)	(76, 1438.0)	(78, 1653.0)	(80, 1473.0)	(82, 1491.0)	(84, 1465.0)	(86, 1494.0)	(88, 1417.0)	(90, 1322.0)	(92, 1376.0)	(94, 1377.0)	(96, 1366.0)	(98, 1316.0)	(100, 1398.0)	(102, 1201.0)	(104, 1248.0)	(106, 1261.0)	(108, 1264.0)	(110, 1216.0)	(112, 1217.0)	(114, 1164.0)	(116, 1330.0)	(118, 9824.0)	(120, 10624.0)	(122, 11462.0)	(124, 14473202.0)
GI_6hpi_3_R1	(30, 1164.0)	(32, 2262.0)	(34, 2726.0)	(36, 2016.0)	(38, 1904.0)	(40, 2003.0)	(42, 1660.0)	(44, 1557.0)	(46, 1282.0)	(48, 1516.0)	(50, 1437.0)	(52, 1462.0)	(54, 1459.0)	(56, 1479.0)	(58, 1534.0)	(60, 1719.0)	(62, 1823.0)	(64, 1878.0)	(66, 1718.0)	(68, 1808.0)	(70, 1666.0)	(72, 1967.0)	(74, 1695.0)	(76, 1721.0)	(78, 2025.0)	(80, 1843.0)	(82, 1840.0)	(84, 1844.0)	(86, 1786.0)	(88, 1836.0)	(90, 1721.0)	(92, 1536.0)	(94, 1757.0)	(96, 1659.0)	(98, 1582.0)	(100, 1675.0)	(102, 1526.0)	(104, 1552.0)	(106, 1523.0)	(108, 1473.0)	(110, 1519.0)	(112, 1394.0)	(114, 1382.0)	(116, 1548.0)	(118, 12358.0)	(120, 13052.0)	(122, 14386.0)	(124, 16488069.0)
GI_6hpi_3_R2	(30, 1164.0)	(32, 2262.0)	(34, 2726.0)	(36, 2016.0)	(38, 1904.0)	(40, 2003.0)	(42, 1660.0)	(44, 1557.0)	(46, 1282.0)	(48, 1516.0)	(50, 1437.0)	(52, 1462.0)	(54, 1459.0)	(56, 1479.0)	(58, 1534.0)	(60, 1719.0)	(62, 1823.0)	(64, 1878.0)	(66, 1718.0)	(68, 1808.0)	(70, 1666.0)	(72, 1967.0)	(74, 1695.0)	(76, 1721.0)	(78, 2025.0)	(80, 1843.0)	(82, 1840.0)	(84, 1844.0)	(86, 1786.0)	(88, 1836.0)	(90, 1721.0)	(92, 1536.0)	(94, 1757.0)	(96, 1659.0)	(98, 1582.0)	(100, 1675.0)	(102, 1526.0)	(104, 1552.0)	(106, 1523.0)	(108, 1473.0)	(110, 1519.0)	(112, 1394.0)	(114, 1382.0)	(116, 1548.0)	(118, 12358.0)	(120, 13052.0)	(122, 14386.0)	(124, 16488069.0)
HC_24hpi_1_R1	(30, 1381.0)	(32, 2576.0)	(34, 3005.0)	(36, 2346.0)	(38, 2242.0)	(40, 2320.0)	(42, 1906.0)	(44, 1716.0)	(46, 1429.0)	(48, 1692.0)	(50, 1428.0)	(52, 1555.0)	(54, 1651.0)	(56, 1464.0)	(58, 1675.0)	(60, 1863.0)	(62, 1800.0)	(64, 1830.0)	(66, 1728.0)	(68, 1778.0)	(70, 1741.0)	(72, 1947.0)	(74, 1581.0)	(76, 1797.0)	(78, 2053.0)	(80, 1758.0)	(82, 1843.0)	(84, 1775.0)	(86, 1729.0)	(88, 1668.0)	(90, 1613.0)	(92, 1537.0)	(94, 1621.0)	(96, 1594.0)	(98, 1508.0)	(100, 1685.0)	(102, 1413.0)	(104, 1485.0)	(106, 1420.0)	(108, 1449.0)	(110, 1458.0)	(112, 1536.0)	(114, 1417.0)	(116, 1548.0)	(118, 9541.0)	(120, 10149.0)	(122, 11219.0)	(124, 14253480.0)
HC_24hpi_1_R2	(30, 1381.0)	(32, 2576.0)	(34, 3005.0)	(36, 2346.0)	(38, 2242.0)	(40, 2320.0)	(42, 1906.0)	(44, 1716.0)	(46, 1429.0)	(48, 1692.0)	(50, 1428.0)	(52, 1555.0)	(54, 1651.0)	(56, 1464.0)	(58, 1675.0)	(60, 1863.0)	(62, 1800.0)	(64, 1830.0)	(66, 1728.0)	(68, 1778.0)	(70, 1741.0)	(72, 1947.0)	(74, 1581.0)	(76, 1797.0)	(78, 2053.0)	(80, 1758.0)	(82, 1843.0)	(84, 1775.0)	(86, 1729.0)	(88, 1668.0)	(90, 1613.0)	(92, 1537.0)	(94, 1621.0)	(96, 1594.0)	(98, 1508.0)	(100, 1685.0)	(102, 1413.0)	(104, 1485.0)	(106, 1420.0)	(108, 1449.0)	(110, 1458.0)	(112, 1536.0)	(114, 1417.0)	(116, 1548.0)	(118, 9541.0)	(120, 10149.0)	(122, 11219.0)	(124, 14253480.0)
HC_24hpi_2_R1	(30, 1272.0)	(32, 2533.0)	(34, 2933.0)	(36, 2257.0)	(38, 2283.0)	(40, 2307.0)	(42, 1853.0)	(44, 1643.0)	(46, 1412.0)	(48, 1648.0)	(50, 1402.0)	(52, 1451.0)	(54, 1545.0)	(56, 1515.0)	(58, 1453.0)	(60, 1822.0)	(62, 1754.0)	(64, 1838.0)	(66, 1690.0)	(68, 1783.0)	(70, 1698.0)	(72, 1878.0)	(74, 1675.0)	(76, 1756.0)	(78, 1992.0)	(80, 1769.0)	(82, 1753.0)	(84, 1771.0)	(86, 1684.0)	(88, 1825.0)	(90, 1647.0)	(92, 1569.0)	(94, 1712.0)	(96, 1577.0)	(98, 1553.0)	(100, 1654.0)	(102, 1502.0)	(104, 1396.0)	(106, 1453.0)	(108, 1483.0)	(110, 1503.0)	(112, 1540.0)	(114, 1396.0)	(116, 1575.0)	(118, 9098.0)	(120, 9493.0)	(122, 10757.0)	(124, 13870798.0)
HC_24hpi_2_R2	(30, 1272.0)	(32, 2533.0)	(34, 2933.0)	(36, 2257.0)	(38, 2283.0)	(40, 2307.0)	(42, 1853.0)	(44, 1643.0)	(46, 1412.0)	(48, 1648.0)	(50, 1402.0)	(52, 1451.0)	(54, 1545.0)	(56, 1515.0)	(58, 1453.0)	(60, 1822.0)	(62, 1754.0)	(64, 1838.0)	(66, 1690.0)	(68, 1783.0)	(70, 1698.0)	(72, 1878.0)	(74, 1675.0)	(76, 1756.0)	(78, 1992.0)	(80, 1769.0)	(82, 1753.0)	(84, 1771.0)	(86, 1684.0)	(88, 1825.0)	(90, 1647.0)	(92, 1569.0)	(94, 1712.0)	(96, 1577.0)	(98, 1553.0)	(100, 1654.0)	(102, 1502.0)	(104, 1396.0)	(106, 1453.0)	(108, 1483.0)	(110, 1503.0)	(112, 1540.0)	(114, 1396.0)	(116, 1575.0)	(118, 9098.0)	(120, 9493.0)	(122, 10757.0)	(124, 13870798.0)
HC_24hpi_3_R1	(30, 1001.0)	(32, 1995.0)	(34, 2190.0)	(36, 1853.0)	(38, 1798.0)	(40, 1789.0)	(42, 1492.0)	(44, 1489.0)	(46, 1186.0)	(48, 1275.0)	(50, 1225.0)	(52, 1181.0)	(54, 1321.0)	(56, 1193.0)	(58, 1278.0)	(60, 1407.0)	(62, 1381.0)	(64, 1523.0)	(66, 1489.0)	(68, 1518.0)	(70, 1370.0)	(72, 1534.0)	(74, 1368.0)	(76, 1317.0)	(78, 1599.0)	(80, 1445.0)	(82, 1460.0)	(84, 1450.0)	(86, 1439.0)	(88, 1430.0)	(90, 1432.0)	(92, 1314.0)	(94, 1386.0)	(96, 1368.0)	(98, 1354.0)	(100, 1467.0)	(102, 1244.0)	(104, 1333.0)	(106, 1334.0)	(108, 1293.0)	(110, 1273.0)	(112, 1293.0)	(114, 1207.0)	(116, 1346.0)	(118, 10325.0)	(120, 10968.0)	(122, 11895.0)	(124, 12594161.0)
HC_24hpi_3_R2	(30, 1001.0)	(32, 1995.0)	(34, 2190.0)	(36, 1853.0)	(38, 1798.0)	(40, 1789.0)	(42, 1492.0)	(44, 1489.0)	(46, 1186.0)	(48, 1275.0)	(50, 1225.0)	(52, 1181.0)	(54, 1321.0)	(56, 1193.0)	(58, 1278.0)	(60, 1407.0)	(62, 1381.0)	(64, 1523.0)	(66, 1489.0)	(68, 1518.0)	(70, 1370.0)	(72, 1534.0)	(74, 1368.0)	(76, 1317.0)	(78, 1599.0)	(80, 1445.0)	(82, 1460.0)	(84, 1450.0)	(86, 1439.0)	(88, 1430.0)	(90, 1432.0)	(92, 1314.0)	(94, 1386.0)	(96, 1368.0)	(98, 1354.0)	(100, 1467.0)	(102, 1244.0)	(104, 1333.0)	(106, 1334.0)	(108, 1293.0)	(110, 1273.0)	(112, 1293.0)	(114, 1207.0)	(116, 1346.0)	(118, 10325.0)	(120, 10968.0)	(122, 11895.0)	(124, 12594161.0)
HC_48hpi_1_R1	(30, 1109.0)	(32, 2217.0)	(34, 2564.0)	(36, 2049.0)	(38, 1918.0)	(40, 2064.0)	(42, 1653.0)	(44, 1656.0)	(46, 1284.0)	(48, 1377.0)	(50, 1260.0)	(52, 1328.0)	(54, 1261.0)	(56, 1169.0)	(58, 1219.0)	(60, 1425.0)	(62, 1343.0)	(64, 1364.0)	(66, 1352.0)	(68, 1337.0)	(70, 1253.0)	(72, 1303.0)	(74, 1162.0)	(76, 1238.0)	(78, 1379.0)	(80, 1120.0)	(82, 1232.0)	(84, 1186.0)	(86, 1151.0)	(88, 1168.0)	(90, 1101.0)	(92, 1019.0)	(94, 1070.0)	(96, 1002.0)	(98, 978.0)	(100, 996.0)	(102, 1001.0)	(104, 940.0)	(106, 941.0)	(108, 1000.0)	(110, 978.0)	(112, 1022.0)	(114, 894.0)	(116, 1218.0)	(118, 13745.0)	(120, 14803.0)	(122, 16540.0)	(124, 15015385.0)
HC_48hpi_1_R2	(30, 1109.0)	(32, 2217.0)	(34, 2564.0)	(36, 2049.0)	(38, 1918.0)	(40, 2064.0)	(42, 1653.0)	(44, 1656.0)	(46, 1284.0)	(48, 1377.0)	(50, 1260.0)	(52, 1328.0)	(54, 1261.0)	(56, 1169.0)	(58, 1219.0)	(60, 1425.0)	(62, 1343.0)	(64, 1364.0)	(66, 1352.0)	(68, 1337.0)	(70, 1253.0)	(72, 1303.0)	(74, 1162.0)	(76, 1238.0)	(78, 1379.0)	(80, 1120.0)	(82, 1232.0)	(84, 1186.0)	(86, 1151.0)	(88, 1168.0)	(90, 1101.0)	(92, 1019.0)	(94, 1070.0)	(96, 1002.0)	(98, 978.0)	(100, 996.0)	(102, 1001.0)	(104, 940.0)	(106, 941.0)	(108, 1000.0)	(110, 978.0)	(112, 1022.0)	(114, 894.0)	(116, 1218.0)	(118, 13745.0)	(120, 14803.0)	(122, 16540.0)	(124, 15015385.0)
HC_48hpi_2_R1	(30, 959.0)	(32, 1948.0)	(34, 2237.0)	(36, 1911.0)	(38, 1636.0)	(40, 1771.0)	(42, 1472.0)	(44, 1416.0)	(46, 1129.0)	(48, 1315.0)	(50, 1179.0)	(52, 1162.0)	(54, 1207.0)	(56, 1068.0)	(58, 1167.0)	(60, 1272.0)	(62, 1168.0)	(64, 1210.0)	(66, 1242.0)	(68, 1232.0)	(70, 1170.0)	(72, 1161.0)	(74, 1074.0)	(76, 1066.0)	(78, 1290.0)	(80, 1064.0)	(82, 1048.0)	(84, 1050.0)	(86, 1012.0)	(88, 996.0)	(90, 924.0)	(92, 923.0)	(94, 866.0)	(96, 903.0)	(98, 897.0)	(100, 917.0)	(102, 784.0)	(104, 779.0)	(106, 815.0)	(108, 869.0)	(110, 868.0)	(112, 891.0)	(114, 806.0)	(116, 1092.0)	(118, 13703.0)	(120, 14632.0)	(122, 15884.0)	(124, 14384602.0)
HC_48hpi_2_R2	(30, 959.0)	(32, 1948.0)	(34, 2237.0)	(36, 1911.0)	(38, 1636.0)	(40, 1771.0)	(42, 1472.0)	(44, 1416.0)	(46, 1129.0)	(48, 1315.0)	(50, 1179.0)	(52, 1162.0)	(54, 1207.0)	(56, 1068.0)	(58, 1167.0)	(60, 1272.0)	(62, 1168.0)	(64, 1210.0)	(66, 1242.0)	(68, 1232.0)	(70, 1170.0)	(72, 1161.0)	(74, 1074.0)	(76, 1066.0)	(78, 1290.0)	(80, 1064.0)	(82, 1048.0)	(84, 1050.0)	(86, 1012.0)	(88, 996.0)	(90, 924.0)	(92, 923.0)	(94, 866.0)	(96, 903.0)	(98, 897.0)	(100, 917.0)	(102, 784.0)	(104, 779.0)	(106, 815.0)	(108, 869.0)	(110, 868.0)	(112, 891.0)	(114, 806.0)	(116, 1092.0)	(118, 13703.0)	(120, 14632.0)	(122, 15884.0)	(124, 14384602.0)
HC_48hpi_3_R1	(30, 1027.0)	(32, 1873.0)	(34, 2226.0)	(36, 1809.0)	(38, 1706.0)	(40, 1770.0)	(42, 1442.0)	(44, 1418.0)	(46, 1143.0)	(48, 1202.0)	(50, 1182.0)	(52, 1119.0)	(54, 1219.0)	(56, 1082.0)	(58, 1153.0)	(60, 1311.0)	(62, 1290.0)	(64, 1219.0)	(66, 1247.0)	(68, 1250.0)	(70, 1179.0)	(72, 1281.0)	(74, 1084.0)	(76, 1174.0)	(78, 1302.0)	(80, 1123.0)	(82, 1125.0)	(84, 1163.0)	(86, 1105.0)	(88, 1061.0)	(90, 1018.0)	(92, 1063.0)	(94, 1100.0)	(96, 973.0)	(98, 974.0)	(100, 959.0)	(102, 903.0)	(104, 864.0)	(106, 856.0)	(108, 891.0)	(110, 894.0)	(112, 916.0)	(114, 921.0)	(116, 921.0)	(118, 10297.0)	(120, 11233.0)	(122, 12532.0)	(124, 12923654.0)
HC_48hpi_3_R2	(30, 1027.0)	(32, 1873.0)	(34, 2226.0)	(36, 1809.0)	(38, 1706.0)	(40, 1770.0)	(42, 1442.0)	(44, 1418.0)	(46, 1143.0)	(48, 1202.0)	(50, 1182.0)	(52, 1119.0)	(54, 1219.0)	(56, 1082.0)	(58, 1153.0)	(60, 1311.0)	(62, 1290.0)	(64, 1219.0)	(66, 1247.0)	(68, 1250.0)	(70, 1179.0)	(72, 1281.0)	(74, 1084.0)	(76, 1174.0)	(78, 1302.0)	(80, 1123.0)	(82, 1125.0)	(84, 1163.0)	(86, 1105.0)	(88, 1061.0)	(90, 1018.0)	(92, 1063.0)	(94, 1100.0)	(96, 973.0)	(98, 974.0)	(100, 959.0)	(102, 903.0)	(104, 864.0)	(106, 856.0)	(108, 891.0)	(110, 894.0)	(112, 916.0)	(114, 921.0)	(116, 921.0)	(118, 10297.0)	(120, 11233.0)	(122, 12532.0)	(124, 12923654.0)
HC_6hpi_1_R1	(30, 776.0)	(32, 1309.0)	(34, 1643.0)	(36, 1279.0)	(38, 1204.0)	(40, 1184.0)	(42, 1057.0)	(44, 1011.0)	(46, 848.0)	(48, 1013.0)	(50, 942.0)	(52, 971.0)	(54, 1114.0)	(56, 1131.0)	(58, 1132.0)	(60, 1288.0)	(62, 1272.0)	(64, 1441.0)	(66, 1366.0)	(68, 1183.0)	(70, 1344.0)	(72, 1455.0)	(74, 1332.0)	(76, 1313.0)	(78, 1501.0)	(80, 1441.0)	(82, 1407.0)	(84, 1427.0)	(86, 1381.0)	(88, 1426.0)	(90, 1335.0)	(92, 1244.0)	(94, 1346.0)	(96, 1311.0)	(98, 1252.0)	(100, 1079.0)	(102, 1079.0)	(104, 1227.0)	(106, 1060.0)	(108, 1068.0)	(110, 1103.0)	(112, 1184.0)	(114, 1053.0)	(116, 1194.0)	(118, 10525.0)	(120, 9725.0)	(122, 10680.0)	(124, 14197279.0)
HC_6hpi_1_R2	(30, 776.0)	(32, 1309.0)	(34, 1643.0)	(36, 1279.0)	(38, 1204.0)	(40, 1184.0)	(42, 1057.0)	(44, 1011.0)	(46, 848.0)	(48, 1013.0)	(50, 942.0)	(52, 971.0)	(54, 1114.0)	(56, 1131.0)	(58, 1132.0)	(60, 1288.0)	(62, 1272.0)	(64, 1441.0)	(66, 1366.0)	(68, 1183.0)	(70, 1344.0)	(72, 1455.0)	(74, 1332.0)	(76, 1313.0)	(78, 1501.0)	(80, 1441.0)	(82, 1407.0)	(84, 1427.0)	(86, 1381.0)	(88, 1426.0)	(90, 1335.0)	(92, 1244.0)	(94, 1346.0)	(96, 1311.0)	(98, 1252.0)	(100, 1079.0)	(102, 1079.0)	(104, 1227.0)	(106, 1060.0)	(108, 1068.0)	(110, 1103.0)	(112, 1184.0)	(114, 1053.0)	(116, 1194.0)	(118, 10525.0)	(120, 9725.0)	(122, 10680.0)	(124, 14197279.0)
HC_6hpi_2_R1	(30, 676.0)	(32, 1145.0)	(34, 1451.0)	(36, 1141.0)	(38, 1076.0)	(40, 1006.0)	(42, 979.0)	(44, 907.0)	(46, 696.0)	(48, 841.0)	(50, 849.0)	(52, 928.0)	(54, 1010.0)	(56, 925.0)	(58, 1050.0)	(60, 1133.0)	(62, 1110.0)	(64, 1215.0)	(66, 1268.0)	(68, 1081.0)	(70, 1117.0)	(72, 1290.0)	(74, 1144.0)	(76, 1189.0)	(78, 1325.0)	(80, 1195.0)	(82, 1272.0)	(84, 1251.0)	(86, 1131.0)	(88, 1241.0)	(90, 1209.0)	(92, 1106.0)	(94, 1115.0)	(96, 1052.0)	(98, 1034.0)	(100, 988.0)	(102, 953.0)	(104, 941.0)	(106, 914.0)	(108, 973.0)	(110, 1007.0)	(112, 957.0)	(114, 912.0)	(116, 1254.0)	(118, 14571.0)	(120, 12674.0)	(122, 14359.0)	(124, 14189190.0)
HC_6hpi_2_R2	(30, 676.0)	(32, 1145.0)	(34, 1451.0)	(36, 1141.0)	(38, 1076.0)	(40, 1006.0)	(42, 979.0)	(44, 907.0)	(46, 696.0)	(48, 841.0)	(50, 849.0)	(52, 928.0)	(54, 1010.0)	(56, 925.0)	(58, 1050.0)	(60, 1133.0)	(62, 1110.0)	(64, 1215.0)	(66, 1268.0)	(68, 1081.0)	(70, 1117.0)	(72, 1290.0)	(74, 1144.0)	(76, 1189.0)	(78, 1325.0)	(80, 1195.0)	(82, 1272.0)	(84, 1251.0)	(86, 1131.0)	(88, 1241.0)	(90, 1209.0)	(92, 1106.0)	(94, 1115.0)	(96, 1052.0)	(98, 1034.0)	(100, 988.0)	(102, 953.0)	(104, 941.0)	(106, 914.0)	(108, 973.0)	(110, 1007.0)	(112, 957.0)	(114, 912.0)	(116, 1254.0)	(118, 14571.0)	(120, 12674.0)	(122, 14359.0)	(124, 14189190.0)
HC_6hpi_3_R1	(30, 765.0)	(32, 1250.0)	(34, 1514.0)	(36, 1143.0)	(38, 1096.0)	(40, 1049.0)	(42, 950.0)	(44, 924.0)	(46, 714.0)	(48, 891.0)	(50, 833.0)	(52, 898.0)	(54, 1103.0)	(56, 958.0)	(58, 1087.0)	(60, 1245.0)	(62, 1119.0)	(64, 1321.0)	(66, 1227.0)	(68, 1120.0)	(70, 1134.0)	(72, 1298.0)	(74, 1187.0)	(76, 1194.0)	(78, 1408.0)	(80, 1256.0)	(82, 1250.0)	(84, 1258.0)	(86, 1182.0)	(88, 1180.0)	(90, 1195.0)	(92, 1121.0)	(94, 1131.0)	(96, 1137.0)	(98, 1145.0)	(100, 1030.0)	(102, 976.0)	(104, 1110.0)	(106, 955.0)	(108, 911.0)	(110, 1016.0)	(112, 983.0)	(114, 956.0)	(116, 1249.0)	(118, 17239.0)	(120, 12885.0)	(122, 14770.0)	(124, 13999195.0)
HC_6hpi_3_R2	(30, 765.0)	(32, 1250.0)	(34, 1514.0)	(36, 1143.0)	(38, 1096.0)	(40, 1049.0)	(42, 950.0)	(44, 924.0)	(46, 714.0)	(48, 891.0)	(50, 833.0)	(52, 898.0)	(54, 1103.0)	(56, 958.0)	(58, 1087.0)	(60, 1245.0)	(62, 1119.0)	(64, 1321.0)	(66, 1227.0)	(68, 1120.0)	(70, 1134.0)	(72, 1298.0)	(74, 1187.0)	(76, 1194.0)	(78, 1408.0)	(80, 1256.0)	(82, 1250.0)	(84, 1258.0)	(86, 1182.0)	(88, 1180.0)	(90, 1195.0)	(92, 1121.0)	(94, 1131.0)	(96, 1137.0)	(98, 1145.0)	(100, 1030.0)	(102, 976.0)	(104, 1110.0)	(106, 955.0)	(108, 911.0)	(110, 1016.0)	(112, 983.0)	(114, 956.0)	(116, 1249.0)	(118, 17239.0)	(120, 12885.0)	(122, 14770.0)	(124, 13999195.0)
HI_24hpi_1_R1	(30, 1149.0)	(32, 2149.0)	(34, 2706.0)	(36, 2092.0)	(38, 1904.0)	(40, 1941.0)	(42, 1553.0)	(44, 1526.0)	(46, 1137.0)	(48, 1428.0)	(50, 1235.0)	(52, 1337.0)	(54, 1364.0)	(56, 1303.0)	(58, 1298.0)	(60, 1465.0)	(62, 1497.0)	(64, 1530.0)	(66, 1455.0)	(68, 1528.0)	(70, 1443.0)	(72, 1622.0)	(74, 1368.0)	(76, 1476.0)	(78, 1728.0)	(80, 1448.0)	(82, 1579.0)	(84, 1539.0)	(86, 1423.0)	(88, 1399.0)	(90, 1324.0)	(92, 1282.0)	(94, 1439.0)	(96, 1301.0)	(98, 1334.0)	(100, 1362.0)	(102, 1303.0)	(104, 1351.0)	(106, 1265.0)	(108, 1176.0)	(110, 1229.0)	(112, 1239.0)	(114, 1207.0)	(116, 1368.0)	(118, 9983.0)	(120, 10629.0)	(122, 11528.0)	(124, 14042175.0)
HI_24hpi_1_R2	(30, 1149.0)	(32, 2149.0)	(34, 2706.0)	(36, 2092.0)	(38, 1904.0)	(40, 1941.0)	(42, 1553.0)	(44, 1526.0)	(46, 1137.0)	(48, 1428.0)	(50, 1235.0)	(52, 1337.0)	(54, 1364.0)	(56, 1303.0)	(58, 1298.0)	(60, 1465.0)	(62, 1497.0)	(64, 1530.0)	(66, 1455.0)	(68, 1528.0)	(70, 1443.0)	(72, 1622.0)	(74, 1368.0)	(76, 1476.0)	(78, 1728.0)	(80, 1448.0)	(82, 1579.0)	(84, 1539.0)	(86, 1423.0)	(88, 1399.0)	(90, 1324.0)	(92, 1282.0)	(94, 1439.0)	(96, 1301.0)	(98, 1334.0)	(100, 1362.0)	(102, 1303.0)	(104, 1351.0)	(106, 1265.0)	(108, 1176.0)	(110, 1229.0)	(112, 1239.0)	(114, 1207.0)	(116, 1368.0)	(118, 9983.0)	(120, 10629.0)	(122, 11528.0)	(124, 14042175.0)
HI_24hpi_2_R1	(30, 1218.0)	(32, 2259.0)	(34, 2777.0)	(36, 2087.0)	(38, 1993.0)	(40, 2058.0)	(42, 1670.0)	(44, 1571.0)	(46, 1233.0)	(48, 1437.0)	(50, 1380.0)	(52, 1476.0)	(54, 1520.0)	(56, 1363.0)	(58, 1557.0)	(60, 1697.0)	(62, 1734.0)	(64, 1728.0)	(66, 1603.0)	(68, 1660.0)	(70, 1609.0)	(72, 1754.0)	(74, 1578.0)	(76, 1713.0)	(78, 1949.0)	(80, 1669.0)	(82, 1757.0)	(84, 1697.0)	(86, 1633.0)	(88, 1693.0)	(90, 1589.0)	(92, 1601.0)	(94, 1678.0)	(96, 1563.0)	(98, 1524.0)	(100, 1657.0)	(102, 1510.0)	(104, 1618.0)	(106, 1449.0)	(108, 1572.0)	(110, 1571.0)	(112, 1611.0)	(114, 1468.0)	(116, 1652.0)	(118, 13521.0)	(120, 14256.0)	(122, 15299.0)	(124, 15869494.0)
HI_24hpi_2_R2	(30, 1218.0)	(32, 2259.0)	(34, 2777.0)	(36, 2087.0)	(38, 1993.0)	(40, 2058.0)	(42, 1670.0)	(44, 1571.0)	(46, 1233.0)	(48, 1437.0)	(50, 1380.0)	(52, 1476.0)	(54, 1520.0)	(56, 1363.0)	(58, 1557.0)	(60, 1697.0)	(62, 1734.0)	(64, 1728.0)	(66, 1603.0)	(68, 1660.0)	(70, 1609.0)	(72, 1754.0)	(74, 1578.0)	(76, 1713.0)	(78, 1949.0)	(80, 1669.0)	(82, 1757.0)	(84, 1697.0)	(86, 1633.0)	(88, 1693.0)	(90, 1589.0)	(92, 1601.0)	(94, 1678.0)	(96, 1563.0)	(98, 1524.0)	(100, 1657.0)	(102, 1510.0)	(104, 1618.0)	(106, 1449.0)	(108, 1572.0)	(110, 1571.0)	(112, 1611.0)	(114, 1468.0)	(116, 1652.0)	(118, 13521.0)	(120, 14256.0)	(122, 15299.0)	(124, 15869494.0)
HI_24hpi_3_R1	(30, 1277.0)	(32, 2392.0)	(34, 2875.0)	(36, 2336.0)	(38, 2243.0)	(40, 2300.0)	(42, 1784.0)	(44, 1704.0)	(46, 1329.0)	(48, 1619.0)	(50, 1474.0)	(52, 1452.0)	(54, 1568.0)	(56, 1412.0)	(58, 1524.0)	(60, 1730.0)	(62, 1617.0)	(64, 1744.0)	(66, 1691.0)	(68, 1701.0)	(70, 1625.0)	(72, 1780.0)	(74, 1565.0)	(76, 1571.0)	(78, 1925.0)	(80, 1676.0)	(82, 1678.0)	(84, 1684.0)	(86, 1586.0)	(88, 1644.0)	(90, 1536.0)	(92, 1491.0)	(94, 1571.0)	(96, 1451.0)	(98, 1428.0)	(100, 1505.0)	(102, 1302.0)	(104, 1311.0)	(106, 1258.0)	(108, 1284.0)	(110, 1333.0)	(112, 1340.0)	(114, 1186.0)	(116, 1290.0)	(118, 8292.0)	(120, 8687.0)	(122, 9480.0)	(124, 12254120.0)
HI_24hpi_3_R2	(30, 1277.0)	(32, 2392.0)	(34, 2875.0)	(36, 2336.0)	(38, 2243.0)	(40, 2300.0)	(42, 1784.0)	(44, 1704.0)	(46, 1329.0)	(48, 1619.0)	(50, 1474.0)	(52, 1452.0)	(54, 1568.0)	(56, 1412.0)	(58, 1524.0)	(60, 1730.0)	(62, 1617.0)	(64, 1744.0)	(66, 1691.0)	(68, 1701.0)	(70, 1625.0)	(72, 1780.0)	(74, 1565.0)	(76, 1571.0)	(78, 1925.0)	(80, 1676.0)	(82, 1678.0)	(84, 1684.0)	(86, 1586.0)	(88, 1644.0)	(90, 1536.0)	(92, 1491.0)	(94, 1571.0)	(96, 1451.0)	(98, 1428.0)	(100, 1505.0)	(102, 1302.0)	(104, 1311.0)	(106, 1258.0)	(108, 1284.0)	(110, 1333.0)	(112, 1340.0)	(114, 1186.0)	(116, 1290.0)	(118, 8292.0)	(120, 8687.0)	(122, 9480.0)	(124, 12254120.0)
HI_48hpi_1_R1	(30, 1253.0)	(32, 2476.0)	(34, 2804.0)	(36, 2258.0)	(38, 2130.0)	(40, 2302.0)	(42, 1836.0)	(44, 1821.0)	(46, 1446.0)	(48, 1586.0)	(50, 1399.0)	(52, 1496.0)	(54, 1460.0)	(56, 1357.0)	(58, 1425.0)	(60, 1720.0)	(62, 1518.0)	(64, 1569.0)	(66, 1572.0)	(68, 1641.0)	(70, 1525.0)	(72, 1685.0)	(74, 1441.0)	(76, 1581.0)	(78, 1723.0)	(80, 1473.0)	(82, 1467.0)	(84, 1472.0)	(86, 1374.0)	(88, 1422.0)	(90, 1337.0)	(92, 1339.0)	(94, 1441.0)	(96, 1270.0)	(98, 1305.0)	(100, 1273.0)	(102, 1137.0)	(104, 1175.0)	(106, 1111.0)	(108, 1155.0)	(110, 1227.0)	(112, 1236.0)	(114, 1125.0)	(116, 1324.0)	(118, 13275.0)	(120, 13779.0)	(122, 15665.0)	(124, 15921176.0)
HI_48hpi_1_R2	(30, 1253.0)	(32, 2476.0)	(34, 2804.0)	(36, 2258.0)	(38, 2130.0)	(40, 2302.0)	(42, 1836.0)	(44, 1821.0)	(46, 1446.0)	(48, 1586.0)	(50, 1399.0)	(52, 1496.0)	(54, 1460.0)	(56, 1357.0)	(58, 1425.0)	(60, 1720.0)	(62, 1518.0)	(64, 1569.0)	(66, 1572.0)	(68, 1641.0)	(70, 1525.0)	(72, 1685.0)	(74, 1441.0)	(76, 1581.0)	(78, 1723.0)	(80, 1473.0)	(82, 1467.0)	(84, 1472.0)	(86, 1374.0)	(88, 1422.0)	(90, 1337.0)	(92, 1339.0)	(94, 1441.0)	(96, 1270.0)	(98, 1305.0)	(100, 1273.0)	(102, 1137.0)	(104, 1175.0)	(106, 1111.0)	(108, 1155.0)	(110, 1227.0)	(112, 1236.0)	(114, 1125.0)	(116, 1324.0)	(118, 13275.0)	(120, 13779.0)	(122, 15665.0)	(124, 15921176.0)
HI_48hpi_2_R1	(30, 1024.0)	(32, 1898.0)	(34, 2404.0)	(36, 1878.0)	(38, 1784.0)	(40, 1867.0)	(42, 1460.0)	(44, 1375.0)	(46, 1096.0)	(48, 1272.0)	(50, 1173.0)	(52, 1130.0)	(54, 1171.0)	(56, 1111.0)	(58, 1196.0)	(60, 1384.0)	(62, 1318.0)	(64, 1264.0)	(66, 1337.0)	(68, 1292.0)	(70, 1227.0)	(72, 1337.0)	(74, 1199.0)	(76, 1202.0)	(78, 1413.0)	(80, 1159.0)	(82, 1130.0)	(84, 1188.0)	(86, 1126.0)	(88, 1079.0)	(90, 1089.0)	(92, 986.0)	(94, 1081.0)	(96, 1042.0)	(98, 1027.0)	(100, 987.0)	(102, 974.0)	(104, 929.0)	(106, 901.0)	(108, 915.0)	(110, 968.0)	(112, 931.0)	(114, 887.0)	(116, 1008.0)	(118, 10344.0)	(120, 10671.0)	(122, 11878.0)	(124, 12644394.0)
HI_48hpi_2_R2	(30, 1024.0)	(32, 1898.0)	(34, 2404.0)	(36, 1878.0)	(38, 1784.0)	(40, 1867.0)	(42, 1460.0)	(44, 1375.0)	(46, 1096.0)	(48, 1272.0)	(50, 1173.0)	(52, 1130.0)	(54, 1171.0)	(56, 1111.0)	(58, 1196.0)	(60, 1384.0)	(62, 1318.0)	(64, 1264.0)	(66, 1337.0)	(68, 1292.0)	(70, 1227.0)	(72, 1337.0)	(74, 1199.0)	(76, 1202.0)	(78, 1413.0)	(80, 1159.0)	(82, 1130.0)	(84, 1188.0)	(86, 1126.0)	(88, 1079.0)	(90, 1089.0)	(92, 986.0)	(94, 1081.0)	(96, 1042.0)	(98, 1027.0)	(100, 987.0)	(102, 974.0)	(104, 929.0)	(106, 901.0)	(108, 915.0)	(110, 968.0)	(112, 931.0)	(114, 887.0)	(116, 1008.0)	(118, 10344.0)	(120, 10671.0)	(122, 11878.0)	(124, 12644394.0)
HI_48hpi_3_R1	(30, 1439.0)	(32, 2891.0)	(34, 3161.0)	(36, 2487.0)	(38, 2350.0)	(40, 2321.0)	(42, 1853.0)	(44, 1844.0)	(46, 1522.0)	(48, 1671.0)	(50, 1561.0)	(52, 1640.0)	(54, 1709.0)	(56, 1604.0)	(58, 1744.0)	(60, 1973.0)	(62, 1813.0)	(64, 1874.0)	(66, 1774.0)	(68, 1816.0)	(70, 1828.0)	(72, 1852.0)	(74, 1641.0)	(76, 1778.0)	(78, 2021.0)	(80, 1741.0)	(82, 1712.0)	(84, 1690.0)	(86, 1595.0)	(88, 1610.0)	(90, 1513.0)	(92, 1449.0)	(94, 1500.0)	(96, 1499.0)	(98, 1342.0)	(100, 1385.0)	(102, 1313.0)	(104, 1247.0)	(106, 1245.0)	(108, 1313.0)	(110, 1326.0)	(112, 1416.0)	(114, 1234.0)	(116, 1471.0)	(118, 14646.0)	(120, 15378.0)	(122, 17004.0)	(124, 15964361.0)
HI_48hpi_3_R2	(30, 1439.0)	(32, 2891.0)	(34, 3161.0)	(36, 2487.0)	(38, 2350.0)	(40, 2321.0)	(42, 1853.0)	(44, 1844.0)	(46, 1522.0)	(48, 1671.0)	(50, 1561.0)	(52, 1640.0)	(54, 1709.0)	(56, 1604.0)	(58, 1744.0)	(60, 1973.0)	(62, 1813.0)	(64, 1874.0)	(66, 1774.0)	(68, 1816.0)	(70, 1828.0)	(72, 1852.0)	(74, 1641.0)	(76, 1778.0)	(78, 2021.0)	(80, 1741.0)	(82, 1712.0)	(84, 1690.0)	(86, 1595.0)	(88, 1610.0)	(90, 1513.0)	(92, 1449.0)	(94, 1500.0)	(96, 1499.0)	(98, 1342.0)	(100, 1385.0)	(102, 1313.0)	(104, 1247.0)	(106, 1245.0)	(108, 1313.0)	(110, 1326.0)	(112, 1416.0)	(114, 1234.0)	(116, 1471.0)	(118, 14646.0)	(120, 15378.0)	(122, 17004.0)	(124, 15964361.0)
HI_6hpi_1_R1	(30, 923.0)	(32, 1563.0)	(34, 1868.0)	(36, 1452.0)	(38, 1397.0)	(40, 1285.0)	(42, 1207.0)	(44, 1087.0)	(46, 930.0)	(48, 1055.0)	(50, 1098.0)	(52, 1088.0)	(54, 1274.0)	(56, 1342.0)	(58, 1296.0)	(60, 1438.0)	(62, 1489.0)	(64, 1583.0)	(66, 1548.0)	(68, 1417.0)	(70, 1378.0)	(72, 1629.0)	(74, 1400.0)	(76, 1420.0)	(78, 1694.0)	(80, 1552.0)	(82, 1581.0)	(84, 1485.0)	(86, 1430.0)	(88, 1389.0)	(90, 1380.0)	(92, 1317.0)	(94, 1315.0)	(96, 1245.0)	(98, 1240.0)	(100, 1115.0)	(102, 1150.0)	(104, 1184.0)	(106, 1105.0)	(108, 1181.0)	(110, 1303.0)	(112, 1229.0)	(114, 1183.0)	(116, 1816.0)	(118, 30393.0)	(120, 25903.0)	(122, 28576.0)	(124, 16923309.0)
HI_6hpi_1_R2	(30, 923.0)	(32, 1563.0)	(34, 1868.0)	(36, 1452.0)	(38, 1397.0)	(40, 1285.0)	(42, 1207.0)	(44, 1087.0)	(46, 930.0)	(48, 1055.0)	(50, 1098.0)	(52, 1088.0)	(54, 1274.0)	(56, 1342.0)	(58, 1296.0)	(60, 1438.0)	(62, 1489.0)	(64, 1583.0)	(66, 1548.0)	(68, 1417.0)	(70, 1378.0)	(72, 1629.0)	(74, 1400.0)	(76, 1420.0)	(78, 1694.0)	(80, 1552.0)	(82, 1581.0)	(84, 1485.0)	(86, 1430.0)	(88, 1389.0)	(90, 1380.0)	(92, 1317.0)	(94, 1315.0)	(96, 1245.0)	(98, 1240.0)	(100, 1115.0)	(102, 1150.0)	(104, 1184.0)	(106, 1105.0)	(108, 1181.0)	(110, 1303.0)	(112, 1229.0)	(114, 1183.0)	(116, 1816.0)	(118, 30393.0)	(120, 25903.0)	(122, 28576.0)	(124, 16923309.0)
HI_6hpi_2_R1	(30, 822.0)	(32, 1289.0)	(34, 1595.0)	(36, 1266.0)	(38, 1123.0)	(40, 1143.0)	(42, 1023.0)	(44, 1020.0)	(46, 816.0)	(48, 916.0)	(50, 932.0)	(52, 1017.0)	(54, 1140.0)	(56, 1087.0)	(58, 1188.0)	(60, 1250.0)	(62, 1226.0)	(64, 1332.0)	(66, 1328.0)	(68, 1183.0)	(70, 1212.0)	(72, 1343.0)	(74, 1229.0)	(76, 1321.0)	(78, 1501.0)	(80, 1321.0)	(82, 1325.0)	(84, 1305.0)	(86, 1249.0)	(88, 1198.0)	(90, 1135.0)	(92, 1079.0)	(94, 1091.0)	(96, 1061.0)	(98, 1058.0)	(100, 992.0)	(102, 952.0)	(104, 1015.0)	(106, 889.0)	(108, 967.0)	(110, 1033.0)	(112, 1024.0)	(114, 931.0)	(116, 1382.0)	(118, 23443.0)	(120, 19941.0)	(122, 22163.0)	(124, 16235256.0)
HI_6hpi_2_R2	(30, 822.0)	(32, 1289.0)	(34, 1595.0)	(36, 1266.0)	(38, 1123.0)	(40, 1143.0)	(42, 1023.0)	(44, 1020.0)	(46, 816.0)	(48, 916.0)	(50, 932.0)	(52, 1017.0)	(54, 1140.0)	(56, 1087.0)	(58, 1188.0)	(60, 1250.0)	(62, 1226.0)	(64, 1332.0)	(66, 1328.0)	(68, 1183.0)	(70, 1212.0)	(72, 1343.0)	(74, 1229.0)	(76, 1321.0)	(78, 1501.0)	(80, 1321.0)	(82, 1325.0)	(84, 1305.0)	(86, 1249.0)	(88, 1198.0)	(90, 1135.0)	(92, 1079.0)	(94, 1091.0)	(96, 1061.0)	(98, 1058.0)	(100, 992.0)	(102, 952.0)	(104, 1015.0)	(106, 889.0)	(108, 967.0)	(110, 1033.0)	(112, 1024.0)	(114, 931.0)	(116, 1382.0)	(118, 23443.0)	(120, 19941.0)	(122, 22163.0)	(124, 16235256.0)
HI_6hpi_3_R1	(30, 890.0)	(32, 1695.0)	(34, 1993.0)	(36, 1596.0)	(38, 1479.0)	(40, 1522.0)	(42, 1295.0)	(44, 1179.0)	(46, 968.0)	(48, 1077.0)	(50, 1043.0)	(52, 1092.0)	(54, 1094.0)	(56, 1043.0)	(58, 1076.0)	(60, 1175.0)	(62, 1296.0)	(64, 1403.0)	(66, 1308.0)	(68, 1286.0)	(70, 1179.0)	(72, 1372.0)	(74, 1215.0)	(76, 1271.0)	(78, 1464.0)	(80, 1232.0)	(82, 1292.0)	(84, 1213.0)	(86, 1256.0)	(88, 1276.0)	(90, 1233.0)	(92, 1201.0)	(94, 1283.0)	(96, 1118.0)	(98, 1152.0)	(100, 1211.0)	(102, 1036.0)	(104, 1144.0)	(106, 1087.0)	(108, 1092.0)	(110, 1041.0)	(112, 1138.0)	(114, 1028.0)	(116, 1188.0)	(118, 11981.0)	(120, 12821.0)	(122, 13924.0)	(124, 13678811.0)
HI_6hpi_3_R2	(30, 890.0)	(32, 1695.0)	(34, 1993.0)	(36, 1596.0)	(38, 1479.0)	(40, 1522.0)	(42, 1295.0)	(44, 1179.0)	(46, 968.0)	(48, 1077.0)	(50, 1043.0)	(52, 1092.0)	(54, 1094.0)	(56, 1043.0)	(58, 1076.0)	(60, 1175.0)	(62, 1296.0)	(64, 1403.0)	(66, 1308.0)	(68, 1286.0)	(70, 1179.0)	(72, 1372.0)	(74, 1215.0)	(76, 1271.0)	(78, 1464.0)	(80, 1232.0)	(82, 1292.0)	(84, 1213.0)	(86, 1256.0)	(88, 1276.0)	(90, 1233.0)	(92, 1201.0)	(94, 1283.0)	(96, 1118.0)	(98, 1152.0)	(100, 1211.0)	(102, 1036.0)	(104, 1144.0)	(106, 1087.0)	(108, 1092.0)	(110, 1041.0)	(112, 1138.0)	(114, 1028.0)	(116, 1188.0)	(118, 11981.0)	(120, 12821.0)	(122, 13924.0)	(124, 13678811.0)
