Sample	0	1	2	3	4	5	6	7	8	9	10	11	12	13	14	15	16	17
GC_24hpi_1_R1	(20.0, 1.0)	(21.0, 170.0)	(22.0, 5255.0)	(23.0, 19160.0)	(24.0, 34749.0)	(25.0, 53258.0)	(26.0, 77395.0)	(27.0, 109689.0)	(28.0, 151648.0)	(29.0, 204326.0)	(30.0, 271526.0)	(31.0, 360071.0)	(32.0, 489318.0)	(33.0, 699737.0)	(34.0, 1145620.0)	(35.0, 2828511.0)	(36.0, 8015835.0)	
GC_24hpi_1_R2	(20.0, 2.0)	(21.0, 235.0)	(22.0, 5798.0)	(23.0, 24877.0)	(24.0, 52296.0)	(25.0, 77698.0)	(26.0, 98585.0)	(27.0, 124980.0)	(28.0, 153979.0)	(29.0, 191694.0)	(30.0, 238823.0)	(31.0, 300084.0)	(32.0, 389769.0)	(33.0, 529705.0)	(34.0, 795950.0)	(35.0, 1569032.0)	(36.0, 9912762.0)	
GC_24hpi_2_R1	(20.0, 1.0)	(21.0, 218.0)	(22.0, 5513.0)	(23.0, 20080.0)	(24.0, 36427.0)	(25.0, 55601.0)	(26.0, 81146.0)	(27.0, 114376.0)	(28.0, 158059.0)	(29.0, 213217.0)	(30.0, 282673.0)	(31.0, 375413.0)	(32.0, 509239.0)	(33.0, 728465.0)	(34.0, 1180895.0)	(35.0, 2900395.0)	(36.0, 8556143.0)	
GC_24hpi_2_R2	(20.0, 5.0)	(21.0, 251.0)	(22.0, 6577.0)	(23.0, 27556.0)	(24.0, 58308.0)	(25.0, 85154.0)	(26.0, 108618.0)	(27.0, 135925.0)	(28.0, 168526.0)	(29.0, 208070.0)	(30.0, 258315.0)	(31.0, 325909.0)	(32.0, 422174.0)	(33.0, 573046.0)	(34.0, 857892.0)	(35.0, 1682910.0)	(36.0, 10298625.0)	
GC_24hpi_3_R1	(20.0, 2.0)	(21.0, 180.0)	(22.0, 4653.0)	(23.0, 16740.0)	(24.0, 30381.0)	(25.0, 46390.0)	(26.0, 67755.0)	(27.0, 96724.0)	(28.0, 134467.0)	(29.0, 181373.0)	(30.0, 242650.0)	(31.0, 323539.0)	(32.0, 439956.0)	(33.0, 630776.0)	(34.0, 1027970.0)	(35.0, 2530754.0)	(36.0, 7477284.0)	
GC_24hpi_3_R2	(20.0, 2.0)	(21.0, 225.0)	(22.0, 5966.0)	(23.0, 25238.0)	(24.0, 53901.0)	(25.0, 78088.0)	(26.0, 100059.0)	(27.0, 124263.0)	(28.0, 153234.0)	(29.0, 187213.0)	(30.0, 231712.0)	(31.0, 289916.0)	(32.0, 372466.0)	(33.0, 504087.0)	(34.0, 752949.0)	(35.0, 1471311.0)	(36.0, 8900964.0)	
GC_48hpi_1_R1	(21.0, 229.0)	(22.0, 5723.0)	(23.0, 21186.0)	(24.0, 38261.0)	(25.0, 59026.0)	(26.0, 86160.0)	(27.0, 123263.0)	(28.0, 171468.0)	(29.0, 233113.0)	(30.0, 313237.0)	(31.0, 416050.0)	(32.0, 568051.0)	(33.0, 812442.0)	(34.0, 1324945.0)	(35.0, 3269110.0)	(36.0, 8804026.0)		
GC_48hpi_1_R2	(20.0, 3.0)	(21.0, 353.0)	(22.0, 8078.0)	(23.0, 35251.0)	(24.0, 74226.0)	(25.0, 106545.0)	(26.0, 135202.0)	(27.0, 166624.0)	(28.0, 202571.0)	(29.0, 246313.0)	(30.0, 303343.0)	(31.0, 375218.0)	(32.0, 482878.0)	(33.0, 650193.0)	(34.0, 972374.0)	(35.0, 1913114.0)	(36.0, 10574004.0)	
GC_48hpi_2_R1	(21.0, 222.0)	(22.0, 5764.0)	(23.0, 20908.0)	(24.0, 38106.0)	(25.0, 58103.0)	(26.0, 84856.0)	(27.0, 121191.0)	(28.0, 166782.0)	(29.0, 224622.0)	(30.0, 297954.0)	(31.0, 395404.0)	(32.0, 536051.0)	(33.0, 764529.0)	(34.0, 1253051.0)	(35.0, 3108892.0)	(36.0, 8726256.0)		
GC_48hpi_2_R2	(19.0, 1.0)	(20.0, 3.0)	(21.0, 282.0)	(22.0, 6924.0)	(23.0, 29193.0)	(24.0, 61324.0)	(25.0, 89563.0)	(26.0, 115775.0)	(27.0, 142318.0)	(28.0, 176662.0)	(29.0, 217461.0)	(30.0, 268863.0)	(31.0, 337845.0)	(32.0, 435918.0)	(33.0, 591457.0)	(34.0, 891866.0)	(35.0, 1777988.0)	(36.0, 10659248.0)
GC_48hpi_3_R1	(20.0, 1.0)	(21.0, 226.0)	(22.0, 5086.0)	(23.0, 19161.0)	(24.0, 35850.0)	(25.0, 56405.0)	(26.0, 81969.0)	(27.0, 117645.0)	(28.0, 162595.0)	(29.0, 220285.0)	(30.0, 291379.0)	(31.0, 387070.0)	(32.0, 524121.0)	(33.0, 755500.0)	(34.0, 1264968.0)	(35.0, 3431782.0)	(36.0, 6324047.0)	
GC_48hpi_3_R2	(20.0, 3.0)	(21.0, 220.0)	(22.0, 5453.0)	(23.0, 24419.0)	(24.0, 53315.0)	(25.0, 78673.0)	(26.0, 100961.0)	(27.0, 126989.0)	(28.0, 157883.0)	(29.0, 194300.0)	(30.0, 241949.0)	(31.0, 303171.0)	(32.0, 390425.0)	(33.0, 527010.0)	(34.0, 784909.0)	(35.0, 1514007.0)	(36.0, 9174403.0)	
GC_6hpi_1_R1	(21.0, 155.0)	(22.0, 4597.0)	(23.0, 16109.0)	(24.0, 29302.0)	(25.0, 45372.0)	(26.0, 66378.0)	(27.0, 95596.0)	(28.0, 132887.0)	(29.0, 180769.0)	(30.0, 240527.0)	(31.0, 320494.0)	(32.0, 433023.0)	(33.0, 618120.0)	(34.0, 1001029.0)	(35.0, 2506374.0)	(36.0, 7967355.0)		
GC_6hpi_1_R2	(20.0, 1.0)	(21.0, 207.0)	(22.0, 5570.0)	(23.0, 23425.0)	(24.0, 49420.0)	(25.0, 72088.0)	(26.0, 92810.0)	(27.0, 117478.0)	(28.0, 146291.0)	(29.0, 182391.0)	(30.0, 225754.0)	(31.0, 286702.0)	(32.0, 371607.0)	(33.0, 505727.0)	(34.0, 760092.0)	(35.0, 1498892.0)	(36.0, 9319632.0)	
GC_6hpi_2_R1	(20.0, 2.0)	(21.0, 140.0)	(22.0, 4391.0)	(23.0, 15939.0)	(24.0, 28644.0)	(25.0, 45333.0)	(26.0, 65358.0)	(27.0, 93285.0)	(28.0, 129973.0)	(29.0, 176010.0)	(30.0, 234477.0)	(31.0, 311399.0)	(32.0, 421986.0)	(33.0, 602677.0)	(34.0, 981388.0)	(35.0, 2478160.0)	(36.0, 7913645.0)	
GC_6hpi_2_R2	(20.0, 1.0)	(21.0, 181.0)	(22.0, 4888.0)	(23.0, 21052.0)	(24.0, 44114.0)	(25.0, 64969.0)	(26.0, 84446.0)	(27.0, 106132.0)	(28.0, 133585.0)	(29.0, 166094.0)	(30.0, 208800.0)	(31.0, 264511.0)	(32.0, 343910.0)	(33.0, 469464.0)	(34.0, 709095.0)	(35.0, 1395043.0)	(36.0, 9486522.0)	
GC_6hpi_3_R1	(20.0, 1.0)	(21.0, 153.0)	(22.0, 4803.0)	(23.0, 17787.0)	(24.0, 32426.0)	(25.0, 50184.0)	(26.0, 72998.0)	(27.0, 105323.0)	(28.0, 146484.0)	(29.0, 199540.0)	(30.0, 267919.0)	(31.0, 356244.0)	(32.0, 484433.0)	(33.0, 691869.0)	(34.0, 1122140.0)	(35.0, 2826088.0)	(36.0, 8965816.0)	
GC_6hpi_3_R2	(20.0, 3.0)	(21.0, 204.0)	(22.0, 5921.0)	(23.0, 25542.0)	(24.0, 55133.0)	(25.0, 81784.0)	(26.0, 104597.0)	(27.0, 132138.0)	(28.0, 163153.0)	(29.0, 202291.0)	(30.0, 250126.0)	(31.0, 317082.0)	(32.0, 409162.0)	(33.0, 556181.0)	(34.0, 836223.0)	(35.0, 1645725.0)	(36.0, 10558943.0)	
GI_24hpi_1_R1	(20.0, 1.0)	(21.0, 188.0)	(22.0, 5624.0)	(23.0, 20249.0)	(24.0, 36514.0)	(25.0, 56356.0)	(26.0, 81270.0)	(27.0, 116135.0)	(28.0, 159618.0)	(29.0, 214646.0)	(30.0, 284465.0)	(31.0, 376682.0)	(32.0, 509840.0)	(33.0, 728636.0)	(34.0, 1185393.0)	(35.0, 2918648.0)	(36.0, 8407353.0)	
GI_24hpi_1_R2	(20.0, 3.0)	(21.0, 276.0)	(22.0, 6142.0)	(23.0, 26116.0)	(24.0, 55069.0)	(25.0, 81230.0)	(26.0, 104652.0)	(27.0, 130708.0)	(28.0, 162619.0)	(29.0, 202289.0)	(30.0, 252286.0)	(31.0, 318700.0)	(32.0, 413989.0)	(33.0, 561948.0)	(34.0, 843658.0)	(35.0, 1651735.0)	(36.0, 10290198.0)	
GI_24hpi_2_R1	(21.0, 182.0)	(22.0, 4840.0)	(23.0, 18001.0)	(24.0, 32362.0)	(25.0, 49395.0)	(26.0, 71288.0)	(27.0, 100926.0)	(28.0, 138243.0)	(29.0, 184606.0)	(30.0, 244713.0)	(31.0, 324672.0)	(32.0, 440867.0)	(33.0, 628321.0)	(34.0, 1026017.0)	(35.0, 2534236.0)	(36.0, 7038087.0)		
GI_24hpi_2_R2	(20.0, 2.0)	(21.0, 193.0)	(22.0, 5169.0)	(23.0, 22458.0)	(24.0, 45972.0)	(25.0, 67865.0)	(26.0, 87802.0)	(27.0, 108221.0)	(28.0, 135929.0)	(29.0, 167701.0)	(30.0, 209986.0)	(31.0, 263855.0)	(32.0, 343352.0)	(33.0, 468125.0)	(34.0, 705755.0)	(35.0, 1385539.0)	(36.0, 8818832.0)	
GI_24hpi_3_R1	(21.0, 148.0)	(22.0, 4572.0)	(23.0, 16352.0)	(24.0, 29384.0)	(25.0, 45382.0)	(26.0, 65946.0)	(27.0, 93852.0)	(28.0, 130276.0)	(29.0, 175287.0)	(30.0, 233311.0)	(31.0, 309111.0)	(32.0, 415977.0)	(33.0, 594047.0)	(34.0, 966660.0)	(35.0, 2357978.0)	(36.0, 6239071.0)		
GI_24hpi_3_R2	(20.0, 1.0)	(21.0, 242.0)	(22.0, 5527.0)	(23.0, 23514.0)	(24.0, 48316.0)	(25.0, 70227.0)	(26.0, 90330.0)	(27.0, 113066.0)	(28.0, 139774.0)	(29.0, 172124.0)	(30.0, 213875.0)	(31.0, 268732.0)	(32.0, 347592.0)	(33.0, 471673.0)	(34.0, 709331.0)	(35.0, 1398546.0)	(36.0, 7604484.0)	
GI_48hpi_1_R1	(21.0, 185.0)	(22.0, 4971.0)	(23.0, 18862.0)	(24.0, 34860.0)	(25.0, 54490.0)	(26.0, 80745.0)	(27.0, 115994.0)	(28.0, 162331.0)	(29.0, 220965.0)	(30.0, 295801.0)	(31.0, 395947.0)	(32.0, 539986.0)	(33.0, 779886.0)	(34.0, 1298395.0)	(35.0, 3510846.0)	(36.0, 7012246.0)		
GI_48hpi_1_R2	(20.0, 2.0)	(21.0, 256.0)	(22.0, 6450.0)	(23.0, 28678.0)	(24.0, 63047.0)	(25.0, 92710.0)	(26.0, 117929.0)	(27.0, 146285.0)	(28.0, 179465.0)	(29.0, 218834.0)	(30.0, 269029.0)	(31.0, 334698.0)	(32.0, 427624.0)	(33.0, 572602.0)	(34.0, 841762.0)	(35.0, 1610230.0)	(36.0, 9616909.0)	
GI_48hpi_2_R1	(20.0, 1.0)	(21.0, 182.0)	(22.0, 4996.0)	(23.0, 19140.0)	(24.0, 35680.0)	(25.0, 54666.0)	(26.0, 80250.0)	(27.0, 114725.0)	(28.0, 158035.0)	(29.0, 213563.0)	(30.0, 284500.0)	(31.0, 379937.0)	(32.0, 516358.0)	(33.0, 744411.0)	(34.0, 1252719.0)	(35.0, 3426618.0)	(36.0, 6386124.0)	
GI_48hpi_2_R2	(20.0, 2.0)	(21.0, 212.0)	(22.0, 5610.0)	(23.0, 23959.0)	(24.0, 52027.0)	(25.0, 76788.0)	(26.0, 98589.0)	(27.0, 123662.0)	(28.0, 152755.0)	(29.0, 189352.0)	(30.0, 235137.0)	(31.0, 294888.0)	(32.0, 380291.0)	(33.0, 511797.0)	(34.0, 761703.0)	(35.0, 1475888.0)	(36.0, 9289245.0)	
GI_48hpi_3_R1	(21.0, 207.0)	(22.0, 5196.0)	(23.0, 19452.0)	(24.0, 35880.0)	(25.0, 56224.0)	(26.0, 83333.0)	(27.0, 118353.0)	(28.0, 164287.0)	(29.0, 221439.0)	(30.0, 295195.0)	(31.0, 392173.0)	(32.0, 535781.0)	(33.0, 774509.0)	(34.0, 1302753.0)	(35.0, 3572379.0)	(36.0, 6831386.0)		
GI_48hpi_3_R2	(20.0, 1.0)	(21.0, 197.0)	(22.0, 5394.0)	(23.0, 25194.0)	(24.0, 55209.0)	(25.0, 81395.0)	(26.0, 104659.0)	(27.0, 131048.0)	(28.0, 161431.0)	(29.0, 198967.0)	(30.0, 245726.0)	(31.0, 308791.0)	(32.0, 394917.0)	(33.0, 533017.0)	(34.0, 791116.0)	(35.0, 1520766.0)	(36.0, 9850719.0)	
GI_6hpi_1_R1	(21.0, 171.0)	(22.0, 5128.0)	(23.0, 18234.0)	(24.0, 33111.0)	(25.0, 51745.0)	(26.0, 76443.0)	(27.0, 109608.0)	(28.0, 152918.0)	(29.0, 209405.0)	(30.0, 280651.0)	(31.0, 373676.0)	(32.0, 509481.0)	(33.0, 726147.0)	(34.0, 1175353.0)	(35.0, 2930190.0)	(36.0, 9426166.0)		
GI_6hpi_1_R2	(20.0, 2.0)	(21.0, 274.0)	(22.0, 6499.0)	(23.0, 28518.0)	(24.0, 60282.0)	(25.0, 88862.0)	(26.0, 113737.0)	(27.0, 142716.0)	(28.0, 176753.0)	(29.0, 218414.0)	(30.0, 270870.0)	(31.0, 341666.0)	(32.0, 441443.0)	(33.0, 598428.0)	(34.0, 896342.0)	(35.0, 1758168.0)	(36.0, 10935453.0)	
GI_6hpi_2_R1	(20.0, 2.0)	(21.0, 145.0)	(22.0, 4901.0)	(23.0, 17692.0)	(24.0, 32458.0)	(25.0, 49476.0)	(26.0, 72678.0)	(27.0, 103679.0)	(28.0, 143391.0)	(29.0, 193690.0)	(30.0, 258998.0)	(31.0, 343795.0)	(32.0, 464898.0)	(33.0, 664494.0)	(34.0, 1074940.0)	(35.0, 2699364.0)	(36.0, 8441200.0)	
GI_6hpi_2_R2	(21.0, 218.0)	(22.0, 5471.0)	(23.0, 23574.0)	(24.0, 49589.0)	(25.0, 72732.0)	(26.0, 94057.0)	(27.0, 119591.0)	(28.0, 149204.0)	(29.0, 186119.0)	(30.0, 231853.0)	(31.0, 293636.0)	(32.0, 383361.0)	(33.0, 523346.0)	(34.0, 787819.0)	(35.0, 1552742.0)	(36.0, 10092489.0)		
GI_6hpi_3_R1	(21.0, 188.0)	(22.0, 5060.0)	(23.0, 18357.0)	(24.0, 33292.0)	(25.0, 51222.0)	(26.0, 74844.0)	(27.0, 106311.0)	(28.0, 149152.0)	(29.0, 202821.0)	(30.0, 273053.0)	(31.0, 363455.0)	(32.0, 495803.0)	(33.0, 706899.0)	(34.0, 1146110.0)	(35.0, 2875854.0)	(36.0, 10099921.0)		
GI_6hpi_3_R2	(20.0, 3.0)	(21.0, 221.0)	(22.0, 6534.0)	(23.0, 27695.0)	(24.0, 57382.0)	(25.0, 84918.0)	(26.0, 108882.0)	(27.0, 136190.0)	(28.0, 170035.0)	(29.0, 209299.0)	(30.0, 262149.0)	(31.0, 329652.0)	(32.0, 427568.0)	(33.0, 581583.0)	(34.0, 875654.0)	(35.0, 1722214.0)	(36.0, 11602363.0)	
HC_24hpi_1_R1	(21.0, 152.0)	(22.0, 4872.0)	(23.0, 17766.0)	(24.0, 32152.0)	(25.0, 49441.0)	(26.0, 72074.0)	(27.0, 103306.0)	(28.0, 142904.0)	(29.0, 192801.0)	(30.0, 256537.0)	(31.0, 342221.0)	(32.0, 462764.0)	(33.0, 659549.0)	(34.0, 1063210.0)	(35.0, 2645132.0)	(36.0, 8316069.0)		
HC_24hpi_1_R2	(21.0, 220.0)	(22.0, 5465.0)	(23.0, 23511.0)	(24.0, 48371.0)	(25.0, 71864.0)	(26.0, 93107.0)	(27.0, 117338.0)	(28.0, 146888.0)	(29.0, 184382.0)	(30.0, 231164.0)	(31.0, 292356.0)	(32.0, 382612.0)	(33.0, 522237.0)	(34.0, 787251.0)	(35.0, 1541588.0)	(36.0, 9912596.0)		
HC_24hpi_2_R1	(21.0, 173.0)	(22.0, 4982.0)	(23.0, 18057.0)	(24.0, 32315.0)	(25.0, 49517.0)	(26.0, 72162.0)	(27.0, 101512.0)	(28.0, 140475.0)	(29.0, 188309.0)	(30.0, 250538.0)	(31.0, 333976.0)	(32.0, 450389.0)	(33.0, 644436.0)	(34.0, 1041406.0)	(35.0, 2608866.0)	(36.0, 8038788.0)		
HC_24hpi_2_R2	(20.0, 1.0)	(21.0, 204.0)	(22.0, 5428.0)	(23.0, 22370.0)	(24.0, 45875.0)	(25.0, 66502.0)	(26.0, 86259.0)	(27.0, 109113.0)	(28.0, 138077.0)	(29.0, 171900.0)	(30.0, 216307.0)	(31.0, 276634.0)	(32.0, 362160.0)	(33.0, 495120.0)	(34.0, 748602.0)	(35.0, 1479946.0)	(36.0, 9751403.0)	
HC_24hpi_3_R1	(21.0, 142.0)	(22.0, 4356.0)	(23.0, 15984.0)	(24.0, 27835.0)	(25.0, 42871.0)	(26.0, 62073.0)	(27.0, 87982.0)	(28.0, 122433.0)	(29.0, 166211.0)	(30.0, 219754.0)	(31.0, 293887.0)	(32.0, 399071.0)	(33.0, 569486.0)	(34.0, 918850.0)	(35.0, 2301502.0)	(36.0, 7457552.0)		
HC_24hpi_3_R2	(20.0, 1.0)	(21.0, 213.0)	(22.0, 5160.0)	(23.0, 22054.0)	(24.0, 45059.0)	(25.0, 66086.0)	(26.0, 85069.0)	(27.0, 106711.0)	(28.0, 132402.0)	(29.0, 164541.0)	(30.0, 204797.0)	(31.0, 258254.0)	(32.0, 335162.0)	(33.0, 456441.0)	(34.0, 687935.0)	(35.0, 1350262.0)	(36.0, 8769842.0)	
HC_48hpi_1_R1	(21.0, 157.0)	(22.0, 4370.0)	(23.0, 16922.0)	(24.0, 30493.0)	(25.0, 46799.0)	(26.0, 69018.0)	(27.0, 99764.0)	(28.0, 140385.0)	(29.0, 195149.0)	(30.0, 266346.0)	(31.0, 362404.0)	(32.0, 506094.0)	(33.0, 750392.0)	(34.0, 1312174.0)	(35.0, 3843674.0)	(36.0, 7473633.0)		
HC_48hpi_1_R2	(20.0, 3.0)	(21.0, 181.0)	(22.0, 5265.0)	(23.0, 23561.0)	(24.0, 52946.0)	(25.0, 79561.0)	(26.0, 101739.0)	(27.0, 125997.0)	(28.0, 153316.0)	(29.0, 188941.0)	(30.0, 232158.0)	(31.0, 290350.0)	(32.0, 375656.0)	(33.0, 511148.0)	(34.0, 776503.0)	(35.0, 1559391.0)	(36.0, 10641058.0)	
HC_48hpi_2_R1	(21.0, 196.0)	(22.0, 5405.0)	(23.0, 19239.0)	(24.0, 34779.0)	(25.0, 53107.0)	(26.0, 76867.0)	(27.0, 108901.0)	(28.0, 150813.0)	(29.0, 203459.0)	(30.0, 269413.0)	(31.0, 357561.0)	(32.0, 483954.0)	(33.0, 690198.0)	(34.0, 1119263.0)	(35.0, 2748102.0)	(36.0, 8158530.0)		
HC_48hpi_2_R2	(20.0, 4.0)	(21.0, 283.0)	(22.0, 6392.0)	(23.0, 26923.0)	(24.0, 56682.0)	(25.0, 82707.0)	(26.0, 105637.0)	(27.0, 131753.0)	(28.0, 162558.0)	(29.0, 200113.0)	(30.0, 247380.0)	(31.0, 310739.0)	(32.0, 401017.0)	(33.0, 543418.0)	(34.0, 815987.0)	(35.0, 1595700.0)	(36.0, 9792494.0)	
HC_48hpi_3_R1	(20.0, 2.0)	(21.0, 186.0)	(22.0, 5133.0)	(23.0, 18836.0)	(24.0, 33822.0)	(25.0, 51792.0)	(26.0, 74926.0)	(27.0, 106399.0)	(28.0, 145817.0)	(29.0, 195284.0)	(30.0, 258886.0)	(31.0, 341880.0)	(32.0, 460293.0)	(33.0, 652243.0)	(34.0, 1055732.0)	(35.0, 2560796.0)	(36.0, 7048227.0)	
HC_48hpi_3_R2	(20.0, 1.0)	(21.0, 205.0)	(22.0, 5742.0)	(23.0, 23275.0)	(24.0, 48534.0)	(25.0, 70682.0)	(26.0, 92033.0)	(27.0, 114914.0)	(28.0, 143937.0)	(29.0, 178721.0)	(30.0, 223771.0)	(31.0, 283078.0)	(32.0, 367554.0)	(33.0, 501033.0)	(34.0, 758613.0)	(35.0, 1497266.0)	(36.0, 8700895.0)	
HC_6hpi_1_R1	(21.0, 76.0)	(22.0, 2796.0)	(23.0, 10421.0)	(24.0, 18569.0)	(25.0, 29544.0)	(26.0, 44309.0)	(27.0, 65152.0)	(28.0, 95150.0)	(29.0, 133594.0)	(30.0, 184847.0)	(31.0, 252424.0)	(32.0, 344166.0)	(33.0, 484857.0)	(34.0, 738903.0)	(35.0, 1427708.0)	(36.0, 10449419.0)		
HC_6hpi_1_R2	(20.0, 2.0)	(21.0, 308.0)	(22.0, 6543.0)	(23.0, 28066.0)	(24.0, 69900.0)	(25.0, 108406.0)	(26.0, 135539.0)	(27.0, 164596.0)	(28.0, 199780.0)	(29.0, 239293.0)	(30.0, 291864.0)	(31.0, 360328.0)	(32.0, 463279.0)	(33.0, 631010.0)	(34.0, 978357.0)	(35.0, 2357864.0)	(36.0, 8246800.0)	
HC_6hpi_2_R1	(21.0, 94.0)	(22.0, 3009.0)	(23.0, 11650.0)	(24.0, 21918.0)	(25.0, 34436.0)	(26.0, 51496.0)	(27.0, 74938.0)	(28.0, 107154.0)	(29.0, 148585.0)	(30.0, 201851.0)	(31.0, 270358.0)	(32.0, 365634.0)	(33.0, 507244.0)	(34.0, 770332.0)	(35.0, 1499398.0)	(36.0, 10209754.0)		
HC_6hpi_2_R2	(20.0, 2.0)	(21.0, 227.0)	(22.0, 5518.0)	(23.0, 23409.0)	(24.0, 59833.0)	(25.0, 94474.0)	(26.0, 121017.0)	(27.0, 148031.0)	(28.0, 181739.0)	(29.0, 221269.0)	(30.0, 272553.0)	(31.0, 343364.0)	(32.0, 445035.0)	(33.0, 613286.0)	(34.0, 964903.0)	(35.0, 2353194.0)	(36.0, 8429997.0)	
HC_6hpi_3_R1	(21.0, 93.0)	(22.0, 2826.0)	(23.0, 10652.0)	(24.0, 19711.0)	(25.0, 30916.0)	(26.0, 46703.0)	(27.0, 68598.0)	(28.0, 98073.0)	(29.0, 136698.0)	(30.0, 188017.0)	(31.0, 253063.0)	(32.0, 340634.0)	(33.0, 478191.0)	(34.0, 727579.0)	(35.0, 1416485.0)	(36.0, 10274319.0)		
HC_6hpi_3_R2	(21.0, 255.0)	(22.0, 5786.0)	(23.0, 23837.0)	(24.0, 60554.0)	(25.0, 94660.0)	(26.0, 120129.0)	(27.0, 147577.0)	(28.0, 179692.0)	(29.0, 219154.0)	(30.0, 269959.0)	(31.0, 335987.0)	(32.0, 435749.0)	(33.0, 597364.0)	(34.0, 940349.0)	(35.0, 2309225.0)	(36.0, 8352281.0)		
HI_24hpi_1_R1	(21.0, 186.0)	(22.0, 5509.0)	(23.0, 20015.0)	(24.0, 35927.0)	(25.0, 55388.0)	(26.0, 80255.0)	(27.0, 114553.0)	(28.0, 157949.0)	(29.0, 213994.0)	(30.0, 283816.0)	(31.0, 378696.0)	(32.0, 512237.0)	(33.0, 731223.0)	(34.0, 1193851.0)	(35.0, 2910084.0)	(36.0, 7445434.0)		
HI_24hpi_1_R2	(20.0, 2.0)	(21.0, 304.0)	(22.0, 7035.0)	(23.0, 29448.0)	(24.0, 60926.0)	(25.0, 89086.0)	(26.0, 113190.0)	(27.0, 140503.0)	(28.0, 172754.0)	(29.0, 212423.0)	(30.0, 260900.0)	(31.0, 327107.0)	(32.0, 422156.0)	(33.0, 570266.0)	(34.0, 858951.0)	(35.0, 1694778.0)	(36.0, 9179288.0)	
HI_24hpi_2_R1	(20.0, 3.0)	(21.0, 235.0)	(22.0, 6649.0)	(23.0, 24062.0)	(24.0, 42587.0)	(25.0, 64353.0)	(26.0, 92657.0)	(27.0, 130056.0)	(28.0, 178153.0)	(29.0, 238551.0)	(30.0, 314956.0)	(31.0, 416255.0)	(32.0, 564628.0)	(33.0, 804941.0)	(34.0, 1314912.0)	(35.0, 3219382.0)	(36.0, 8573326.0)	
HI_24hpi_2_R2	(20.0, 1.0)	(21.0, 295.0)	(22.0, 6743.0)	(23.0, 27867.0)	(24.0, 57727.0)	(25.0, 84192.0)	(26.0, 107777.0)	(27.0, 135605.0)	(28.0, 167731.0)	(29.0, 207659.0)	(30.0, 259984.0)	(31.0, 329526.0)	(32.0, 425892.0)	(33.0, 581687.0)	(34.0, 876374.0)	(35.0, 1723587.0)	(36.0, 10993059.0)	
HI_24hpi_3_R1	(21.0, 150.0)	(22.0, 4703.0)	(23.0, 17133.0)	(24.0, 29974.0)	(25.0, 46616.0)	(26.0, 67446.0)	(27.0, 96742.0)	(28.0, 134226.0)	(29.0, 182486.0)	(30.0, 243500.0)	(31.0, 324406.0)	(32.0, 440600.0)	(33.0, 631571.0)	(34.0, 1025765.0)	(35.0, 2500728.0)	(36.0, 6606325.0)		
HI_24hpi_3_R2	(20.0, 1.0)	(21.0, 285.0)	(22.0, 6321.0)	(23.0, 25669.0)	(24.0, 54047.0)	(25.0, 79221.0)	(26.0, 100967.0)	(27.0, 124249.0)	(28.0, 152930.0)	(29.0, 187822.0)	(30.0, 232090.0)	(31.0, 290350.0)	(32.0, 372302.0)	(33.0, 505026.0)	(34.0, 752568.0)	(35.0, 1477505.0)	(36.0, 7991018.0)	
HI_48hpi_1_R1	(21.0, 175.0)	(22.0, 4763.0)	(23.0, 18153.0)	(24.0, 33064.0)	(25.0, 50042.0)	(26.0, 73907.0)	(27.0, 105786.0)	(28.0, 150937.0)	(29.0, 206896.0)	(30.0, 282771.0)	(31.0, 387554.0)	(32.0, 541310.0)	(33.0, 801319.0)	(34.0, 1394441.0)	(35.0, 4077687.0)	(36.0, 7902777.0)		
HI_48hpi_1_R2	(20.0, 2.0)	(21.0, 199.0)	(22.0, 5753.0)	(23.0, 25762.0)	(24.0, 57631.0)	(25.0, 86156.0)	(26.0, 109029.0)	(27.0, 134969.0)	(28.0, 164493.0)	(29.0, 201490.0)	(30.0, 248200.0)	(31.0, 310716.0)	(32.0, 401525.0)	(33.0, 545260.0)	(34.0, 823765.0)	(35.0, 1650302.0)	(36.0, 11266330.0)	
HI_48hpi_2_R1	(21.0, 123.0)	(22.0, 3718.0)	(23.0, 14362.0)	(24.0, 26119.0)	(25.0, 39972.0)	(26.0, 59473.0)	(27.0, 85412.0)	(28.0, 121089.0)	(29.0, 167895.0)	(30.0, 228514.0)	(31.0, 311761.0)	(32.0, 435416.0)	(33.0, 648036.0)	(34.0, 1129042.0)	(35.0, 3289034.0)	(36.0, 6171540.0)		
HI_48hpi_2_R2	(20.0, 1.0)	(21.0, 164.0)	(22.0, 4305.0)	(23.0, 19868.0)	(24.0, 44815.0)	(25.0, 67580.0)	(26.0, 85897.0)	(27.0, 107206.0)	(28.0, 131549.0)	(29.0, 160996.0)	(30.0, 200542.0)	(31.0, 249145.0)	(32.0, 323490.0)	(33.0, 440316.0)	(34.0, 666208.0)	(35.0, 1346577.0)	(36.0, 8882847.0)	
HI_48hpi_3_R1	(21.0, 214.0)	(22.0, 5609.0)	(23.0, 20136.0)	(24.0, 37012.0)	(25.0, 56792.0)	(26.0, 83962.0)	(27.0, 121141.0)	(28.0, 168595.0)	(29.0, 229707.0)	(30.0, 307824.0)	(31.0, 410557.0)	(32.0, 555521.0)	(33.0, 793822.0)	(34.0, 1283142.0)	(35.0, 3128421.0)	(36.0, 8884702.0)		
HI_48hpi_3_R2	(20.0, 7.0)	(21.0, 382.0)	(22.0, 8209.0)	(23.0, 34225.0)	(24.0, 72785.0)	(25.0, 105064.0)	(26.0, 133166.0)	(27.0, 164226.0)	(28.0, 201937.0)	(29.0, 245126.0)	(30.0, 301282.0)	(31.0, 374862.0)	(32.0, 480114.0)	(33.0, 646022.0)	(34.0, 960581.0)	(35.0, 1865614.0)	(36.0, 10493555.0)	
HI_6hpi_1_R1	(21.0, 116.0)	(22.0, 3729.0)	(23.0, 14167.0)	(24.0, 26639.0)	(25.0, 42511.0)	(26.0, 63256.0)	(27.0, 92675.0)	(28.0, 131022.0)	(29.0, 181999.0)	(30.0, 247951.0)	(31.0, 331537.0)	(32.0, 445982.0)	(33.0, 623651.0)	(34.0, 945073.0)	(35.0, 1836086.0)	(36.0, 12080848.0)		
HI_6hpi_1_R2	(21.0, 297.0)	(22.0, 6710.0)	(23.0, 27733.0)	(24.0, 68404.0)	(25.0, 107675.0)	(26.0, 138472.0)	(27.0, 171520.0)	(28.0, 210952.0)	(29.0, 260005.0)	(30.0, 322953.0)	(31.0, 407508.0)	(32.0, 531891.0)	(33.0, 733628.0)	(34.0, 1159774.0)	(35.0, 2827717.0)	(36.0, 10092003.0)		
HI_6hpi_2_R1	(20.0, 1.0)	(21.0, 93.0)	(22.0, 3515.0)	(23.0, 13667.0)	(24.0, 25315.0)	(25.0, 40164.0)	(26.0, 59521.0)	(27.0, 86964.0)	(28.0, 122736.0)	(29.0, 169032.0)	(30.0, 230674.0)	(31.0, 308272.0)	(32.0, 412779.0)	(33.0, 575029.0)	(34.0, 873070.0)	(35.0, 1702816.0)	(36.0, 11727464.0)	
HI_6hpi_2_R2	(21.0, 294.0)	(22.0, 6031.0)	(23.0, 25022.0)	(24.0, 61729.0)	(25.0, 97868.0)	(26.0, 125765.0)	(27.0, 156064.0)	(28.0, 193277.0)	(29.0, 237424.0)	(30.0, 294698.0)	(31.0, 371986.0)	(32.0, 487744.0)	(33.0, 676790.0)	(34.0, 1070201.0)	(35.0, 2636076.0)	(36.0, 9910143.0)		
HI_6hpi_3_R1	(20.0, 2.0)	(21.0, 156.0)	(22.0, 4011.0)	(23.0, 14747.0)	(24.0, 26355.0)	(25.0, 41418.0)	(26.0, 61435.0)	(27.0, 88961.0)	(28.0, 124051.0)	(29.0, 170083.0)	(30.0, 228800.0)	(31.0, 305106.0)	(32.0, 414966.0)	(33.0, 591706.0)	(34.0, 955152.0)	(35.0, 2382260.0)	(36.0, 8362560.0)	
HI_6hpi_3_R2	(20.0, 4.0)	(21.0, 223.0)	(22.0, 5257.0)	(23.0, 22860.0)	(24.0, 49424.0)	(25.0, 72556.0)	(26.0, 93208.0)	(27.0, 116650.0)	(28.0, 144513.0)	(29.0, 178990.0)	(30.0, 221890.0)	(31.0, 279264.0)	(32.0, 360851.0)	(33.0, 486988.0)	(34.0, 727054.0)	(35.0, 1417146.0)	(36.0, 9594891.0)	
