Sample	0	1	2	3	4	5	6	7	8	9	10	11	12	13	14	15	16	17	18	19	20	21	22	23	24	25	26	27	28	29	30	31	32	33	34	35	36	37	38	39	40	41	42	43	44	45	46	47	48	49	50	51	52	53	54	55	56	57	58	59	60	61	62	63	64	65	66	67	68	69	70	71	72	73	74	75	76	77	78	79	80	81	82	83	84	85	86	87	88	89	90	91	92	93	94	95	96	97	98	99	100	101	102	103	104	105	106	107	108	109	110	111	112	113	114	115	116	117	118	119	120	121	122	123	124
GC_24hpi_1	(1, 32.4567)	(2, 32.5355)	(3, 32.543)	(4, 32.5252)	(5, 32.5499)	(6, 36.0787)	(7, 36.3098)	(8, 36.3791)	(9, 36.4068)	(10, 36.3996)	(11, 36.4034)	(12, 36.3146)	(13, 36.3599)	(14, 36.3598)	(15, 36.3888)	(16, 36.3073)	(17, 36.3249)	(18, 36.3526)	(19, 36.3575)	(20, 36.2811)	(21, 36.2644)	(22, 36.274)	(23, 36.3319)	(24, 36.3173)	(25, 36.3129)	(26, 36.2825)	(27, 36.3113)	(28, 36.2561)	(29, 36.1988)	(30, 36.1376)	(31, 36.2008)	(32, 36.1835)	(33, 36.1169)	(34, 36.1567)	(35, 36.0946)	(36, 36.1581)	(37, 35.9648)	(38, 35.9903)	(39, 35.9944)	(40, 36.0324)	(41, 35.9984)	(42, 35.9901)	(43, 36.0089)	(44, 36.0054)	(45, 35.9924)	(46, 35.9577)	(47, 35.9496)	(48, 35.9965)	(49, 35.9542)	(50, 35.9716)	(51, 35.9538)	(52, 35.9473)	(53, 35.9238)	(54, 35.9282)	(55, 35.9228)	(56, 35.8931)	(57, 35.9154)	(58, 35.8912)	(59, 35.8892)	(60, 35.9016)	(61, 35.9064)	(62, 35.8739)	(63, 35.8445)	(64, 35.828)	(65, 35.8129)	(66, 35.8138)	(67, 35.8606)	(68, 35.8514)	(69, 35.803)	(70, 35.8277)	(71, 35.7855)	(72, 35.7847)	(73, 35.379)	(74, 18.485)	(75, 30.6209)	(76, 31.2334)	(77, 34.6184)	(78, 35.3193)	(79, 35.5107)	(80, 35.5648)	(81, 35.5484)	(82, 35.5226)	(83, 35.4782)	(84, 35.4515)	(85, 35.4061)	(86, 35.3965)	(87, 35.3514)	(88, 35.3335)	(89, 35.2404)	(90, 35.1953)	(91, 35.1612)	(92, 35.1936)	(93, 35.2304)	(94, 35.1858)	(95, 35.1925)	(96, 35.1806)	(97, 35.2207)	(98, 35.2451)	(99, 35.2209)	(100, 35.0943)	(101, 35.1141)	(102, 35.1717)	(103, 35.1115)	(104, 35.0766)	(105, 34.9785)	(106, 34.8984)	(107, 34.81)	(108, 34.7732)	(109, 34.7349)	(110, 34.6796)	(111, 34.6393)	(112, 34.5642)	(113, 34.4183)	(114, 34.3944)	(115, 34.3549)	(116, 34.2884)	(117, 34.2462)	(118, 34.1448)	(119, 34.0717)	(120, 33.9998)	(121, 34.0022)	(122, 33.8692)	(123, 33.7111)	(124, 33.4072)	(125, 32.8704)
GC_24hpi_2	(1, 32.4548)	(2, 32.5352)	(3, 32.5429)	(4, 32.5253)	(5, 32.5494)	(6, 36.0885)	(7, 36.3182)	(8, 36.3867)	(9, 36.4146)	(10, 36.4109)	(11, 36.4136)	(12, 36.323)	(13, 36.3687)	(14, 36.3707)	(15, 36.399)	(16, 36.3169)	(17, 36.3371)	(18, 36.3636)	(19, 36.3688)	(20, 36.2927)	(21, 36.2751)	(22, 36.2864)	(23, 36.3435)	(24, 36.3311)	(25, 36.3253)	(26, 36.2954)	(27, 36.3236)	(28, 36.2691)	(29, 36.2135)	(30, 36.1539)	(31, 36.2137)	(32, 36.1979)	(33, 36.1331)	(34, 36.1701)	(35, 36.1115)	(36, 36.1725)	(37, 35.9835)	(38, 36.0083)	(39, 36.0119)	(40, 36.0519)	(41, 36.0192)	(42, 36.0084)	(43, 36.0281)	(44, 36.0234)	(45, 36.0115)	(46, 35.976)	(47, 35.9699)	(48, 36.0139)	(49, 35.9743)	(50, 35.9886)	(51, 35.9722)	(52, 35.9652)	(53, 35.9404)	(54, 35.9472)	(55, 35.9407)	(56, 35.9103)	(57, 35.9334)	(58, 35.9094)	(59, 35.9092)	(60, 35.9227)	(61, 35.9245)	(62, 35.8908)	(63, 35.8667)	(64, 35.8471)	(65, 35.8322)	(66, 35.8334)	(67, 35.878)	(68, 35.8697)	(69, 35.8226)	(70, 35.8462)	(71, 35.8064)	(72, 35.8057)	(73, 35.4075)	(74, 18.4868)	(75, 30.6425)	(76, 31.2503)	(77, 34.6482)	(78, 35.3451)	(79, 35.5338)	(80, 35.5859)	(81, 35.5704)	(82, 35.5437)	(83, 35.4979)	(84, 35.4726)	(85, 35.4307)	(86, 35.4191)	(87, 35.372)	(88, 35.3521)	(89, 35.2641)	(90, 35.2188)	(91, 35.1858)	(92, 35.2156)	(93, 35.253)	(94, 35.2081)	(95, 35.216)	(96, 35.206)	(97, 35.2438)	(98, 35.2647)	(99, 35.2377)	(100, 35.1167)	(101, 35.1354)	(102, 35.1914)	(103, 35.131)	(104, 35.096)	(105, 35.0001)	(106, 34.9169)	(107, 34.832)	(108, 34.7992)	(109, 34.7628)	(110, 34.6996)	(111, 34.6595)	(112, 34.5872)	(113, 34.4386)	(114, 34.4137)	(115, 34.374)	(116, 34.3123)	(117, 34.2707)	(118, 34.1724)	(119, 34.101)	(120, 34.0264)	(121, 34.0272)	(122, 33.8921)	(123, 33.7392)	(124, 33.4374)	(125, 32.9032)
GC_24hpi_3	(1, 32.4708)	(2, 32.5486)	(3, 32.5561)	(4, 32.5401)	(5, 32.5637)	(6, 36.1071)	(7, 36.3309)	(8, 36.3991)	(9, 36.4267)	(10, 36.4205)	(11, 36.4242)	(12, 36.334)	(13, 36.3792)	(14, 36.3822)	(15, 36.4081)	(16, 36.3286)	(17, 36.3492)	(18, 36.3754)	(19, 36.379)	(20, 36.3031)	(21, 36.2847)	(22, 36.2951)	(23, 36.3516)	(24, 36.3408)	(25, 36.3361)	(26, 36.3043)	(27, 36.3333)	(28, 36.2804)	(29, 36.2249)	(30, 36.1646)	(31, 36.226)	(32, 36.2094)	(33, 36.1446)	(34, 36.1817)	(35, 36.1229)	(36, 36.185)	(37, 35.9965)	(38, 36.0222)	(39, 36.0237)	(40, 36.0644)	(41, 36.0315)	(42, 36.0216)	(43, 36.0405)	(44, 36.0387)	(45, 36.0272)	(46, 35.9888)	(47, 35.9854)	(48, 36.029)	(49, 35.9878)	(50, 36.0035)	(51, 35.9849)	(52, 35.9805)	(53, 35.9536)	(54, 35.9607)	(55, 35.9564)	(56, 35.9246)	(57, 35.9501)	(58, 35.9244)	(59, 35.9238)	(60, 35.9351)	(61, 35.9406)	(62, 35.9052)	(63, 35.8797)	(64, 35.8597)	(65, 35.8476)	(66, 35.846)	(67, 35.8934)	(68, 35.8847)	(69, 35.8358)	(70, 35.859)	(71, 35.8211)	(72, 35.8193)	(73, 35.42)	(74, 18.5052)	(75, 30.6545)	(76, 31.2727)	(77, 34.6738)	(78, 35.3637)	(79, 35.5491)	(80, 35.6047)	(81, 35.5874)	(82, 35.5589)	(83, 35.5183)	(84, 35.4915)	(85, 35.4462)	(86, 35.4364)	(87, 35.3894)	(88, 35.3717)	(89, 35.285)	(90, 35.2382)	(91, 35.2059)	(92, 35.2352)	(93, 35.2719)	(94, 35.2279)	(95, 35.2336)	(96, 35.2213)	(97, 35.258)	(98, 35.284)	(99, 35.2605)	(100, 35.1329)	(101, 35.1558)	(102, 35.2136)	(103, 35.1519)	(104, 35.1132)	(105, 35.0223)	(106, 34.9391)	(107, 34.8499)	(108, 34.815)	(109, 34.7788)	(110, 34.7223)	(111, 34.679)	(112, 34.6104)	(113, 34.463)	(114, 34.4393)	(115, 34.4021)	(116, 34.337)	(117, 34.2969)	(118, 34.1999)	(119, 34.1302)	(120, 34.0579)	(121, 34.0597)	(122, 33.9272)	(123, 33.7752)	(124, 33.4771)	(125, 32.9518)
GC_48hpi_1	(1, 32.4296)	(2, 32.512)	(3, 32.5205)	(4, 32.5046)	(5, 32.5303)	(6, 36.043)	(7, 36.2881)	(8, 36.3653)	(9, 36.3921)	(10, 36.3851)	(11, 36.3918)	(12, 36.2984)	(13, 36.3447)	(14, 36.3429)	(15, 36.3721)	(16, 36.2883)	(17, 36.3071)	(18, 36.337)	(19, 36.3392)	(20, 36.2627)	(21, 36.2487)	(22, 36.2568)	(23, 36.3134)	(24, 36.2991)	(25, 36.2947)	(26, 36.2647)	(27, 36.2935)	(28, 36.2358)	(29, 36.1816)	(30, 36.1172)	(31, 36.1834)	(32, 36.1649)	(33, 36.0981)	(34, 36.135)	(35, 36.0733)	(36, 36.1377)	(37, 35.9441)	(38, 35.9684)	(39, 35.9721)	(40, 36.0139)	(41, 35.9782)	(42, 35.9652)	(43, 35.9852)	(44, 35.983)	(45, 35.9707)	(46, 35.9348)	(47, 35.9274)	(48, 35.9731)	(49, 35.9297)	(50, 35.9472)	(51, 35.9319)	(52, 35.9244)	(53, 35.8973)	(54, 35.9042)	(55, 35.8969)	(56, 35.8672)	(57, 35.892)	(58, 35.866)	(59, 35.8653)	(60, 35.8799)	(61, 35.8828)	(62, 35.8501)	(63, 35.8226)	(64, 35.8051)	(65, 35.7887)	(66, 35.7877)	(67, 35.837)	(68, 35.8278)	(69, 35.7788)	(70, 35.8057)	(71, 35.7625)	(72, 35.762)	(73, 35.356)	(74, 18.4435)	(75, 30.5811)	(76, 31.1935)	(77, 34.5686)	(78, 35.2878)	(79, 35.485)	(80, 35.536)	(81, 35.5191)	(82, 35.492)	(83, 35.445)	(84, 35.4181)	(85, 35.3736)	(86, 35.3611)	(87, 35.3138)	(88, 35.2963)	(89, 35.2049)	(90, 35.1529)	(91, 35.1194)	(92, 35.1519)	(93, 35.1949)	(94, 35.1501)	(95, 35.1574)	(96, 35.1458)	(97, 35.1864)	(98, 35.2079)	(99, 35.1838)	(100, 35.0582)	(101, 35.0795)	(102, 35.1376)	(103, 35.0805)	(104, 35.0444)	(105, 34.9419)	(106, 34.8621)	(107, 34.7712)	(108, 34.7384)	(109, 34.702)	(110, 34.6424)	(111, 34.5988)	(112, 34.5278)	(113, 34.3777)	(114, 34.3523)	(115, 34.311)	(116, 34.2453)	(117, 34.2056)	(118, 34.1099)	(119, 34.0333)	(120, 33.9519)	(121, 33.961)	(122, 33.8196)	(123, 33.6706)	(124, 33.3581)	(125, 32.8069)
GC_48hpi_2	(1, 32.4477)	(2, 32.5281)	(3, 32.5382)	(4, 32.5221)	(5, 32.5448)	(6, 36.0674)	(7, 36.3044)	(8, 36.377)	(9, 36.4018)	(10, 36.3947)	(11, 36.3995)	(12, 36.3076)	(13, 36.3522)	(14, 36.3534)	(15, 36.3804)	(16, 36.2987)	(17, 36.3158)	(18, 36.3462)	(19, 36.3477)	(20, 36.2701)	(21, 36.2552)	(22, 36.2649)	(23, 36.3229)	(24, 36.3074)	(25, 36.3028)	(26, 36.2747)	(27, 36.3033)	(28, 36.2458)	(29, 36.19)	(30, 36.1268)	(31, 36.1916)	(32, 36.1757)	(33, 36.1099)	(34, 36.1463)	(35, 36.0823)	(36, 36.1484)	(37, 35.9561)	(38, 35.9815)	(39, 35.9854)	(40, 36.0276)	(41, 35.9917)	(42, 35.9789)	(43, 36.0009)	(44, 35.9974)	(45, 35.9846)	(46, 35.9477)	(47, 35.9412)	(48, 35.9876)	(49, 35.9434)	(50, 35.9604)	(51, 35.9459)	(52, 35.9405)	(53, 35.9135)	(54, 35.9211)	(55, 35.9144)	(56, 35.885)	(57, 35.9083)	(58, 35.8825)	(59, 35.8826)	(60, 35.894)	(61, 35.8972)	(62, 35.8618)	(63, 35.8388)	(64, 35.8244)	(65, 35.8067)	(66, 35.8048)	(67, 35.8546)	(68, 35.8449)	(69, 35.798)	(70, 35.8242)	(71, 35.7799)	(72, 35.7808)	(73, 35.3778)	(74, 18.4642)	(75, 30.5994)	(76, 31.2191)	(77, 34.6036)	(78, 35.3132)	(79, 35.5062)	(80, 35.5575)	(81, 35.5425)	(82, 35.5146)	(83, 35.47)	(84, 35.4421)	(85, 35.4)	(86, 35.3879)	(87, 35.3407)	(88, 35.3237)	(89, 35.2353)	(90, 35.1842)	(91, 35.1493)	(92, 35.1817)	(93, 35.2247)	(94, 35.1787)	(95, 35.1837)	(96, 35.1755)	(97, 35.2161)	(98, 35.237)	(99, 35.2145)	(100, 35.0876)	(101, 35.11)	(102, 35.1685)	(103, 35.1069)	(104, 35.0756)	(105, 34.9717)	(106, 34.8962)	(107, 34.8076)	(108, 34.7711)	(109, 34.7368)	(110, 34.6762)	(111, 34.6338)	(112, 34.5658)	(113, 34.4186)	(114, 34.3928)	(115, 34.352)	(116, 34.2862)	(117, 34.2495)	(118, 34.1531)	(119, 34.0816)	(120, 34.0)	(121, 34.0075)	(122, 33.8712)	(123, 33.725)	(124, 33.4252)	(125, 32.8818)
GC_48hpi_3	(1, 32.3918)	(2, 32.4538)	(3, 32.4885)	(4, 32.5216)	(5, 32.5341)	(6, 36.048)	(7, 36.2673)	(8, 36.3296)	(9, 36.351)	(10, 36.3486)	(11, 36.3523)	(12, 36.3555)	(13, 36.3477)	(14, 36.3503)	(15, 36.3312)	(16, 36.323)	(17, 36.322)	(18, 36.3138)	(19, 36.3039)	(20, 36.2894)	(21, 36.2922)	(22, 36.2891)	(23, 36.2879)	(24, 36.2816)	(25, 36.2727)	(26, 36.2518)	(27, 36.2425)	(28, 36.2362)	(29, 36.2101)	(30, 36.1913)	(31, 36.1758)	(32, 36.1513)	(33, 36.148)	(34, 36.1378)	(35, 36.1206)	(36, 36.1097)	(37, 36.0559)	(38, 36.0199)	(39, 35.9804)	(40, 35.9644)	(41, 35.9346)	(42, 35.9187)	(43, 35.9002)	(44, 35.8954)	(45, 35.8885)	(46, 35.8746)	(47, 35.8743)	(48, 35.85)	(49, 35.8604)	(50, 35.8512)	(51, 35.8457)	(52, 35.8266)	(53, 35.8127)	(54, 35.8244)	(55, 35.8194)	(56, 35.8182)	(57, 35.8055)	(58, 35.8046)	(59, 35.8018)	(60, 35.8093)	(61, 35.8258)	(62, 35.8234)	(63, 35.8164)	(64, 35.7977)	(65, 35.7905)	(66, 35.774)	(67, 35.7588)	(68, 35.7427)	(69, 35.7337)	(70, 35.7389)	(71, 35.7233)	(72, 35.711)	(73, 35.7147)	(74, 35.1124)	(75, 2.0)	(76, 25.8215)	(77, 26.8107)	(78, 33.3586)	(79, 34.7775)	(80, 35.2288)	(81, 35.3146)	(82, 35.368)	(83, 35.3714)	(84, 35.3631)	(85, 35.3656)	(86, 35.2836)	(87, 35.3023)	(88, 35.2588)	(89, 35.2211)	(90, 35.2014)	(91, 35.1665)	(92, 35.0159)	(93, 34.8403)	(94, 35.0962)	(95, 35.1612)	(96, 35.1903)	(97, 35.1982)	(98, 35.1571)	(99, 35.1167)	(100, 35.0863)	(101, 35.0732)	(102, 35.0629)	(103, 35.0471)	(104, 34.9829)	(105, 34.9545)	(106, 34.9028)	(107, 34.8704)	(108, 34.8284)	(109, 34.7864)	(110, 34.7543)	(111, 34.6857)	(112, 34.6039)	(113, 34.5605)	(114, 34.4891)	(115, 34.4041)	(116, 34.369)	(117, 34.2511)	(118, 34.1872)	(119, 34.1183)	(120, 34.0222)	(121, 33.8811)	(122, 33.729)	(123, 33.553)	(124, 33.1897)	(125, 32.7012)
GC_6hpi_1	(1, 32.4117)	(2, 32.505)	(3, 32.4623)	(4, 32.518)	(5, 32.5213)	(6, 36.0793)	(7, 36.2582)	(8, 36.2998)	(9, 36.3481)	(10, 36.4061)	(11, 36.4206)	(12, 36.3631)	(13, 36.4046)	(14, 36.4232)	(15, 36.4177)	(16, 36.4126)	(17, 36.4109)	(18, 36.401)	(19, 36.4002)	(20, 36.3868)	(21, 36.3859)	(22, 36.3811)	(23, 36.3769)	(24, 36.3772)	(25, 36.3643)	(26, 36.3514)	(27, 36.3441)	(28, 36.3343)	(29, 36.3181)	(30, 35.9704)	(31, 36.185)	(32, 36.2314)	(33, 36.2424)	(34, 36.2485)	(35, 36.2374)	(36, 36.2268)	(37, 36.1924)	(38, 36.1552)	(39, 36.1362)	(40, 36.1087)	(41, 36.0973)	(42, 36.081)	(43, 36.0642)	(44, 35.9577)	(45, 36.025)	(46, 36.0329)	(47, 36.0364)	(48, 36.0291)	(49, 36.0373)	(50, 36.0267)	(51, 36.0138)	(52, 36.0145)	(53, 36.0004)	(54, 36.0005)	(55, 35.9946)	(56, 35.9898)	(57, 35.9728)	(58, 35.9655)	(59, 35.962)	(60, 35.9678)	(61, 35.977)	(62, 35.9593)	(63, 35.9496)	(64, 35.9419)	(65, 35.9385)	(66, 35.9259)	(67, 35.916)	(68, 35.9178)	(69, 35.9042)	(70, 35.8995)	(71, 35.8824)	(72, 35.8734)	(73, 35.5396)	(74, 18.5649)	(75, 30.731)	(76, 31.2722)	(77, 34.7204)	(78, 35.4057)	(79, 35.5965)	(80, 35.6298)	(81, 35.659)	(82, 35.6208)	(83, 35.585)	(84, 35.5652)	(85, 35.5407)	(86, 35.4929)	(87, 35.4736)	(88, 35.4412)	(89, 35.4167)	(90, 35.3551)	(91, 35.3365)	(92, 35.3288)	(93, 34.8301)	(94, 35.2172)	(95, 35.3171)	(96, 35.3393)	(97, 35.3454)	(98, 35.3258)	(99, 35.3078)	(100, 35.2684)	(101, 35.2342)	(102, 35.2292)	(103, 35.1717)	(104, 35.1426)	(105, 35.1213)	(106, 35.0958)	(107, 35.0393)	(108, 34.9981)	(109, 34.9623)	(110, 34.8903)	(111, 34.8389)	(112, 34.8137)	(113, 34.7589)	(114, 34.6877)	(115, 34.6139)	(116, 34.5462)	(117, 34.4914)	(118, 34.3626)	(119, 34.3097)	(120, 34.1913)	(121, 34.1212)	(122, 33.9424)	(123, 33.7612)	(124, 33.4455)	(125, 32.8903)
GC_6hpi_2	(1, 32.4253)	(2, 32.5183)	(3, 32.4755)	(4, 32.5317)	(5, 32.5334)	(6, 36.0918)	(7, 36.2653)	(8, 36.3066)	(9, 36.3556)	(10, 36.4106)	(11, 36.4269)	(12, 36.3696)	(13, 36.4073)	(14, 36.4276)	(15, 36.4227)	(16, 36.417)	(17, 36.4161)	(18, 36.4065)	(19, 36.4053)	(20, 36.3922)	(21, 36.3912)	(22, 36.386)	(23, 36.3844)	(24, 36.3822)	(25, 36.3699)	(26, 36.3574)	(27, 36.3509)	(28, 36.3404)	(29, 36.325)	(30, 35.9827)	(31, 36.1924)	(32, 36.2392)	(33, 36.2519)	(34, 36.2564)	(35, 36.2445)	(36, 36.232)	(37, 36.1991)	(38, 36.1644)	(39, 36.1448)	(40, 36.118)	(41, 36.1059)	(42, 36.0893)	(43, 36.0718)	(44, 35.9694)	(45, 36.0343)	(46, 36.042)	(47, 36.046)	(48, 36.0396)	(49, 36.0437)	(50, 36.0343)	(51, 36.0224)	(52, 36.0224)	(53, 36.0085)	(54, 36.0087)	(55, 36.0007)	(56, 35.9978)	(57, 35.9819)	(58, 35.9714)	(59, 35.9706)	(60, 35.9747)	(61, 35.9867)	(62, 35.9661)	(63, 35.9557)	(64, 35.9512)	(65, 35.9448)	(66, 35.9357)	(67, 35.9239)	(68, 35.9245)	(69, 35.9103)	(70, 35.9041)	(71, 35.8887)	(72, 35.882)	(73, 35.5478)	(74, 18.5767)	(75, 30.7358)	(76, 31.2811)	(77, 34.7345)	(78, 35.4196)	(79, 35.6046)	(80, 35.6394)	(81, 35.6675)	(82, 35.6334)	(83, 35.5956)	(84, 35.5771)	(85, 35.5526)	(86, 35.5054)	(87, 35.4878)	(88, 35.455)	(89, 35.4309)	(90, 35.3681)	(91, 35.3488)	(92, 35.3403)	(93, 34.8462)	(94, 35.2309)	(95, 35.3317)	(96, 35.3538)	(97, 35.3557)	(98, 35.3409)	(99, 35.3165)	(100, 35.2814)	(101, 35.2488)	(102, 35.2439)	(103, 35.1847)	(104, 35.1585)	(105, 35.1397)	(106, 35.1128)	(107, 35.0578)	(108, 35.0145)	(109, 34.9838)	(110, 34.9117)	(111, 34.8584)	(112, 34.8309)	(113, 34.7771)	(114, 34.7094)	(115, 34.6336)	(116, 34.5646)	(117, 34.5106)	(118, 34.3837)	(119, 34.3307)	(120, 34.2146)	(121, 34.1414)	(122, 33.9658)	(123, 33.7881)	(124, 33.475)	(125, 32.9274)
GC_6hpi_3	(1, 32.419)	(2, 32.5118)	(3, 32.4681)	(4, 32.5262)	(5, 32.5284)	(6, 36.0849)	(7, 36.2622)	(8, 36.3033)	(9, 36.3512)	(10, 36.4081)	(11, 36.4251)	(12, 36.366)	(13, 36.4063)	(14, 36.4266)	(15, 36.421)	(16, 36.4147)	(17, 36.4156)	(18, 36.4061)	(19, 36.4046)	(20, 36.3897)	(21, 36.3917)	(22, 36.386)	(23, 36.3822)	(24, 36.3824)	(25, 36.3675)	(26, 36.3551)	(27, 36.3489)	(28, 36.3383)	(29, 36.3246)	(30, 35.98)	(31, 36.1906)	(32, 36.2365)	(33, 36.2473)	(34, 36.2537)	(35, 36.243)	(36, 36.2319)	(37, 36.1968)	(38, 36.1598)	(39, 36.1424)	(40, 36.1148)	(41, 36.1041)	(42, 36.0886)	(43, 36.0703)	(44, 35.9662)	(45, 36.0324)	(46, 36.0388)	(47, 36.0438)	(48, 36.0373)	(49, 36.0434)	(50, 36.0335)	(51, 36.0208)	(52, 36.0221)	(53, 36.0072)	(54, 36.0087)	(55, 36.0005)	(56, 35.9958)	(57, 35.9832)	(58, 35.9723)	(59, 35.9688)	(60, 35.9742)	(61, 35.982)	(62, 35.9668)	(63, 35.957)	(64, 35.9499)	(65, 35.9451)	(66, 35.9358)	(67, 35.9229)	(68, 35.9258)	(69, 35.9107)	(70, 35.9039)	(71, 35.8898)	(72, 35.8812)	(73, 35.5458)	(74, 18.5721)	(75, 30.7354)	(76, 31.2828)	(77, 34.7317)	(78, 35.4161)	(79, 35.6031)	(80, 35.6391)	(81, 35.668)	(82, 35.6333)	(83, 35.5937)	(84, 35.5775)	(85, 35.5514)	(86, 35.5035)	(87, 35.4857)	(88, 35.4523)	(89, 35.4268)	(90, 35.3636)	(91, 35.3459)	(92, 35.3387)	(93, 34.8429)	(94, 35.2293)	(95, 35.3306)	(96, 35.3508)	(97, 35.3564)	(98, 35.3387)	(99, 35.3174)	(100, 35.2809)	(101, 35.2475)	(102, 35.2418)	(103, 35.1824)	(104, 35.1547)	(105, 35.1388)	(106, 35.1123)	(107, 35.0559)	(108, 35.0144)	(109, 34.9825)	(110, 34.9099)	(111, 34.8562)	(112, 34.8291)	(113, 34.7723)	(114, 34.7028)	(115, 34.6307)	(116, 34.5618)	(117, 34.5084)	(118, 34.3802)	(119, 34.3301)	(120, 34.2139)	(121, 34.1396)	(122, 33.9629)	(123, 33.7871)	(124, 33.4715)	(125, 32.921)
GI_24hpi_1	(1, 32.4435)	(2, 32.5253)	(3, 32.5331)	(4, 32.5161)	(5, 32.5419)	(6, 36.0728)	(7, 36.306)	(8, 36.3759)	(9, 36.4052)	(10, 36.3995)	(11, 36.4034)	(12, 36.312)	(13, 36.3592)	(14, 36.3605)	(15, 36.3883)	(16, 36.3076)	(17, 36.3277)	(18, 36.3546)	(19, 36.3582)	(20, 36.2836)	(21, 36.2635)	(22, 36.273)	(23, 36.3338)	(24, 36.3192)	(25, 36.3153)	(26, 36.285)	(27, 36.3124)	(28, 36.2577)	(29, 36.2018)	(30, 36.1416)	(31, 36.2035)	(32, 36.1844)	(33, 36.1193)	(34, 36.1564)	(35, 36.0979)	(36, 36.1603)	(37, 35.9688)	(38, 35.9946)	(39, 35.9951)	(40, 36.0387)	(41, 36.0039)	(42, 35.9937)	(43, 36.0131)	(44, 36.0096)	(45, 35.9972)	(46, 35.96)	(47, 35.9524)	(48, 35.9993)	(49, 35.9602)	(50, 35.9766)	(51, 35.9581)	(52, 35.9511)	(53, 35.9249)	(54, 35.9309)	(55, 35.926)	(56, 35.8947)	(57, 35.92)	(58, 35.8941)	(59, 35.8937)	(60, 35.9057)	(61, 35.9115)	(62, 35.8765)	(63, 35.8503)	(64, 35.8301)	(65, 35.8174)	(66, 35.816)	(67, 35.8653)	(68, 35.8553)	(69, 35.8085)	(70, 35.8333)	(71, 35.7909)	(72, 35.7901)	(73, 35.3889)	(74, 18.4712)	(75, 30.6224)	(76, 31.2313)	(77, 34.6239)	(78, 35.3235)	(79, 35.5134)	(80, 35.5693)	(81, 35.5496)	(82, 35.5247)	(83, 35.4781)	(84, 35.4531)	(85, 35.4098)	(86, 35.3991)	(87, 35.3516)	(88, 35.3348)	(89, 35.2461)	(90, 35.1957)	(91, 35.1656)	(92, 35.1972)	(93, 35.2316)	(94, 35.1881)	(95, 35.1956)	(96, 35.1868)	(97, 35.2219)	(98, 35.2425)	(99, 35.2196)	(100, 35.0963)	(101, 35.1164)	(102, 35.1722)	(103, 35.1101)	(104, 35.0765)	(105, 34.9788)	(106, 34.8982)	(107, 34.8104)	(108, 34.7741)	(109, 34.7349)	(110, 34.6811)	(111, 34.6352)	(112, 34.5615)	(113, 34.4133)	(114, 34.3856)	(115, 34.3483)	(116, 34.2788)	(117, 34.236)	(118, 34.1383)	(119, 34.0684)	(120, 33.9958)	(121, 33.9989)	(122, 33.8608)	(123, 33.71)	(124, 33.4031)	(125, 32.8684)
GI_24hpi_2	(1, 32.4527)	(2, 32.5317)	(3, 32.5411)	(4, 32.5232)	(5, 32.5471)	(6, 36.0696)	(7, 36.3029)	(8, 36.3714)	(9, 36.4)	(10, 36.3941)	(11, 36.3985)	(12, 36.3058)	(13, 36.3518)	(14, 36.3525)	(15, 36.3814)	(16, 36.2993)	(17, 36.3163)	(18, 36.3443)	(19, 36.3487)	(20, 36.273)	(21, 36.2578)	(22, 36.2661)	(23, 36.3242)	(24, 36.3101)	(25, 36.3064)	(26, 36.2758)	(27, 36.3043)	(28, 36.2477)	(29, 36.1914)	(30, 36.1271)	(31, 36.193)	(32, 36.1732)	(33, 36.1078)	(34, 36.1476)	(35, 36.0857)	(36, 36.1508)	(37, 35.9556)	(38, 35.9795)	(39, 35.9815)	(40, 36.0219)	(41, 35.9876)	(42, 35.9775)	(43, 36.0007)	(44, 35.9948)	(45, 35.9817)	(46, 35.942)	(47, 35.9379)	(48, 35.9823)	(49, 35.9423)	(50, 35.9586)	(51, 35.9407)	(52, 35.933)	(53, 35.9067)	(54, 35.9137)	(55, 35.9076)	(56, 35.8778)	(57, 35.9013)	(58, 35.874)	(59, 35.8732)	(60, 35.8841)	(61, 35.8885)	(62, 35.8546)	(63, 35.8281)	(64, 35.8102)	(65, 35.7934)	(66, 35.7952)	(67, 35.842)	(68, 35.8344)	(69, 35.7838)	(70, 35.8081)	(71, 35.7638)	(72, 35.7655)	(73, 35.3578)	(74, 18.4628)	(75, 30.5968)	(76, 31.2125)	(77, 34.5899)	(78, 35.2949)	(79, 35.4873)	(80, 35.5418)	(81, 35.525)	(82, 35.5004)	(83, 35.4546)	(84, 35.4252)	(85, 35.3824)	(86, 35.3692)	(87, 35.3226)	(88, 35.3065)	(89, 35.2128)	(90, 35.1646)	(91, 35.1312)	(92, 35.161)	(93, 35.1983)	(94, 35.1497)	(95, 35.1581)	(96, 35.148)	(97, 35.1863)	(98, 35.2079)	(99, 35.1832)	(100, 35.056)	(101, 35.0762)	(102, 35.1332)	(103, 35.0682)	(104, 35.033)	(105, 34.9306)	(106, 34.8471)	(107, 34.7612)	(108, 34.7244)	(109, 34.6844)	(110, 34.6276)	(111, 34.5826)	(112, 34.5103)	(113, 34.3606)	(114, 34.3305)	(115, 34.2921)	(116, 34.2251)	(117, 34.1826)	(118, 34.0786)	(119, 34.008)	(120, 33.9326)	(121, 33.9268)	(122, 33.7886)	(123, 33.6313)	(124, 33.3163)	(125, 32.773)
GI_24hpi_3	(1, 32.4124)	(2, 32.4946)	(3, 32.5021)	(4, 32.4883)	(5, 32.5143)	(6, 36.0212)	(7, 36.2702)	(8, 36.3475)	(9, 36.3785)	(10, 36.3728)	(11, 36.3768)	(12, 36.2829)	(13, 36.3307)	(14, 36.3291)	(15, 36.3571)	(16, 36.275)	(17, 36.2911)	(18, 36.3231)	(19, 36.3231)	(20, 36.2467)	(21, 36.2297)	(22, 36.2396)	(23, 36.3002)	(24, 36.2831)	(25, 36.2802)	(26, 36.2498)	(27, 36.2796)	(28, 36.2197)	(29, 36.1645)	(30, 36.1002)	(31, 36.164)	(32, 36.1462)	(33, 36.0792)	(34, 36.1158)	(35, 36.0551)	(36, 36.1189)	(37, 35.9259)	(38, 35.9482)	(39, 35.9515)	(40, 35.9932)	(41, 35.955)	(42, 35.9423)	(43, 35.9659)	(44, 35.9607)	(45, 35.9487)	(46, 35.9115)	(47, 35.9041)	(48, 35.9507)	(49, 35.9066)	(50, 35.9259)	(51, 35.9076)	(52, 35.9007)	(53, 35.8748)	(54, 35.8803)	(55, 35.8745)	(56, 35.8431)	(57, 35.8683)	(58, 35.841)	(59, 35.8411)	(60, 35.8551)	(61, 35.8578)	(62, 35.824)	(63, 35.796)	(64, 35.7765)	(65, 35.7656)	(66, 35.7593)	(67, 35.8118)	(68, 35.8003)	(69, 35.7499)	(70, 35.7801)	(71, 35.7339)	(72, 35.7313)	(73, 35.3232)	(74, 18.3824)	(75, 30.5446)	(76, 31.1252)	(77, 34.5133)	(78, 35.2471)	(79, 35.4453)	(80, 35.5024)	(81, 35.484)	(82, 35.4539)	(83, 35.4093)	(84, 35.3795)	(85, 35.3364)	(86, 35.3248)	(87, 35.2741)	(88, 35.2545)	(89, 35.1638)	(90, 35.1117)	(91, 35.0727)	(92, 35.1064)	(93, 35.1451)	(94, 35.1029)	(95, 35.1128)	(96, 35.1015)	(97, 35.135)	(98, 35.1541)	(99, 35.1286)	(100, 35.0007)	(101, 35.0243)	(102, 35.0785)	(103, 35.0153)	(104, 34.9782)	(105, 34.869)	(106, 34.7922)	(107, 34.7023)	(108, 34.6647)	(109, 34.6265)	(110, 34.564)	(111, 34.5206)	(112, 34.4466)	(113, 34.2851)	(114, 34.2539)	(115, 34.2163)	(116, 34.1467)	(117, 34.1019)	(118, 33.9989)	(119, 33.9177)	(120, 33.8339)	(121, 33.8327)	(122, 33.6842)	(123, 33.5201)	(124, 33.2037)	(125, 32.6348)
GI_48hpi_1	(1, 32.418)	(2, 32.4755)	(3, 32.5093)	(4, 32.5412)	(5, 32.554)	(6, 36.0886)	(7, 36.2981)	(8, 36.3585)	(9, 36.3812)	(10, 36.3777)	(11, 36.3833)	(12, 36.3854)	(13, 36.3769)	(14, 36.383)	(15, 36.363)	(16, 36.3554)	(17, 36.3537)	(18, 36.3468)	(19, 36.3358)	(20, 36.324)	(21, 36.3247)	(22, 36.322)	(23, 36.3189)	(24, 36.3159)	(25, 36.305)	(26, 36.2849)	(27, 36.2762)	(28, 36.2701)	(29, 36.247)	(30, 36.2299)	(31, 36.2159)	(32, 36.193)	(33, 36.1886)	(34, 36.1791)	(35, 36.161)	(36, 36.1491)	(37, 36.0988)	(38, 36.0677)	(39, 36.0296)	(40, 36.0142)	(41, 35.9871)	(42, 35.972)	(43, 35.9563)	(44, 35.951)	(45, 35.9464)	(46, 35.9281)	(47, 35.93)	(48, 35.9077)	(49, 35.9174)	(50, 35.9033)	(51, 35.8993)	(52, 35.882)	(53, 35.865)	(54, 35.8782)	(55, 35.8736)	(56, 35.8714)	(57, 35.8595)	(58, 35.8595)	(59, 35.8556)	(60, 35.8659)	(61, 35.8783)	(62, 35.8746)	(63, 35.8696)	(64, 35.8513)	(65, 35.8444)	(66, 35.8302)	(67, 35.8165)	(68, 35.7993)	(69, 35.7897)	(70, 35.7951)	(71, 35.7812)	(72, 35.7701)	(73, 35.7711)	(74, 35.1845)	(75, 2.0)	(76, 25.8714)	(77, 26.8671)	(78, 33.4755)	(79, 34.8684)	(80, 35.2992)	(81, 35.3871)	(82, 35.4386)	(83, 35.4422)	(84, 35.4355)	(85, 35.4357)	(86, 35.3546)	(87, 35.3707)	(88, 35.3334)	(89, 35.2957)	(90, 35.278)	(91, 35.2455)	(92, 35.0912)	(93, 34.9235)	(94, 35.1725)	(95, 35.2401)	(96, 35.2663)	(97, 35.2739)	(98, 35.2376)	(99, 35.1982)	(100, 35.1675)	(101, 35.1549)	(102, 35.1468)	(103, 35.1278)	(104, 35.0664)	(105, 35.0424)	(106, 34.9889)	(107, 34.9572)	(108, 34.9197)	(109, 34.8813)	(110, 34.8496)	(111, 34.7843)	(112, 34.7028)	(113, 34.6654)	(114, 34.5986)	(115, 34.511)	(116, 34.4797)	(117, 34.3627)	(118, 34.3024)	(119, 34.2403)	(120, 34.146)	(121, 34.011)	(122, 33.8648)	(123, 33.6991)	(124, 33.3441)	(125, 32.8813)
GI_48hpi_2	(1, 32.4264)	(2, 32.4851)	(3, 32.5187)	(4, 32.551)	(5, 32.5652)	(6, 36.0878)	(7, 36.2933)	(8, 36.3535)	(9, 36.3737)	(10, 36.3683)	(11, 36.3727)	(12, 36.3787)	(13, 36.369)	(14, 36.3731)	(15, 36.3513)	(16, 36.3447)	(17, 36.3431)	(18, 36.3352)	(19, 36.3258)	(20, 36.3138)	(21, 36.3136)	(22, 36.3115)	(23, 36.3087)	(24, 36.3044)	(25, 36.2937)	(26, 36.2718)	(27, 36.2639)	(28, 36.2573)	(29, 36.2334)	(30, 36.2137)	(31, 36.2004)	(32, 36.1774)	(33, 36.1739)	(34, 36.1651)	(35, 36.1479)	(36, 36.1358)	(37, 36.0828)	(38, 36.0491)	(39, 36.0071)	(40, 35.991)	(41, 35.96)	(42, 35.9468)	(43, 35.9281)	(44, 35.9219)	(45, 35.9159)	(46, 35.8972)	(47, 35.8999)	(48, 35.8779)	(49, 35.8886)	(50, 35.8749)	(51, 35.8686)	(52, 35.8523)	(53, 35.8358)	(54, 35.8485)	(55, 35.8428)	(56, 35.8398)	(57, 35.8297)	(58, 35.8265)	(59, 35.8256)	(60, 35.8316)	(61, 35.844)	(62, 35.842)	(63, 35.8371)	(64, 35.8159)	(65, 35.81)	(66, 35.7947)	(67, 35.7817)	(68, 35.7635)	(69, 35.7548)	(70, 35.7566)	(71, 35.7422)	(72, 35.7297)	(73, 35.7317)	(74, 35.1277)	(75, 2.0)	(76, 25.8304)	(77, 26.8245)	(78, 33.3934)	(79, 34.8025)	(80, 35.2468)	(81, 35.3377)	(82, 35.3898)	(83, 35.3969)	(84, 35.3893)	(85, 35.3869)	(86, 35.3067)	(87, 35.3267)	(88, 35.2861)	(89, 35.2474)	(90, 35.2274)	(91, 35.1937)	(92, 35.0415)	(93, 34.8739)	(94, 35.1203)	(95, 35.1859)	(96, 35.2088)	(97, 35.2156)	(98, 35.177)	(99, 35.1377)	(100, 35.1067)	(101, 35.0899)	(102, 35.0801)	(103, 35.0613)	(104, 34.9983)	(105, 34.9776)	(106, 34.9184)	(107, 34.8854)	(108, 34.8421)	(109, 34.8018)	(110, 34.7736)	(111, 34.7029)	(112, 34.6215)	(113, 34.5814)	(114, 34.5136)	(115, 34.4231)	(116, 34.3859)	(117, 34.2673)	(118, 34.2073)	(119, 34.1373)	(120, 34.0393)	(121, 33.9007)	(122, 33.7475)	(123, 33.5735)	(124, 33.2049)	(125, 32.7251)
GI_48hpi_3	(1, 32.4318)	(2, 32.4906)	(3, 32.5232)	(4, 32.5562)	(5, 32.5686)	(6, 36.1011)	(7, 36.3008)	(8, 36.3594)	(9, 36.3814)	(10, 36.3744)	(11, 36.3789)	(12, 36.3831)	(13, 36.3746)	(14, 36.379)	(15, 36.3585)	(16, 36.3519)	(17, 36.3499)	(18, 36.3414)	(19, 36.3311)	(20, 36.3198)	(21, 36.3192)	(22, 36.3169)	(23, 36.3148)	(24, 36.3104)	(25, 36.2995)	(26, 36.2791)	(27, 36.2699)	(28, 36.2646)	(29, 36.2404)	(30, 36.222)	(31, 36.2071)	(32, 36.183)	(33, 36.1816)	(34, 36.1715)	(35, 36.1544)	(36, 36.1425)	(37, 36.0911)	(38, 36.0565)	(39, 36.0173)	(40, 36.0)	(41, 35.9723)	(42, 35.958)	(43, 35.9384)	(44, 35.9343)	(45, 35.9292)	(46, 35.9122)	(47, 35.9114)	(48, 35.8906)	(49, 35.9002)	(50, 35.8862)	(51, 35.881)	(52, 35.8636)	(53, 35.8493)	(54, 35.8605)	(55, 35.8568)	(56, 35.853)	(57, 35.8429)	(58, 35.8423)	(59, 35.8392)	(60, 35.8475)	(61, 35.8573)	(62, 35.857)	(63, 35.85)	(64, 35.8307)	(65, 35.8248)	(66, 35.8109)	(67, 35.7974)	(68, 35.7787)	(69, 35.7722)	(70, 35.7745)	(71, 35.7598)	(72, 35.751)	(73, 35.7497)	(74, 35.1558)	(75, 2.0)	(76, 25.8487)	(77, 26.8527)	(78, 33.4385)	(79, 34.8329)	(80, 35.2719)	(81, 35.3642)	(82, 35.4144)	(83, 35.4206)	(84, 35.4112)	(85, 35.4129)	(86, 35.3345)	(87, 35.3517)	(88, 35.3111)	(89, 35.2736)	(90, 35.2542)	(91, 35.2204)	(92, 35.0678)	(93, 34.903)	(94, 35.1494)	(95, 35.2138)	(96, 35.2393)	(97, 35.2452)	(98, 35.2082)	(99, 35.1669)	(100, 35.1384)	(101, 35.1216)	(102, 35.1118)	(103, 35.0954)	(104, 35.0354)	(105, 35.0089)	(106, 34.9562)	(107, 34.9219)	(108, 34.8817)	(109, 34.8408)	(110, 34.813)	(111, 34.7469)	(112, 34.6662)	(113, 34.626)	(114, 34.5608)	(115, 34.4746)	(116, 34.4367)	(117, 34.3191)	(118, 34.258)	(119, 34.1956)	(120, 34.1002)	(121, 33.9623)	(122, 33.8133)	(123, 33.6399)	(124, 33.2791)	(125, 32.8101)
GI_6hpi_1	(1, 32.4042)	(2, 32.4981)	(3, 32.4563)	(4, 32.516)	(5, 32.5166)	(6, 36.0719)	(7, 36.2528)	(8, 36.2992)	(9, 36.3457)	(10, 36.4037)	(11, 36.4226)	(12, 36.3641)	(13, 36.4039)	(14, 36.4257)	(15, 36.4183)	(16, 36.4123)	(17, 36.411)	(18, 36.4038)	(19, 36.4015)	(20, 36.3867)	(21, 36.3885)	(22, 36.3837)	(23, 36.3801)	(24, 36.3803)	(25, 36.3681)	(26, 36.3541)	(27, 36.3472)	(28, 36.3366)	(29, 36.3208)	(30, 35.9789)	(31, 36.1882)	(32, 36.2356)	(33, 36.2461)	(34, 36.2502)	(35, 36.2402)	(36, 36.2286)	(37, 36.1962)	(38, 36.163)	(39, 36.1417)	(40, 36.1142)	(41, 36.1034)	(42, 36.09)	(43, 36.0723)	(44, 35.9681)	(45, 36.0343)	(46, 36.0421)	(47, 36.0441)	(48, 36.0387)	(49, 36.0453)	(50, 36.0339)	(51, 36.0252)	(52, 36.0247)	(53, 36.0098)	(54, 36.0085)	(55, 36.0033)	(56, 35.9984)	(57, 35.9823)	(58, 35.9745)	(59, 35.9736)	(60, 35.9783)	(61, 35.9866)	(62, 35.9697)	(63, 35.9611)	(64, 35.9534)	(65, 35.9497)	(66, 35.9379)	(67, 35.9271)	(68, 35.9288)	(69, 35.9151)	(70, 35.9093)	(71, 35.8934)	(72, 35.8866)	(73, 35.5532)	(74, 18.5848)	(75, 30.7486)	(76, 31.2889)	(77, 34.74)	(78, 35.4237)	(79, 35.6098)	(80, 35.6461)	(81, 35.6732)	(82, 35.6383)	(83, 35.6006)	(84, 35.5819)	(85, 35.5561)	(86, 35.5092)	(87, 35.4926)	(88, 35.4588)	(89, 35.4347)	(90, 35.3722)	(91, 35.3541)	(92, 35.3486)	(93, 34.8452)	(94, 35.2363)	(95, 35.3374)	(96, 35.3601)	(97, 35.3656)	(98, 35.3458)	(99, 35.3232)	(100, 35.2896)	(101, 35.2564)	(102, 35.2544)	(103, 35.1953)	(104, 35.1673)	(105, 35.1473)	(106, 35.1231)	(107, 35.0664)	(108, 35.0253)	(109, 34.9934)	(110, 34.9227)	(111, 34.871)	(112, 34.8429)	(113, 34.7875)	(114, 34.7219)	(115, 34.6465)	(116, 34.578)	(117, 34.5254)	(118, 34.3994)	(119, 34.3497)	(120, 34.2325)	(121, 34.163)	(122, 33.9863)	(123, 33.81)	(124, 33.5003)	(125, 32.9524)
GI_6hpi_2	(1, 32.414)	(2, 32.5076)	(3, 32.4625)	(4, 32.521)	(5, 32.5233)	(6, 36.0799)	(7, 36.2539)	(8, 36.2987)	(9, 36.3452)	(10, 36.4018)	(11, 36.4188)	(12, 36.3596)	(13, 36.3985)	(14, 36.4206)	(15, 36.413)	(16, 36.4068)	(17, 36.4052)	(18, 36.3962)	(19, 36.3956)	(20, 36.38)	(21, 36.3801)	(22, 36.3766)	(23, 36.3727)	(24, 36.3723)	(25, 36.3588)	(26, 36.3466)	(27, 36.3401)	(28, 36.3281)	(29, 36.3107)	(30, 35.9673)	(31, 36.1792)	(32, 36.2256)	(33, 36.2364)	(34, 36.2409)	(35, 36.2302)	(36, 36.2186)	(37, 36.1847)	(38, 36.1475)	(39, 36.1289)	(40, 36.1012)	(41, 36.0882)	(42, 36.0741)	(43, 36.0548)	(44, 35.9515)	(45, 36.017)	(46, 36.0253)	(47, 36.0292)	(48, 36.0222)	(49, 36.0263)	(50, 36.0154)	(51, 36.0053)	(52, 36.0066)	(53, 35.9921)	(54, 35.9918)	(55, 35.9822)	(56, 35.9774)	(57, 35.9625)	(58, 35.9543)	(59, 35.9516)	(60, 35.957)	(61, 35.9653)	(62, 35.9475)	(63, 35.9369)	(64, 35.9312)	(65, 35.9278)	(66, 35.9163)	(67, 35.9045)	(68, 35.9055)	(69, 35.892)	(70, 35.8851)	(71, 35.8687)	(72, 35.8608)	(73, 35.5247)	(74, 18.5563)	(75, 30.7174)	(76, 31.2595)	(77, 34.7042)	(78, 35.3887)	(79, 35.5801)	(80, 35.6156)	(81, 35.6429)	(82, 35.609)	(83, 35.5705)	(84, 35.5529)	(85, 35.527)	(86, 35.4782)	(87, 35.4592)	(88, 35.4252)	(89, 35.4004)	(90, 35.3375)	(91, 35.3204)	(92, 35.3106)	(93, 34.8124)	(94, 35.1974)	(95, 35.2997)	(96, 35.3229)	(97, 35.3254)	(98, 35.3072)	(99, 35.2865)	(100, 35.2494)	(101, 35.2147)	(102, 35.2113)	(103, 35.1513)	(104, 35.1185)	(105, 35.1004)	(106, 35.0742)	(107, 35.0173)	(108, 34.9752)	(109, 34.9402)	(110, 34.8707)	(111, 34.8155)	(112, 34.7904)	(113, 34.7313)	(114, 34.6628)	(115, 34.5881)	(116, 34.5158)	(117, 34.4599)	(118, 34.3314)	(119, 34.2789)	(120, 34.1592)	(121, 34.0829)	(122, 33.9044)	(123, 33.7203)	(124, 33.4001)	(125, 32.8392)
GI_6hpi_3	(1, 32.4545)	(2, 32.5404)	(3, 32.4979)	(4, 32.5536)	(5, 32.5546)	(6, 36.1336)	(7, 36.2971)	(8, 36.3376)	(9, 36.3861)	(10, 36.442)	(11, 36.4579)	(12, 36.3978)	(13, 36.4382)	(14, 36.4604)	(15, 36.4545)	(16, 36.4494)	(17, 36.4496)	(18, 36.4386)	(19, 36.4392)	(20, 36.4239)	(21, 36.4249)	(22, 36.4199)	(23, 36.4165)	(24, 36.4149)	(25, 36.404)	(26, 36.3913)	(27, 36.3862)	(28, 36.3753)	(29, 36.3619)	(30, 36.0231)	(31, 36.2317)	(32, 36.281)	(33, 36.2899)	(34, 36.2949)	(35, 36.2854)	(36, 36.2752)	(37, 36.2426)	(38, 36.2095)	(39, 36.1914)	(40, 36.1668)	(41, 36.1559)	(42, 36.1417)	(43, 36.1245)	(44, 36.0236)	(45, 36.0878)	(46, 36.0959)	(47, 36.0989)	(48, 36.0921)	(49, 36.0985)	(50, 36.089)	(51, 36.0774)	(52, 36.0788)	(53, 36.064)	(54, 36.0646)	(55, 36.0572)	(56, 36.053)	(57, 36.0399)	(58, 36.0306)	(59, 36.0297)	(60, 36.0341)	(61, 36.0419)	(62, 36.0246)	(63, 36.0161)	(64, 36.0096)	(65, 36.0053)	(66, 35.9954)	(67, 35.9851)	(68, 35.9871)	(69, 35.9733)	(70, 35.9689)	(71, 35.9532)	(72, 35.9439)	(73, 35.6218)	(74, 18.662)	(75, 30.8182)	(76, 31.3589)	(77, 34.8404)	(78, 35.5018)	(79, 35.682)	(80, 35.7154)	(81, 35.7443)	(82, 35.7076)	(83, 35.6718)	(84, 35.6549)	(85, 35.6311)	(86, 35.5832)	(87, 35.5673)	(88, 35.5349)	(89, 35.5127)	(90, 35.4498)	(91, 35.4334)	(92, 35.4284)	(93, 34.9409)	(94, 35.3201)	(95, 35.4183)	(96, 35.44)	(97, 35.4423)	(98, 35.4291)	(99, 35.4073)	(100, 35.3743)	(101, 35.343)	(102, 35.338)	(103, 35.28)	(104, 35.2547)	(105, 35.2374)	(106, 35.2109)	(107, 35.1581)	(108, 35.1188)	(109, 35.0886)	(110, 35.0185)	(111, 34.9696)	(112, 34.9456)	(113, 34.8954)	(114, 34.8305)	(115, 34.7588)	(116, 34.6916)	(117, 34.6397)	(118, 34.5182)	(119, 34.471)	(120, 34.3598)	(121, 34.2929)	(122, 34.1268)	(123, 33.9589)	(124, 33.6638)	(125, 33.1427)
HC_24hpi_1	(1, 32.4065)	(2, 32.5002)	(3, 32.4556)	(4, 32.5136)	(5, 32.5171)	(6, 36.0727)	(7, 36.2515)	(8, 36.2927)	(9, 36.3418)	(10, 36.3979)	(11, 36.4144)	(12, 36.3573)	(13, 36.3951)	(14, 36.4169)	(15, 36.4104)	(16, 36.4037)	(17, 36.4032)	(18, 36.3938)	(19, 36.3922)	(20, 36.3783)	(21, 36.3792)	(22, 36.3733)	(23, 36.3694)	(24, 36.3688)	(25, 36.3558)	(26, 36.3422)	(27, 36.3368)	(28, 36.3259)	(29, 36.3115)	(30, 35.9674)	(31, 36.178)	(32, 36.2235)	(33, 36.2332)	(34, 36.238)	(35, 36.2273)	(36, 36.2158)	(37, 36.1822)	(38, 36.1462)	(39, 36.1258)	(40, 36.0984)	(41, 36.087)	(42, 36.0712)	(43, 36.0533)	(44, 35.9496)	(45, 36.0163)	(46, 36.02)	(47, 36.0252)	(48, 36.0191)	(49, 36.0245)	(50, 36.0145)	(51, 36.0022)	(52, 36.0036)	(53, 35.9877)	(54, 35.9893)	(55, 35.9807)	(56, 35.9758)	(57, 35.9621)	(58, 35.952)	(59, 35.95)	(60, 35.954)	(61, 35.9617)	(62, 35.945)	(63, 35.9324)	(64, 35.9239)	(65, 35.9234)	(66, 35.9106)	(67, 35.9006)	(68, 35.9022)	(69, 35.8875)	(70, 35.88)	(71, 35.8651)	(72, 35.8542)	(73, 35.5138)	(74, 18.5544)	(75, 30.716)	(76, 31.267)	(77, 34.6982)	(78, 35.3838)	(79, 35.5737)	(80, 35.6108)	(81, 35.637)	(82, 35.6012)	(83, 35.5664)	(84, 35.546)	(85, 35.5204)	(86, 35.4701)	(87, 35.4518)	(88, 35.4176)	(89, 35.3926)	(90, 35.3295)	(91, 35.3068)	(92, 35.3026)	(93, 34.799)	(94, 35.1883)	(95, 35.2916)	(96, 35.3094)	(97, 35.3145)	(98, 35.2979)	(99, 35.2759)	(100, 35.2373)	(101, 35.2041)	(102, 35.1966)	(103, 35.1351)	(104, 35.1061)	(105, 35.0882)	(106, 35.0623)	(107, 35.0045)	(108, 34.9626)	(109, 34.9292)	(110, 34.8549)	(111, 34.8016)	(112, 34.7733)	(113, 34.7177)	(114, 34.6455)	(115, 34.5688)	(116, 34.5022)	(117, 34.4427)	(118, 34.311)	(119, 34.257)	(120, 34.1362)	(121, 34.0593)	(122, 33.883)	(123, 33.693)	(124, 33.3713)	(125, 32.8149)
HC_24hpi_2	(1, 32.415)	(2, 32.5076)	(3, 32.4639)	(4, 32.5218)	(5, 32.5247)	(6, 36.0735)	(7, 36.2503)	(8, 36.2919)	(9, 36.3396)	(10, 36.3964)	(11, 36.4114)	(12, 36.3543)	(13, 36.3929)	(14, 36.4155)	(15, 36.4084)	(16, 36.4016)	(17, 36.4031)	(18, 36.3926)	(19, 36.3909)	(20, 36.3749)	(21, 36.3777)	(22, 36.3717)	(23, 36.368)	(24, 36.3665)	(25, 36.3527)	(26, 36.3389)	(27, 36.3329)	(28, 36.3219)	(29, 36.3069)	(30, 35.9639)	(31, 36.1725)	(32, 36.2176)	(33, 36.2288)	(34, 36.2335)	(35, 36.2238)	(36, 36.2135)	(37, 36.1772)	(38, 36.1406)	(39, 36.1192)	(40, 36.0924)	(41, 36.0822)	(42, 36.0653)	(43, 36.0481)	(44, 35.9455)	(45, 36.0101)	(46, 36.0133)	(47, 36.0185)	(48, 36.0117)	(49, 36.0171)	(50, 36.0068)	(51, 35.9955)	(52, 35.9967)	(53, 35.9806)	(54, 35.9817)	(55, 35.9738)	(56, 35.969)	(57, 35.9533)	(58, 35.9422)	(59, 35.9412)	(60, 35.9445)	(61, 35.9523)	(62, 35.9354)	(63, 35.9234)	(64, 35.9164)	(65, 35.9141)	(66, 35.9026)	(67, 35.8893)	(68, 35.8935)	(69, 35.8744)	(70, 35.8672)	(71, 35.8541)	(72, 35.8417)	(73, 35.4983)	(74, 18.5575)	(75, 30.7018)	(76, 31.2588)	(77, 34.6804)	(78, 35.3705)	(79, 35.5612)	(80, 35.5958)	(81, 35.6267)	(82, 35.5902)	(83, 35.5541)	(84, 35.535)	(85, 35.5082)	(86, 35.4583)	(87, 35.4396)	(88, 35.4057)	(89, 35.3797)	(90, 35.3153)	(91, 35.2944)	(92, 35.2874)	(93, 34.7895)	(94, 35.1712)	(95, 35.274)	(96, 35.2924)	(97, 35.2937)	(98, 35.2792)	(99, 35.2549)	(100, 35.2175)	(101, 35.1835)	(102, 35.1763)	(103, 35.1134)	(104, 35.0849)	(105, 35.0691)	(106, 35.038)	(107, 34.9794)	(108, 34.9363)	(109, 34.9031)	(110, 34.8287)	(111, 34.7743)	(112, 34.7449)	(113, 34.6896)	(114, 34.6188)	(115, 34.5378)	(116, 34.4671)	(117, 34.4111)	(118, 34.2798)	(119, 34.2271)	(120, 34.1039)	(121, 34.0247)	(122, 33.8465)	(123, 33.659)	(124, 33.3341)	(125, 32.7716)
HC_24hpi_3	(1, 32.4292)	(2, 32.5185)	(3, 32.4728)	(4, 32.5307)	(5, 32.5353)	(6, 36.0996)	(7, 36.2698)	(8, 36.3156)	(9, 36.363)	(10, 36.4188)	(11, 36.4358)	(12, 36.3758)	(13, 36.4149)	(14, 36.4364)	(15, 36.4298)	(16, 36.4263)	(17, 36.425)	(18, 36.4157)	(19, 36.4131)	(20, 36.3987)	(21, 36.3999)	(22, 36.3956)	(23, 36.3915)	(24, 36.3916)	(25, 36.378)	(26, 36.3653)	(27, 36.3589)	(28, 36.3487)	(29, 36.3344)	(30, 35.9927)	(31, 36.2022)	(32, 36.2465)	(33, 36.2582)	(34, 36.263)	(35, 36.2532)	(36, 36.243)	(37, 36.2073)	(38, 36.1761)	(39, 36.1539)	(40, 36.1267)	(41, 36.1171)	(42, 36.0996)	(43, 36.082)	(44, 35.9763)	(45, 36.0421)	(46, 36.051)	(47, 36.0537)	(48, 36.049)	(49, 36.054)	(50, 36.0449)	(51, 36.0317)	(52, 36.0333)	(53, 36.0183)	(54, 36.0183)	(55, 36.0085)	(56, 36.0035)	(57, 35.9882)	(58, 35.9799)	(59, 35.9798)	(60, 35.9838)	(61, 35.9907)	(62, 35.9741)	(63, 35.9634)	(64, 35.9563)	(65, 35.9543)	(66, 35.9443)	(67, 35.931)	(68, 35.9343)	(69, 35.9177)	(70, 35.9099)	(71, 35.8946)	(72, 35.8849)	(73, 35.5496)	(74, 18.5929)	(75, 30.7489)	(76, 31.2729)	(77, 34.7351)	(78, 35.4204)	(79, 35.6075)	(80, 35.6411)	(81, 35.6694)	(82, 35.6344)	(83, 35.5997)	(84, 35.5775)	(85, 35.5548)	(86, 35.5046)	(87, 35.4868)	(88, 35.4523)	(89, 35.4248)	(90, 35.3651)	(91, 35.3431)	(92, 35.3377)	(93, 34.8395)	(94, 35.2224)	(95, 35.3238)	(96, 35.343)	(97, 35.3476)	(98, 35.3294)	(99, 35.3075)	(100, 35.2682)	(101, 35.2374)	(102, 35.2294)	(103, 35.1686)	(104, 35.1419)	(105, 35.1234)	(106, 35.095)	(107, 35.0402)	(108, 34.995)	(109, 34.9583)	(110, 34.888)	(111, 34.835)	(112, 34.8058)	(113, 34.7499)	(114, 34.6785)	(115, 34.6002)	(116, 34.5327)	(117, 34.4763)	(118, 34.3434)	(119, 34.2903)	(120, 34.1741)	(121, 34.098)	(122, 33.9225)	(123, 33.7387)	(124, 33.4229)	(125, 32.87)
HC_48hpi_1	(1, 32.4488)	(2, 32.5205)	(3, 32.5627)	(4, 32.6195)	(5, 32.6153)	(6, 36.1409)	(7, 36.3884)	(8, 36.4389)	(9, 36.4441)	(10, 36.4552)	(11, 36.4556)	(12, 36.4495)	(13, 36.4542)	(14, 36.4568)	(15, 36.4352)	(16, 36.4302)	(17, 36.4362)	(18, 36.43)	(19, 36.4313)	(20, 36.4184)	(21, 36.411)	(22, 36.4169)	(23, 36.41)	(24, 36.4068)	(25, 36.401)	(26, 36.3877)	(27, 36.3709)	(28, 36.3743)	(29, 36.3432)	(30, 36.3314)	(31, 36.3005)	(32, 36.2998)	(33, 36.2874)	(34, 36.2749)	(35, 36.2701)	(36, 36.2489)	(37, 36.218)	(38, 36.1828)	(39, 36.1499)	(40, 36.133)	(41, 36.1078)	(42, 36.0945)	(43, 36.0736)	(44, 36.0595)	(45, 36.0591)	(46, 36.0536)	(47, 36.0535)	(48, 36.0418)	(49, 36.0332)	(50, 36.0265)	(51, 36.0158)	(52, 36.0024)	(53, 35.9933)	(54, 35.9969)	(55, 35.99)	(56, 35.9844)	(57, 35.9781)	(58, 35.9991)	(59, 35.9884)	(60, 35.9933)	(61, 35.9973)	(62, 36.001)	(63, 35.9816)	(64, 35.9845)	(65, 35.9733)	(66, 35.9564)	(67, 35.9416)	(68, 35.9232)	(69, 35.9313)	(70, 35.9185)	(71, 35.9184)	(72, 35.8981)	(73, 35.8873)	(74, 35.2182)	(75, 2.0)	(76, 25.8168)	(77, 26.8728)	(78, 33.6349)	(79, 35.0151)	(80, 35.4366)	(81, 35.5234)	(82, 35.5764)	(83, 35.5759)	(84, 35.5584)	(85, 35.5394)	(86, 35.4965)	(87, 35.5001)	(88, 35.4637)	(89, 35.4421)	(90, 35.3922)	(91, 35.337)	(92, 35.3016)	(93, 35.3478)	(94, 35.3801)	(95, 35.4257)	(96, 35.4175)	(97, 35.4202)	(98, 35.3824)	(99, 35.3477)	(100, 35.3218)	(101, 35.3116)	(102, 35.288)	(103, 35.246)	(104, 35.1835)	(105, 35.172)	(106, 35.1334)	(107, 35.0954)	(108, 35.059)	(109, 35.0326)	(110, 34.9782)	(111, 34.9128)	(112, 34.8455)	(113, 34.7761)	(114, 34.7399)	(115, 34.6721)	(116, 34.6221)	(117, 34.5221)	(118, 34.4804)	(119, 34.437)	(120, 34.3354)	(121, 34.1962)	(122, 34.0347)	(123, 33.8507)	(124, 33.4685)	(125, 33.0208)
HC_48hpi_2	(1, 32.4314)	(2, 32.5121)	(3, 32.5226)	(4, 32.506)	(5, 32.5311)	(6, 36.0598)	(7, 36.2995)	(8, 36.3719)	(9, 36.4027)	(10, 36.4004)	(11, 36.4044)	(12, 36.3113)	(13, 36.3572)	(14, 36.3612)	(15, 36.3891)	(16, 36.3089)	(17, 36.3288)	(18, 36.3553)	(19, 36.3615)	(20, 36.2846)	(21, 36.2664)	(22, 36.2787)	(23, 36.3357)	(24, 36.3237)	(25, 36.319)	(26, 36.2891)	(27, 36.3169)	(28, 36.264)	(29, 36.2099)	(30, 36.1479)	(31, 36.2072)	(32, 36.1878)	(33, 36.1249)	(34, 36.1633)	(35, 36.1037)	(36, 36.1649)	(37, 35.9747)	(38, 36.0005)	(39, 36.003)	(40, 36.0421)	(41, 36.0128)	(42, 36.0044)	(43, 36.0207)	(44, 36.0176)	(45, 36.0028)	(46, 35.9703)	(47, 35.965)	(48, 36.0083)	(49, 35.9704)	(50, 35.9875)	(51, 35.9698)	(52, 35.9628)	(53, 35.9371)	(54, 35.9439)	(55, 35.9365)	(56, 35.9021)	(57, 35.9292)	(58, 35.905)	(59, 35.9042)	(60, 35.9177)	(61, 35.9262)	(62, 35.8907)	(63, 35.865)	(64, 35.8438)	(65, 35.8317)	(66, 35.8301)	(67, 35.8786)	(68, 35.8706)	(69, 35.8257)	(70, 35.8518)	(71, 35.8105)	(72, 35.8083)	(73, 35.4111)	(74, 18.4981)	(75, 30.6539)	(76, 31.2291)	(77, 34.6429)	(78, 35.3483)	(79, 35.5353)	(80, 35.5915)	(81, 35.5733)	(82, 35.5469)	(83, 35.5028)	(84, 35.4785)	(85, 35.4342)	(86, 35.4255)	(87, 35.3765)	(88, 35.3551)	(89, 35.2719)	(90, 35.2264)	(91, 35.1935)	(92, 35.2241)	(93, 35.2598)	(94, 35.2167)	(95, 35.2271)	(96, 35.2176)	(97, 35.2522)	(98, 35.2736)	(99, 35.2469)	(100, 35.1273)	(101, 35.151)	(102, 35.2054)	(103, 35.1478)	(104, 35.1119)	(105, 35.0172)	(106, 34.9365)	(107, 34.8528)	(108, 34.8158)	(109, 34.7796)	(110, 34.723)	(111, 34.6796)	(112, 34.6079)	(113, 34.4594)	(114, 34.4344)	(115, 34.3955)	(116, 34.3291)	(117, 34.2893)	(118, 34.1951)	(119, 34.1222)	(120, 34.0442)	(121, 34.0477)	(122, 33.9132)	(123, 33.7624)	(124, 33.4616)	(125, 32.9259)
HC_48hpi_3	(1, 32.3922)	(2, 32.4811)	(3, 32.4915)	(4, 32.4774)	(5, 32.5023)	(6, 36.0101)	(7, 36.2612)	(8, 36.3374)	(9, 36.3702)	(10, 36.3659)	(11, 36.3686)	(12, 36.2755)	(13, 36.3227)	(14, 36.3233)	(15, 36.351)	(16, 36.2691)	(17, 36.2863)	(18, 36.3176)	(19, 36.3198)	(20, 36.2432)	(21, 36.2257)	(22, 36.234)	(23, 36.2934)	(24, 36.2789)	(25, 36.2739)	(26, 36.2403)	(27, 36.2727)	(28, 36.2125)	(29, 36.155)	(30, 36.0922)	(31, 36.1569)	(32, 36.1379)	(33, 36.0702)	(34, 36.1073)	(35, 36.0468)	(36, 36.1109)	(37, 35.9166)	(38, 35.9372)	(39, 35.9408)	(40, 35.9824)	(41, 35.9488)	(42, 35.9365)	(43, 35.9581)	(44, 35.9526)	(45, 35.9402)	(46, 35.9025)	(47, 35.8964)	(48, 35.9431)	(49, 35.9011)	(50, 35.9188)	(51, 35.9008)	(52, 35.8943)	(53, 35.8659)	(54, 35.8723)	(55, 35.8675)	(56, 35.8334)	(57, 35.8587)	(58, 35.834)	(59, 35.8334)	(60, 35.847)	(61, 35.8502)	(62, 35.8149)	(63, 35.7896)	(64, 35.7714)	(65, 35.7577)	(66, 35.7569)	(67, 35.8083)	(68, 35.7967)	(69, 35.7501)	(70, 35.7765)	(71, 35.7318)	(72, 35.7324)	(73, 35.321)	(74, 18.3976)	(75, 30.5637)	(76, 31.1588)	(77, 34.5354)	(78, 35.248)	(79, 35.4464)	(80, 35.5041)	(81, 35.4838)	(82, 35.4595)	(83, 35.4137)	(84, 35.3867)	(85, 35.3423)	(86, 35.332)	(87, 35.2878)	(88, 35.2639)	(89, 35.1788)	(90, 35.1248)	(91, 35.0864)	(92, 35.1212)	(93, 35.1601)	(94, 35.1139)	(95, 35.1274)	(96, 35.1176)	(97, 35.1569)	(98, 35.1747)	(99, 35.1504)	(100, 35.0267)	(101, 35.0461)	(102, 35.1048)	(103, 35.0447)	(104, 35.0045)	(105, 34.9041)	(106, 34.8233)	(107, 34.7377)	(108, 34.7031)	(109, 34.6628)	(110, 34.6051)	(111, 34.5611)	(112, 34.4912)	(113, 34.3405)	(114, 34.315)	(115, 34.2764)	(116, 34.21)	(117, 34.1655)	(118, 34.0624)	(119, 33.9907)	(120, 33.9063)	(121, 33.906)	(122, 33.7628)	(123, 33.6042)	(124, 33.2886)	(125, 32.7334)
HC_6hpi_1	(1, 32.3391)	(2, 32.4696)	(3, 32.47)	(4, 32.4782)	(5, 32.5011)	(6, 36.1377)	(7, 36.3428)	(8, 36.4297)	(9, 36.3789)	(10, 36.3661)	(11, 36.4481)	(12, 36.4681)	(13, 36.4603)	(14, 36.4529)	(15, 36.4429)	(16, 36.3733)	(17, 36.4226)	(18, 36.4448)	(19, 36.4086)	(20, 36.4076)	(21, 36.4126)	(22, 36.4012)	(23, 36.3824)	(24, 36.398)	(25, 36.4042)	(26, 36.3961)	(27, 36.3774)	(28, 36.3797)	(29, 36.3788)	(30, 36.3662)	(31, 36.3631)	(32, 36.3352)	(33, 36.3447)	(34, 36.3534)	(35, 36.3452)	(36, 36.3491)	(37, 36.3406)	(38, 36.3117)	(39, 36.2863)	(40, 36.2921)	(41, 36.2838)	(42, 36.2812)	(43, 36.282)	(44, 36.2819)	(45, 36.2679)	(46, 36.2682)	(47, 36.2569)	(48, 36.2491)	(49, 36.2359)	(50, 36.1469)	(51, 36.1934)	(52, 36.228)	(53, 36.2023)	(54, 36.2058)	(55, 36.2019)	(56, 36.1846)	(57, 36.1925)	(58, 36.1817)	(59, 36.1523)	(60, 36.1439)	(61, 36.1413)	(62, 36.1539)	(63, 36.1527)	(64, 36.1451)	(65, 36.1395)	(66, 36.1208)	(67, 36.1082)	(68, 36.1013)	(69, 36.085)	(70, 36.0954)	(71, 36.0626)	(72, 36.0835)	(73, 36.0718)	(74, 36.0706)	(75, 36.0926)	(76, 36.0843)	(77, 36.0666)	(78, 36.0566)	(79, 36.0556)	(80, 36.0304)	(81, 36.0211)	(82, 36.004)	(83, 35.9919)	(84, 35.9693)	(85, 35.9731)	(86, 35.9645)	(87, 35.9492)	(88, 35.9418)	(89, 35.9022)	(90, 35.882)	(91, 35.8703)	(92, 35.8599)	(93, 35.848)	(94, 35.835)	(95, 35.7952)	(96, 35.8283)	(97, 35.8022)	(98, 35.7859)	(99, 35.7334)	(100, 35.702)	(101, 35.6844)	(102, 35.6804)	(103, 35.6386)	(104, 35.6269)	(105, 35.5637)	(106, 35.5278)	(107, 35.4807)	(108, 35.4245)	(109, 35.3593)	(110, 35.3344)	(111, 35.3115)	(112, 35.2936)	(113, 35.2719)	(114, 35.2474)	(115, 35.1719)	(116, 35.1102)	(117, 35.0471)	(118, 34.9916)	(119, 34.9384)	(120, 34.894)	(121, 34.8286)	(122, 34.7694)	(123, 34.6574)	(124, 34.3684)	(125, 33.9732)
HC_6hpi_2	(1, 32.3072)	(2, 32.4421)	(3, 32.4392)	(4, 32.4451)	(5, 32.4711)	(6, 36.0926)	(7, 36.2999)	(8, 36.3909)	(9, 36.3388)	(10, 36.3288)	(11, 36.4076)	(12, 36.4288)	(13, 36.4201)	(14, 36.41)	(15, 36.3997)	(16, 36.3315)	(17, 36.3796)	(18, 36.4029)	(19, 36.3633)	(20, 36.363)	(21, 36.3664)	(22, 36.3554)	(23, 36.3358)	(24, 36.3505)	(25, 36.3561)	(26, 36.3509)	(27, 36.3313)	(28, 36.3305)	(29, 36.3317)	(30, 36.3168)	(31, 36.3133)	(32, 36.2818)	(33, 36.2936)	(34, 36.3029)	(35, 36.2937)	(36, 36.2997)	(37, 36.293)	(38, 36.2592)	(39, 36.2323)	(40, 36.2359)	(41, 36.2253)	(42, 36.2251)	(43, 36.2238)	(44, 36.2241)	(45, 36.2111)	(46, 36.2085)	(47, 36.1973)	(48, 36.1899)	(49, 36.175)	(50, 36.0866)	(51, 36.1339)	(52, 36.1682)	(53, 36.1429)	(54, 36.1431)	(55, 36.1362)	(56, 36.1219)	(57, 36.1267)	(58, 36.1153)	(59, 36.085)	(60, 36.0752)	(61, 36.0726)	(62, 36.0849)	(63, 36.0842)	(64, 36.077)	(65, 36.0753)	(66, 36.0499)	(67, 36.0408)	(68, 36.0307)	(69, 36.0156)	(70, 36.0286)	(71, 35.9911)	(72, 36.0143)	(73, 36.0004)	(74, 35.9982)	(75, 36.0234)	(76, 36.015)	(77, 35.9971)	(78, 35.9836)	(79, 35.9845)	(80, 35.9569)	(81, 35.9464)	(82, 35.9297)	(83, 35.9198)	(84, 35.8915)	(85, 35.8974)	(86, 35.8899)	(87, 35.8713)	(88, 35.8631)	(89, 35.8214)	(90, 35.8005)	(91, 35.7865)	(92, 35.7766)	(93, 35.7625)	(94, 35.7493)	(95, 35.7055)	(96, 35.7402)	(97, 35.7155)	(98, 35.6988)	(99, 35.6385)	(100, 35.6071)	(101, 35.5849)	(102, 35.5806)	(103, 35.5343)	(104, 35.5252)	(105, 35.4551)	(106, 35.4145)	(107, 35.36)	(108, 35.3036)	(109, 35.2291)	(110, 35.2048)	(111, 35.1746)	(112, 35.1587)	(113, 35.1288)	(114, 35.1062)	(115, 35.0259)	(116, 34.9582)	(117, 34.8829)	(118, 34.8255)	(119, 34.7687)	(120, 34.7175)	(121, 34.6513)	(122, 34.5851)	(123, 34.4603)	(124, 34.1465)	(125, 33.7221)
HC_6hpi_3	(1, 32.3527)	(2, 32.4798)	(3, 32.474)	(4, 32.483)	(5, 32.505)	(6, 36.1364)	(7, 36.3367)	(8, 36.4221)	(9, 36.3707)	(10, 36.357)	(11, 36.4367)	(12, 36.458)	(13, 36.4508)	(14, 36.4405)	(15, 36.431)	(16, 36.3615)	(17, 36.4093)	(18, 36.4324)	(19, 36.3951)	(20, 36.3923)	(21, 36.3985)	(22, 36.3865)	(23, 36.3686)	(24, 36.383)	(25, 36.3892)	(26, 36.3834)	(27, 36.3633)	(28, 36.3656)	(29, 36.3666)	(30, 36.3517)	(31, 36.3496)	(32, 36.3195)	(33, 36.3314)	(34, 36.3407)	(35, 36.3307)	(36, 36.3359)	(37, 36.3283)	(38, 36.296)	(39, 36.2729)	(40, 36.2753)	(41, 36.2663)	(42, 36.2653)	(43, 36.2631)	(44, 36.2627)	(45, 36.2505)	(46, 36.2498)	(47, 36.2393)	(48, 36.2339)	(49, 36.2172)	(50, 36.129)	(51, 36.1768)	(52, 36.211)	(53, 36.1854)	(54, 36.189)	(55, 36.182)	(56, 36.1686)	(57, 36.174)	(58, 36.1631)	(59, 36.1337)	(60, 36.1244)	(61, 36.1218)	(62, 36.1343)	(63, 36.1341)	(64, 36.127)	(65, 36.123)	(66, 36.0998)	(67, 36.0901)	(68, 36.0819)	(69, 36.0671)	(70, 36.0785)	(71, 36.0419)	(72, 36.064)	(73, 36.0516)	(74, 36.0508)	(75, 36.0723)	(76, 36.066)	(77, 36.0495)	(78, 36.0365)	(79, 36.0371)	(80, 36.0127)	(81, 36.0006)	(82, 35.986)	(83, 35.9726)	(84, 35.9498)	(85, 35.953)	(86, 35.9448)	(87, 35.9302)	(88, 35.9229)	(89, 35.8826)	(90, 35.8623)	(91, 35.8502)	(92, 35.8386)	(93, 35.8248)	(94, 35.8135)	(95, 35.7722)	(96, 35.8065)	(97, 35.7807)	(98, 35.763)	(99, 35.7076)	(100, 35.6764)	(101, 35.6586)	(102, 35.6539)	(103, 35.6115)	(104, 35.6021)	(105, 35.5358)	(106, 35.4969)	(107, 35.4482)	(108, 35.3935)	(109, 35.3268)	(110, 35.2995)	(111, 35.2732)	(112, 35.2572)	(113, 35.2343)	(114, 35.2106)	(115, 35.1377)	(116, 35.073)	(117, 35.0026)	(118, 34.9513)	(119, 34.8987)	(120, 34.8511)	(121, 34.7863)	(122, 34.7244)	(123, 34.6111)	(124, 34.3154)	(125, 33.9165)
HI_24hpi_1	(1, 32.4171)	(2, 32.5011)	(3, 32.5073)	(4, 32.4929)	(5, 32.5192)	(6, 36.021)	(7, 36.2675)	(8, 36.3436)	(9, 36.373)	(10, 36.3619)	(11, 36.3696)	(12, 36.2763)	(13, 36.3212)	(14, 36.3185)	(15, 36.3485)	(16, 36.2655)	(17, 36.2785)	(18, 36.3096)	(19, 36.3106)	(20, 36.2357)	(21, 36.2214)	(22, 36.2258)	(23, 36.2874)	(24, 36.271)	(25, 36.2657)	(26, 36.2349)	(27, 36.2661)	(28, 36.2044)	(29, 36.1472)	(30, 36.0817)	(31, 36.15)	(32, 36.1296)	(33, 36.0592)	(34, 36.0977)	(35, 36.0322)	(36, 36.1031)	(37, 35.904)	(38, 35.9297)	(39, 35.9303)	(40, 35.9743)	(41, 35.9369)	(42, 35.9206)	(43, 35.9475)	(44, 35.9441)	(45, 35.9301)	(46, 35.8928)	(47, 35.8851)	(48, 35.9342)	(49, 35.8856)	(50, 35.9058)	(51, 35.8924)	(52, 35.8836)	(53, 35.8547)	(54, 35.8656)	(55, 35.8577)	(56, 35.8247)	(57, 35.8468)	(58, 35.8216)	(59, 35.8206)	(60, 35.8339)	(61, 35.8338)	(62, 35.8028)	(63, 35.7771)	(64, 35.7595)	(65, 35.7429)	(66, 35.7408)	(67, 35.7884)	(68, 35.7805)	(69, 35.7278)	(70, 35.7562)	(71, 35.7098)	(72, 35.7071)	(73, 35.2949)	(74, 18.3985)	(75, 30.5227)	(76, 31.1398)	(77, 34.4869)	(78, 35.2196)	(79, 35.4248)	(80, 35.4754)	(81, 35.4599)	(82, 35.4305)	(83, 35.3832)	(84, 35.3557)	(85, 35.3105)	(86, 35.2965)	(87, 35.2477)	(88, 35.2292)	(89, 35.136)	(90, 35.0811)	(91, 35.0439)	(92, 35.0757)	(93, 35.1189)	(94, 35.0719)	(95, 35.0801)	(96, 35.0711)	(97, 35.1105)	(98, 35.1319)	(99, 35.1074)	(100, 34.9769)	(101, 34.9968)	(102, 35.0549)	(103, 34.9889)	(104, 34.9565)	(105, 34.8416)	(106, 34.7665)	(107, 34.6747)	(108, 34.6398)	(109, 34.601)	(110, 34.5407)	(111, 34.4977)	(112, 34.4235)	(113, 34.2688)	(114, 34.2467)	(115, 34.1991)	(116, 34.128)	(117, 34.0893)	(118, 33.9884)	(119, 33.9112)	(120, 33.8206)	(121, 33.8207)	(122, 33.6775)	(123, 33.5167)	(124, 33.1945)	(125, 32.628)
HI_24hpi_2	(1, 32.4463)	(2, 32.5297)	(3, 32.5369)	(4, 32.5211)	(5, 32.5449)	(6, 36.0635)	(7, 36.294)	(8, 36.3644)	(9, 36.3914)	(10, 36.3817)	(11, 36.3869)	(12, 36.2967)	(13, 36.3411)	(14, 36.3416)	(15, 36.3683)	(16, 36.2859)	(17, 36.3012)	(18, 36.3304)	(19, 36.3342)	(20, 36.2571)	(21, 36.2421)	(22, 36.2496)	(23, 36.3082)	(24, 36.2946)	(25, 36.2898)	(26, 36.2569)	(27, 36.2859)	(28, 36.2305)	(29, 36.1708)	(30, 36.1056)	(31, 36.1748)	(32, 36.1528)	(33, 36.0845)	(34, 36.1252)	(35, 36.0595)	(36, 36.1291)	(37, 35.9312)	(38, 35.9537)	(39, 35.9543)	(40, 35.997)	(41, 35.9613)	(42, 35.9505)	(43, 35.9741)	(44, 35.9679)	(45, 35.9541)	(46, 35.9138)	(47, 35.909)	(48, 35.9549)	(49, 35.9121)	(50, 35.9283)	(51, 35.9135)	(52, 35.904)	(53, 35.879)	(54, 35.8834)	(55, 35.8778)	(56, 35.8434)	(57, 35.8686)	(58, 35.8407)	(59, 35.8418)	(60, 35.8529)	(61, 35.8566)	(62, 35.8233)	(63, 35.7942)	(64, 35.7761)	(65, 35.7619)	(66, 35.7608)	(67, 35.8063)	(68, 35.7964)	(69, 35.7485)	(70, 35.7716)	(71, 35.7272)	(72, 35.7289)	(73, 35.3102)	(74, 18.4257)	(75, 30.5577)	(76, 31.1745)	(77, 34.5322)	(78, 35.2434)	(79, 35.4411)	(80, 35.4957)	(81, 35.482)	(82, 35.4545)	(83, 35.4048)	(84, 35.3785)	(85, 35.3333)	(86, 35.3204)	(87, 35.273)	(88, 35.2553)	(89, 35.1635)	(90, 35.1116)	(91, 35.0746)	(92, 35.1022)	(93, 35.1434)	(94, 35.0934)	(95, 35.1016)	(96, 35.0889)	(97, 35.1285)	(98, 35.1484)	(99, 35.1249)	(100, 34.9931)	(101, 35.0094)	(102, 35.0684)	(103, 35.0006)	(104, 34.9632)	(105, 34.8613)	(106, 34.7755)	(107, 34.6869)	(108, 34.6492)	(109, 34.6089)	(110, 34.5494)	(111, 34.5019)	(112, 34.4292)	(113, 34.2769)	(114, 34.2499)	(115, 34.2076)	(116, 34.1383)	(117, 34.0918)	(118, 33.9865)	(119, 33.9086)	(120, 33.8261)	(121, 33.8172)	(122, 33.6756)	(123, 33.5097)	(124, 33.1807)	(125, 32.619)
HI_24hpi_3	(1, 32.4281)	(2, 32.5091)	(3, 32.5169)	(4, 32.5039)	(5, 32.5283)	(6, 36.0439)	(7, 36.2864)	(8, 36.3588)	(9, 36.3886)	(10, 36.3794)	(11, 36.3856)	(12, 36.2961)	(13, 36.3376)	(14, 36.3389)	(15, 36.3666)	(16, 36.2835)	(17, 36.3006)	(18, 36.3306)	(19, 36.3335)	(20, 36.2571)	(21, 36.2421)	(22, 36.2461)	(23, 36.3077)	(24, 36.2944)	(25, 36.2874)	(26, 36.2548)	(27, 36.2867)	(28, 36.2301)	(29, 36.1697)	(30, 36.1058)	(31, 36.1736)	(32, 36.1524)	(33, 36.0832)	(34, 36.1234)	(35, 36.0605)	(36, 36.1274)	(37, 35.9288)	(38, 35.9543)	(39, 35.9555)	(40, 35.9963)	(41, 35.9634)	(42, 35.9527)	(43, 35.9718)	(44, 35.9699)	(45, 35.9559)	(46, 35.9161)	(47, 35.9094)	(48, 35.9573)	(49, 35.9169)	(50, 35.9316)	(51, 35.916)	(52, 35.9096)	(53, 35.8811)	(54, 35.8887)	(55, 35.8817)	(56, 35.8494)	(57, 35.8733)	(58, 35.8484)	(59, 35.847)	(60, 35.8602)	(61, 35.8628)	(62, 35.8292)	(63, 35.7999)	(64, 35.776)	(65, 35.7671)	(66, 35.7656)	(67, 35.814)	(68, 35.8069)	(69, 35.7562)	(70, 35.7787)	(71, 35.7373)	(72, 35.7343)	(73, 35.3167)	(74, 18.4102)	(75, 30.5593)	(76, 31.1746)	(77, 34.5342)	(78, 35.2538)	(79, 35.4492)	(80, 35.5049)	(81, 35.493)	(82, 35.4636)	(83, 35.4158)	(84, 35.3897)	(85, 35.3405)	(86, 35.3302)	(87, 35.2835)	(88, 35.2624)	(89, 35.1709)	(90, 35.1226)	(91, 35.0885)	(92, 35.1184)	(93, 35.1535)	(94, 35.1034)	(95, 35.1166)	(96, 35.1062)	(97, 35.1442)	(98, 35.1662)	(99, 35.1456)	(100, 35.0127)	(101, 35.0338)	(102, 35.0915)	(103, 35.0276)	(104, 34.9908)	(105, 34.8878)	(106, 34.8024)	(107, 34.709)	(108, 34.6723)	(109, 34.633)	(110, 34.5758)	(111, 34.531)	(112, 34.4596)	(113, 34.3074)	(114, 34.2822)	(115, 34.2406)	(116, 34.1709)	(117, 34.1284)	(118, 34.021)	(119, 33.9461)	(120, 33.8679)	(121, 33.8642)	(122, 33.7239)	(123, 33.5647)	(124, 33.2402)	(125, 32.6787)
HI_48hpi_1	(1, 32.4555)	(2, 32.5246)	(3, 32.5655)	(4, 32.6232)	(5, 32.6201)	(6, 36.1447)	(7, 36.3896)	(8, 36.4394)	(9, 36.4464)	(10, 36.4563)	(11, 36.4572)	(12, 36.451)	(13, 36.4532)	(14, 36.4575)	(15, 36.4377)	(16, 36.4314)	(17, 36.4382)	(18, 36.4315)	(19, 36.4319)	(20, 36.4193)	(21, 36.411)	(22, 36.4193)	(23, 36.4126)	(24, 36.4074)	(25, 36.4014)	(26, 36.389)	(27, 36.3709)	(28, 36.3776)	(29, 36.3427)	(30, 36.3334)	(31, 36.3027)	(32, 36.3025)	(33, 36.2895)	(34, 36.2769)	(35, 36.2724)	(36, 36.2518)	(37, 36.2222)	(38, 36.1847)	(39, 36.1521)	(40, 36.1326)	(41, 36.111)	(42, 36.0957)	(43, 36.0754)	(44, 36.0623)	(45, 36.0605)	(46, 36.0533)	(47, 36.0547)	(48, 36.0436)	(49, 36.0349)	(50, 36.0257)	(51, 36.0163)	(52, 36.0044)	(53, 35.9919)	(54, 35.9967)	(55, 35.9911)	(56, 35.984)	(57, 35.9769)	(58, 35.9947)	(59, 35.9868)	(60, 35.992)	(61, 35.9939)	(62, 35.9998)	(63, 35.9798)	(64, 35.9801)	(65, 35.9705)	(66, 35.9553)	(67, 35.9358)	(68, 35.9193)	(69, 35.924)	(70, 35.9143)	(71, 35.9122)	(72, 35.8912)	(73, 35.8789)	(74, 35.2003)	(75, 2.0)	(76, 25.8016)	(77, 26.8863)	(78, 33.6255)	(79, 35.0101)	(80, 35.4311)	(81, 35.5205)	(82, 35.571)	(83, 35.5694)	(84, 35.5525)	(85, 35.5318)	(86, 35.4868)	(87, 35.4916)	(88, 35.4547)	(89, 35.4326)	(90, 35.3827)	(91, 35.3257)	(92, 35.2887)	(93, 35.3332)	(94, 35.3659)	(95, 35.4127)	(96, 35.4045)	(97, 35.4058)	(98, 35.3706)	(99, 35.3349)	(100, 35.3069)	(101, 35.2994)	(102, 35.2754)	(103, 35.2283)	(104, 35.1681)	(105, 35.1564)	(106, 35.1152)	(107, 35.0774)	(108, 35.0389)	(109, 35.0143)	(110, 34.9595)	(111, 34.8931)	(112, 34.8261)	(113, 34.7586)	(114, 34.7241)	(115, 34.6544)	(116, 34.6016)	(117, 34.5001)	(118, 34.4547)	(119, 34.41)	(120, 34.3083)	(121, 34.1641)	(122, 34.0081)	(123, 33.8179)	(124, 33.4364)	(125, 32.9915)
HI_48hpi_2	(1, 32.4442)	(2, 32.518)	(3, 32.5587)	(4, 32.6165)	(5, 32.6111)	(6, 36.136)	(7, 36.3824)	(8, 36.4316)	(9, 36.4397)	(10, 36.4471)	(11, 36.4475)	(12, 36.4421)	(13, 36.4436)	(14, 36.4489)	(15, 36.4266)	(16, 36.4182)	(17, 36.4257)	(18, 36.4189)	(19, 36.4191)	(20, 36.4066)	(21, 36.4003)	(22, 36.4074)	(23, 36.4)	(24, 36.3944)	(25, 36.3894)	(26, 36.3764)	(27, 36.3582)	(28, 36.3647)	(29, 36.3319)	(30, 36.3195)	(31, 36.2875)	(32, 36.2867)	(33, 36.2751)	(34, 36.2619)	(35, 36.2564)	(36, 36.2366)	(37, 36.2027)	(38, 36.1677)	(39, 36.1363)	(40, 36.1175)	(41, 36.0928)	(42, 36.0775)	(43, 36.0577)	(44, 36.0426)	(45, 36.0431)	(46, 36.0379)	(47, 36.0364)	(48, 36.0284)	(49, 36.0177)	(50, 36.0078)	(51, 35.9978)	(52, 35.9836)	(53, 35.9725)	(54, 35.9776)	(55, 35.9741)	(56, 35.9658)	(57, 35.9579)	(58, 35.9769)	(59, 35.9677)	(60, 35.9736)	(61, 35.9769)	(62, 35.981)	(63, 35.9616)	(64, 35.9632)	(65, 35.953)	(66, 35.937)	(67, 35.9199)	(68, 35.9003)	(69, 35.9072)	(70, 35.8956)	(71, 35.8942)	(72, 35.871)	(73, 35.8609)	(74, 35.185)	(75, 2.0)	(76, 25.7973)	(77, 26.8708)	(78, 33.5926)	(79, 34.982)	(80, 35.4063)	(81, 35.4973)	(82, 35.5499)	(83, 35.5485)	(84, 35.5283)	(85, 35.5101)	(86, 35.4648)	(87, 35.4723)	(88, 35.4322)	(89, 35.4096)	(90, 35.3597)	(91, 35.3052)	(92, 35.267)	(93, 35.3123)	(94, 35.3476)	(95, 35.3935)	(96, 35.3864)	(97, 35.3886)	(98, 35.3516)	(99, 35.3135)	(100, 35.2879)	(101, 35.2753)	(102, 35.2517)	(103, 35.2068)	(104, 35.1463)	(105, 35.1354)	(106, 35.0946)	(107, 35.0536)	(108, 35.0166)	(109, 34.9898)	(110, 34.9376)	(111, 34.8703)	(112, 34.8036)	(113, 34.736)	(114, 34.7018)	(115, 34.6325)	(116, 34.5782)	(117, 34.4765)	(118, 34.4255)	(119, 34.3826)	(120, 34.279)	(121, 34.1377)	(122, 33.9758)	(123, 33.784)	(124, 33.3929)	(125, 32.934)
HI_48hpi_3	(1, 32.4024)	(2, 32.4919)	(3, 32.5041)	(4, 32.4902)	(5, 32.5135)	(6, 36.0331)	(7, 36.2807)	(8, 36.3574)	(9, 36.3874)	(10, 36.385)	(11, 36.3907)	(12, 36.2952)	(13, 36.3431)	(14, 36.345)	(15, 36.3715)	(16, 36.2895)	(17, 36.3093)	(18, 36.3375)	(19, 36.3395)	(20, 36.264)	(21, 36.247)	(22, 36.258)	(23, 36.3163)	(24, 36.3025)	(25, 36.2971)	(26, 36.2666)	(27, 36.2978)	(28, 36.2393)	(29, 36.1851)	(30, 36.1234)	(31, 36.1852)	(32, 36.1667)	(33, 36.1013)	(34, 36.1381)	(35, 36.0788)	(36, 36.1408)	(37, 35.9523)	(38, 35.9791)	(39, 35.9808)	(40, 36.022)	(41, 35.9888)	(42, 35.9772)	(43, 35.9958)	(44, 35.9946)	(45, 35.982)	(46, 35.9441)	(47, 35.9384)	(48, 35.9854)	(49, 35.9424)	(50, 35.9602)	(51, 35.9446)	(52, 35.9372)	(53, 35.9099)	(54, 35.9167)	(55, 35.9105)	(56, 35.8783)	(57, 35.9042)	(58, 35.8782)	(59, 35.8754)	(60, 35.8914)	(61, 35.8952)	(62, 35.8614)	(63, 35.8345)	(64, 35.8169)	(65, 35.8086)	(66, 35.8044)	(67, 35.8534)	(68, 35.8446)	(69, 35.7968)	(70, 35.8225)	(71, 35.7806)	(72, 35.7795)	(73, 35.3776)	(74, 18.463)	(75, 30.6111)	(76, 31.2109)	(77, 34.5964)	(78, 35.3138)	(79, 35.5045)	(80, 35.5604)	(81, 35.5448)	(82, 35.5174)	(83, 35.4728)	(84, 35.4473)	(85, 35.403)	(86, 35.3934)	(87, 35.3424)	(88, 35.3244)	(89, 35.2396)	(90, 35.1896)	(91, 35.1554)	(92, 35.1903)	(93, 35.2281)	(94, 35.1858)	(95, 35.1977)	(96, 35.1877)	(97, 35.2236)	(98, 35.2479)	(99, 35.2209)	(100, 35.0991)	(101, 35.1209)	(102, 35.1801)	(103, 35.117)	(104, 35.0806)	(105, 34.9838)	(106, 34.9046)	(107, 34.8199)	(108, 34.7889)	(109, 34.7542)	(110, 34.697)	(111, 34.6552)	(112, 34.5878)	(113, 34.4392)	(114, 34.4164)	(115, 34.3747)	(116, 34.3141)	(117, 34.2768)	(118, 34.1769)	(119, 34.1099)	(120, 34.0289)	(121, 34.0318)	(122, 33.8981)	(123, 33.7469)	(124, 33.4452)	(125, 32.9067)
HI_6hpi_1	(1, 32.2894)	(2, 32.4208)	(3, 32.4206)	(4, 32.4278)	(5, 32.4543)	(6, 36.0613)	(7, 36.2787)	(8, 36.3741)	(9, 36.3235)	(10, 36.3108)	(11, 36.3923)	(12, 36.414)	(13, 36.4052)	(14, 36.3945)	(15, 36.3833)	(16, 36.3138)	(17, 36.3624)	(18, 36.385)	(19, 36.3452)	(20, 36.3449)	(21, 36.349)	(22, 36.3363)	(23, 36.316)	(24, 36.3332)	(25, 36.3375)	(26, 36.3328)	(27, 36.3117)	(28, 36.3125)	(29, 36.3135)	(30, 36.2979)	(31, 36.2953)	(32, 36.2622)	(33, 36.2736)	(34, 36.2841)	(35, 36.2752)	(36, 36.2795)	(37, 36.2734)	(38, 36.2397)	(39, 36.2129)	(40, 36.2153)	(41, 36.2055)	(42, 36.2033)	(43, 36.2032)	(44, 36.2048)	(45, 36.1917)	(46, 36.1885)	(47, 36.176)	(48, 36.1702)	(49, 36.1528)	(50, 36.0661)	(51, 36.112)	(52, 36.1474)	(53, 36.1193)	(54, 36.1204)	(55, 36.1151)	(56, 36.099)	(57, 36.1048)	(58, 36.0909)	(59, 36.0596)	(60, 36.0506)	(61, 36.0474)	(62, 36.0607)	(63, 36.0609)	(64, 36.0557)	(65, 36.0511)	(66, 36.0224)	(67, 36.0143)	(68, 36.0053)	(69, 35.9879)	(70, 36.0013)	(71, 35.9637)	(72, 35.9879)	(73, 35.9743)	(74, 35.9725)	(75, 35.9982)	(76, 35.9893)	(77, 35.9708)	(78, 35.9583)	(79, 35.9581)	(80, 35.9308)	(81, 35.9204)	(82, 35.9004)	(83, 35.8875)	(84, 35.8627)	(85, 35.8668)	(86, 35.8585)	(87, 35.8414)	(88, 35.833)	(89, 35.7916)	(90, 35.7672)	(91, 35.7561)	(92, 35.7434)	(93, 35.7298)	(94, 35.7179)	(95, 35.6689)	(96, 35.7097)	(97, 35.6811)	(98, 35.6635)	(99, 35.6038)	(100, 35.5713)	(101, 35.5468)	(102, 35.5437)	(103, 35.4958)	(104, 35.4886)	(105, 35.4181)	(106, 35.3718)	(107, 35.318)	(108, 35.2612)	(109, 35.1922)	(110, 35.159)	(111, 35.1306)	(112, 35.1132)	(113, 35.0848)	(114, 35.0608)	(115, 34.9803)	(116, 34.9131)	(117, 34.8368)	(118, 34.78)	(119, 34.7231)	(120, 34.6677)	(121, 34.6016)	(122, 34.5332)	(123, 34.4101)	(124, 34.09)	(125, 33.659)
HI_6hpi_2	(1, 32.3185)	(2, 32.4497)	(3, 32.4459)	(4, 32.454)	(5, 32.4782)	(6, 36.0956)	(7, 36.3017)	(8, 36.3917)	(9, 36.3396)	(10, 36.3256)	(11, 36.4068)	(12, 36.4287)	(13, 36.4218)	(14, 36.4109)	(15, 36.4006)	(16, 36.3304)	(17, 36.3784)	(18, 36.4027)	(19, 36.3631)	(20, 36.3627)	(21, 36.3665)	(22, 36.3552)	(23, 36.3356)	(24, 36.3507)	(25, 36.3559)	(26, 36.3487)	(27, 36.3289)	(28, 36.3313)	(29, 36.3317)	(30, 36.3185)	(31, 36.3139)	(32, 36.2813)	(33, 36.2946)	(34, 36.3041)	(35, 36.2962)	(36, 36.3003)	(37, 36.2924)	(38, 36.2591)	(39, 36.2338)	(40, 36.2352)	(41, 36.2263)	(42, 36.224)	(43, 36.2239)	(44, 36.2237)	(45, 36.2108)	(46, 36.209)	(47, 36.1978)	(48, 36.1917)	(49, 36.1761)	(50, 36.0869)	(51, 36.134)	(52, 36.1684)	(53, 36.1425)	(54, 36.1456)	(55, 36.1381)	(56, 36.1244)	(57, 36.1304)	(58, 36.1155)	(59, 36.0859)	(60, 36.0766)	(61, 36.0757)	(62, 36.088)	(63, 36.0864)	(64, 36.0803)	(65, 36.0779)	(66, 36.0531)	(67, 36.0432)	(68, 36.034)	(69, 36.0183)	(70, 36.0314)	(71, 35.9948)	(72, 36.0172)	(73, 36.003)	(74, 36.0013)	(75, 36.028)	(76, 36.0174)	(77, 35.9997)	(78, 35.9889)	(79, 35.9879)	(80, 35.9604)	(81, 35.9497)	(82, 35.9334)	(83, 35.9203)	(84, 35.8968)	(85, 35.8999)	(86, 35.8929)	(87, 35.8765)	(88, 35.8691)	(89, 35.8278)	(90, 35.8065)	(91, 35.793)	(92, 35.7813)	(93, 35.7674)	(94, 35.7558)	(95, 35.7093)	(96, 35.7473)	(97, 35.7205)	(98, 35.7037)	(99, 35.6463)	(100, 35.6132)	(101, 35.5898)	(102, 35.588)	(103, 35.5408)	(104, 35.5336)	(105, 35.4653)	(106, 35.4207)	(107, 35.3689)	(108, 35.3137)	(109, 35.2407)	(110, 35.2138)	(111, 35.1845)	(112, 35.1664)	(113, 35.1404)	(114, 35.1178)	(115, 35.0392)	(116, 34.9696)	(117, 34.8983)	(118, 34.8429)	(119, 34.7833)	(120, 34.731)	(121, 34.6659)	(122, 34.6007)	(123, 34.4779)	(124, 34.1654)	(125, 33.7479)
HI_6hpi_3	(1, 32.4288)	(2, 32.5197)	(3, 32.4751)	(4, 32.5323)	(5, 32.5327)	(6, 36.1098)	(7, 36.2799)	(8, 36.323)	(9, 36.3706)	(10, 36.4287)	(11, 36.4445)	(12, 36.3838)	(13, 36.4252)	(14, 36.4471)	(15, 36.4411)	(16, 36.4358)	(17, 36.436)	(18, 36.4272)	(19, 36.4257)	(20, 36.4111)	(21, 36.4129)	(22, 36.4067)	(23, 36.4051)	(24, 36.4042)	(25, 36.3918)	(26, 36.3799)	(27, 36.3742)	(28, 36.3645)	(29, 36.3493)	(30, 36.0065)	(31, 36.2186)	(32, 36.2677)	(33, 36.2774)	(34, 36.2813)	(35, 36.2719)	(36, 36.261)	(37, 36.2295)	(38, 36.197)	(39, 36.1802)	(40, 36.1565)	(41, 36.1466)	(42, 36.132)	(43, 36.1122)	(44, 36.0088)	(45, 36.078)	(46, 36.0855)	(47, 36.0894)	(48, 36.0845)	(49, 36.0907)	(50, 36.0803)	(51, 36.0691)	(52, 36.0718)	(53, 36.0564)	(54, 36.0587)	(55, 36.0504)	(56, 36.0467)	(57, 36.0321)	(58, 36.0242)	(59, 36.0231)	(60, 36.028)	(61, 36.0376)	(62, 36.0218)	(63, 36.0122)	(64, 36.0061)	(65, 36.0025)	(66, 35.9922)	(67, 35.9827)	(68, 35.9849)	(69, 35.9709)	(70, 35.9653)	(71, 35.9518)	(72, 35.9437)	(73, 35.625)	(74, 18.6289)	(75, 30.8133)	(76, 31.334)	(77, 34.8326)	(78, 35.4984)	(79, 35.6781)	(80, 35.7126)	(81, 35.742)	(82, 35.7081)	(83, 35.6716)	(84, 35.6542)	(85, 35.6311)	(86, 35.5833)	(87, 35.5651)	(88, 35.5324)	(89, 35.5106)	(90, 35.4516)	(91, 35.4341)	(92, 35.43)	(93, 34.9363)	(94, 35.321)	(95, 35.4234)	(96, 35.4451)	(97, 35.45)	(98, 35.4357)	(99, 35.4151)	(100, 35.3801)	(101, 35.3501)	(102, 35.3489)	(103, 35.2886)	(104, 35.2627)	(105, 35.2482)	(106, 35.2228)	(107, 35.1686)	(108, 35.1305)	(109, 35.0996)	(110, 35.0328)	(111, 34.983)	(112, 34.9611)	(113, 34.9084)	(114, 34.8451)	(115, 34.7715)	(116, 34.7053)	(117, 34.6594)	(118, 34.5351)	(119, 34.4864)	(120, 34.3738)	(121, 34.3054)	(122, 34.1378)	(123, 33.9726)	(124, 33.6747)	(125, 33.1486)
