Sample	0	1	2	3	4	5	6	7	8	9	10	11	12	13	14	15	16	17	18	19	20	21	22	23	24	25	26	27	28	29	30	31	32	33	34	35	36	37	38	39	40	41	42	43	44	45	46	47	48	49	50	51	52	53	54	55	56	57	58	59	60	61	62	63	64	65	66	67	68	69	70	71	72	73	74	75	76	77	78	79	80	81	82	83	84	85	86	87	88	89	90	91	92	93	94	95	96	97	98	99	100	101	102	103	104	105	106	107	108	109	110	111	112	113	114	115	116	117	118	119	120	121	122	123	124
GC_24hpi_1	(1, 56.4642)	(2, 33.0636)	(3, 45.8979)	(4, 45.326699999999995)	(5, 41.953)	(6, 41.924499999999995)	(7, 41.9914)	(8, 51.564299999999996)	(9, 50.02569999999999)	(10, 40.374500000000005)	(11, 56.049899999999994)	(12, 49.4052)	(13, 41.9076)	(14, 44.4896)	(15, 46.081)	(16, 45.9701)	(17, 45.839400000000005)	(18, 46.0642)	(19, 46.0255)	(20, 46.0002)	(21, 46.0525)	(22, 45.5615)	(23, 45.2701)	(24, 45.237300000000005)	(25, 44.743100000000005)	(26, 44.960499999999996)	(27, 45.5814)	(28, 45.3652)	(29, 45.5547)	(30, 45.4916)	(31, 45.0546)	(32, 45.2038)	(33, 45.3789)	(34, 45.454299999999996)	(35, 45.3787)	(36, 45.4426)	(37, 45.3681)	(38, 45.7815)	(39, 45.5585)	(40, 45.5795)	(41, 45.6276)	(42, 45.8246)	(43, 45.4796)	(44, 45.6789)	(45, 46.0047)	(46, 45.5773)	(47, 45.7033)	(48, 45.8789)	(49, 45.5405)	(50, 45.6233)	(51, 45.780300000000004)	(52, 45.5366)	(53, 45.6734)	(54, 45.7098)	(55, 45.5795)	(56, 45.5136)	(57, 45.8505)	(58, 45.6918)	(59, 45.7266)	(60, 45.9344)	(61, 45.6602)	(62, 45.7787)	(63, 45.8657)	(64, 45.6328)	(65, 45.6398)	(66, 45.5617)	(67, 45.5981)	(68, 45.9235)	(69, 45.973000000000006)	(70, 45.7145)	(71, 45.7619)	(72, 46.0014)	(73, 45.875)	(74, 45.7455)	(75, 46.022400000000005)	(76, 45.6604)	(77, 45.9339)	(78, 46.056599999999996)	(79, 45.8576)	(80, 45.9403)	(81, 45.8624)	(82, 45.602199999999996)	(83, 45.6818)	(84, 45.8574)	(85, 45.7435)	(86, 45.7021)	(87, 46.0013)	(88, 46.023399999999995)	(89, 45.771499999999996)	(90, 46.2037)	(91, 45.7696)	(92, 45.9054)	(93, 45.9094)	(94, 45.655)	(95, 45.9788)	(96, 45.9377)	(97, 45.656400000000005)	(98, 45.866800000000005)	(99, 45.9525)	(100, 45.705)	(101, 45.7729)	(102, 45.9587)	(103, 45.827)	(104, 45.724199999999996)	(105, 45.819700000000005)	(106, 45.7396)	(107, 45.8917)	(108, 46.192)	(109, 45.7804)	(110, 45.9646)	(111, 46.0459)	(112, 45.8772)	(113, 45.8444)	(114, 45.7813)	(115, 45.8362)	(116, 45.6215)	(117, 45.929500000000004)	(118, 45.812999999999995)	(119, 45.8302)	(120, 46.2924)	(121, 45.9086)	(122, 45.9087)	(123, 46.2014)	(124, 45.9181)	(125, 46.0435)
GC_24hpi_2	(1, 56.2206)	(2, 33.0797)	(3, 45.7631)	(4, 45.3851)	(5, 42.0493)	(6, 41.958)	(7, 42.1565)	(8, 51.7263)	(9, 50.1332)	(10, 40.4013)	(11, 56.1376)	(12, 49.406)	(13, 41.8612)	(14, 44.464)	(15, 45.961999999999996)	(16, 46.053399999999996)	(17, 45.792899999999996)	(18, 45.9377)	(19, 45.9822)	(20, 46.0578)	(21, 45.9621)	(22, 45.5123)	(23, 45.269)	(24, 45.1646)	(25, 44.676)	(26, 44.9038)	(27, 45.536500000000004)	(28, 45.3245)	(29, 45.5736)	(30, 45.4197)	(31, 45.0707)	(32, 45.1419)	(33, 45.185700000000004)	(34, 45.4589)	(35, 45.3892)	(36, 45.3405)	(37, 45.3505)	(38, 45.7848)	(39, 45.4476)	(40, 45.523799999999994)	(41, 45.6615)	(42, 45.6772)	(43, 45.4546)	(44, 45.6734)	(45, 45.9413)	(46, 45.5663)	(47, 45.6788)	(48, 45.8083)	(49, 45.5127)	(50, 45.5376)	(51, 45.623799999999996)	(52, 45.422200000000004)	(53, 45.6197)	(54, 45.5731)	(55, 45.5319)	(56, 45.4428)	(57, 45.7883)	(58, 45.654)	(59, 45.6679)	(60, 45.9114)	(61, 45.5784)	(62, 45.7212)	(63, 45.7499)	(64, 45.5417)	(65, 45.5141)	(66, 45.3564)	(67, 45.583)	(68, 45.849000000000004)	(69, 45.800200000000004)	(70, 45.6539)	(71, 45.642500000000005)	(72, 45.866600000000005)	(73, 45.8042)	(74, 45.697700000000005)	(75, 45.9563)	(76, 45.5488)	(77, 45.9421)	(78, 45.9328)	(79, 45.7368)	(80, 45.9138)	(81, 45.6937)	(82, 45.4639)	(83, 45.510099999999994)	(84, 45.6199)	(85, 45.6695)	(86, 45.617000000000004)	(87, 45.8546)	(88, 45.996700000000004)	(89, 45.6151)	(90, 46.1158)	(91, 45.684200000000004)	(92, 45.8041)	(93, 45.8217)	(94, 45.5011)	(95, 45.8019)	(96, 45.7219)	(97, 45.5366)	(98, 45.798899999999996)	(99, 45.7285)	(100, 45.6303)	(101, 45.602900000000005)	(102, 45.730599999999995)	(103, 45.683099999999996)	(104, 45.6334)	(105, 45.634)	(106, 45.5946)	(107, 45.766600000000004)	(108, 46.1344)	(109, 45.6241)	(110, 45.9152)	(111, 45.8992)	(112, 45.750299999999996)	(113, 45.7011)	(114, 45.5285)	(115, 45.6947)	(116, 45.446)	(117, 45.6788)	(118, 45.7087)	(119, 45.7077)	(120, 46.117799999999995)	(121, 45.8477)	(122, 45.848299999999995)	(123, 46.1184)	(124, 45.7707)	(125, 45.9681)
GC_24hpi_3	(1, 56.765600000000006)	(2, 31.9796)	(3, 45.3775)	(4, 45.2001)	(5, 41.9143)	(6, 41.9525)	(7, 42.1514)	(8, 51.521300000000004)	(9, 50.092000000000006)	(10, 40.3345)	(11, 56.2745)	(12, 49.4579)	(13, 41.8027)	(14, 44.504)	(15, 46.0587)	(16, 46.010600000000004)	(17, 45.82)	(18, 46.080799999999996)	(19, 45.989000000000004)	(20, 45.936)	(21, 46.005)	(22, 45.563700000000004)	(23, 45.2157)	(24, 45.1709)	(25, 44.6374)	(26, 44.7672)	(27, 45.4898)	(28, 45.3073)	(29, 45.534400000000005)	(30, 45.4666)	(31, 45.082)	(32, 45.130700000000004)	(33, 45.3013)	(34, 45.4994)	(35, 45.3772)	(36, 45.4514)	(37, 45.3583)	(38, 45.7982)	(39, 45.4987)	(40, 45.5745)	(41, 45.6368)	(42, 45.7706)	(43, 45.4808)	(44, 45.613)	(45, 46.0253)	(46, 45.593)	(47, 45.6609)	(48, 45.9739)	(49, 45.5638)	(50, 45.5782)	(51, 45.7943)	(52, 45.542100000000005)	(53, 45.673)	(54, 45.7027)	(55, 45.6273)	(56, 45.5005)	(57, 45.8962)	(58, 45.7444)	(59, 45.684000000000005)	(60, 46.0046)	(61, 45.6973)	(62, 45.7986)	(63, 45.9097)	(64, 45.6323)	(65, 45.6343)	(66, 45.6183)	(67, 45.7062)	(68, 45.9328)	(69, 45.9595)	(70, 45.7704)	(71, 45.7286)	(72, 46.0386)	(73, 45.9726)	(74, 45.7526)	(75, 46.1331)	(76, 45.7051)	(77, 45.9872)	(78, 46.046)	(79, 45.8506)	(80, 45.994299999999996)	(81, 45.9054)	(82, 45.624199999999995)	(83, 45.7513)	(84, 45.8401)	(85, 45.7881)	(86, 45.7108)	(87, 46.0311)	(88, 46.150200000000005)	(89, 45.703700000000005)	(90, 46.2549)	(91, 45.8518)	(92, 45.9268)	(93, 45.9307)	(94, 45.6198)	(95, 45.941700000000004)	(96, 45.9664)	(97, 45.6548)	(98, 45.9022)	(99, 45.9697)	(100, 45.7449)	(101, 45.797)	(102, 45.9509)	(103, 45.8696)	(104, 45.7445)	(105, 45.8264)	(106, 45.745599999999996)	(107, 45.854)	(108, 46.183099999999996)	(109, 45.7899)	(110, 46.0107)	(111, 46.068599999999996)	(112, 45.9608)	(113, 45.8217)	(114, 45.7855)	(115, 45.8594)	(116, 45.6098)	(117, 45.9561)	(118, 45.8476)	(119, 45.8778)	(120, 46.360099999999996)	(121, 45.9833)	(122, 45.9698)	(123, 46.2272)	(124, 45.919399999999996)	(125, 46.0865)
GC_48hpi_1	(1, 55.3771)	(2, 33.7313)	(3, 45.9266)	(4, 46.6405)	(5, 43.5293)	(6, 42.992000000000004)	(7, 43.4786)	(8, 53.2814)	(9, 50.319100000000006)	(10, 41.8283)	(11, 57.136399999999995)	(12, 49.9483)	(13, 42.6665)	(14, 45.4478)	(15, 46.9549)	(16, 46.964099999999995)	(17, 46.7044)	(18, 46.7059)	(19, 46.6773)	(20, 46.6688)	(21, 46.6283)	(22, 46.3391)	(23, 45.8778)	(24, 45.9077)	(25, 45.6552)	(26, 45.763999999999996)	(27, 46.4087)	(28, 46.0632)	(29, 46.3584)	(30, 46.259299999999996)	(31, 45.8792)	(32, 46.0564)	(33, 46.2074)	(34, 46.4112)	(35, 46.2889)	(36, 46.1616)	(37, 46.3631)	(38, 46.6338)	(39, 46.3377)	(40, 46.3503)	(41, 46.542699999999996)	(42, 46.5169)	(43, 46.286)	(44, 46.4226)	(45, 46.6715)	(46, 46.455600000000004)	(47, 46.4183)	(48, 46.7437)	(49, 46.4646)	(50, 46.4918)	(51, 46.578)	(52, 46.5001)	(53, 46.5026)	(54, 46.504)	(55, 46.5439)	(56, 46.4535)	(57, 46.6695)	(58, 46.7031)	(59, 46.6903)	(60, 46.8996)	(61, 46.618500000000004)	(62, 46.7334)	(63, 46.6705)	(64, 46.6887)	(65, 46.5048)	(66, 46.6626)	(67, 46.787099999999995)	(68, 46.954)	(69, 46.7699)	(70, 46.8356)	(71, 46.706599999999995)	(72, 46.7496)	(73, 46.9281)	(74, 46.7427)	(75, 46.7567)	(76, 46.581)	(77, 46.9839)	(78, 46.916999999999994)	(79, 46.8023)	(80, 46.840399999999995)	(81, 46.7718)	(82, 46.616600000000005)	(83, 46.7309)	(84, 46.5895)	(85, 46.8893)	(86, 46.635799999999996)	(87, 46.7421)	(88, 46.8878)	(89, 46.6271)	(90, 47.1818)	(91, 46.79)	(92, 46.826299999999996)	(93, 46.650000000000006)	(94, 46.488099999999996)	(95, 46.8148)	(96, 46.7493)	(97, 46.705799999999996)	(98, 46.6423)	(99, 46.7922)	(100, 46.6663)	(101, 46.6539)	(102, 46.814699999999995)	(103, 46.632200000000005)	(104, 46.6549)	(105, 46.5745)	(106, 46.7548)	(107, 46.8449)	(108, 46.9758)	(109, 46.7629)	(110, 47.0411)	(111, 47.0015)	(112, 46.9268)	(113, 46.8461)	(114, 46.872)	(115, 46.9376)	(116, 46.6184)	(117, 46.8754)	(118, 47.0475)	(119, 46.941100000000006)	(120, 47.0715)	(121, 46.989)	(122, 46.9863)	(123, 47.1346)	(124, 46.9722)	(125, 47.0105)
GC_48hpi_2	(1, 55.5857)	(2, 33.0529)	(3, 45.6115)	(4, 46.3904)	(5, 43.4585)	(6, 42.8228)	(7, 43.1126)	(8, 53.1168)	(9, 50.46079999999999)	(10, 41.4673)	(11, 57.301199999999994)	(12, 50.1768)	(13, 42.641400000000004)	(14, 45.4454)	(15, 47.0956)	(16, 46.935)	(17, 46.718900000000005)	(18, 46.8517)	(19, 46.7304)	(20, 46.6826)	(21, 46.758300000000006)	(22, 46.4026)	(23, 45.9238)	(24, 46.0383)	(25, 45.671)	(26, 45.643299999999996)	(27, 46.3912)	(28, 45.9696)	(29, 46.298)	(30, 46.287099999999995)	(31, 45.7594)	(32, 46.076299999999996)	(33, 46.4221)	(34, 46.3945)	(35, 46.2391)	(36, 46.1312)	(37, 46.3544)	(38, 46.6395)	(39, 46.4082)	(40, 46.3069)	(41, 46.5396)	(42, 46.5252)	(43, 46.2625)	(44, 46.4499)	(45, 46.6676)	(46, 46.4585)	(47, 46.3742)	(48, 46.798)	(49, 46.4277)	(50, 46.5878)	(51, 46.7233)	(52, 46.5276)	(53, 46.497899999999994)	(54, 46.7196)	(55, 46.6406)	(56, 46.5285)	(57, 46.6596)	(58, 46.7644)	(59, 46.8146)	(60, 47.0043)	(61, 46.746300000000005)	(62, 46.9037)	(63, 46.7676)	(64, 46.860600000000005)	(65, 46.5329)	(66, 46.8984)	(67, 46.9086)	(68, 47.1357)	(69, 46.9334)	(70, 46.9007)	(71, 46.8396)	(72, 46.9473)	(73, 47.0425)	(74, 46.971000000000004)	(75, 46.8768)	(76, 46.6496)	(77, 47.1175)	(78, 47.065)	(79, 46.9401)	(80, 46.8999)	(81, 46.9933)	(82, 46.7301)	(83, 46.8113)	(84, 46.7431)	(85, 47.030300000000004)	(86, 46.758)	(87, 46.8856)	(88, 46.9067)	(89, 46.6219)	(90, 47.3809)	(91, 46.896300000000004)	(92, 46.9417)	(93, 46.7671)	(94, 46.5609)	(95, 46.9099)	(96, 46.9523)	(97, 46.788000000000004)	(98, 46.687)	(99, 46.9259)	(100, 46.7466)	(101, 46.8099)	(102, 47.043099999999995)	(103, 46.649499999999996)	(104, 46.8504)	(105, 46.708800000000004)	(106, 46.9351)	(107, 46.9872)	(108, 47.0205)	(109, 46.8911)	(110, 47.1347)	(111, 47.1094)	(112, 47.016799999999996)	(113, 46.9746)	(114, 47.142)	(115, 47.0346)	(116, 46.7804)	(117, 47.1308)	(118, 47.181200000000004)	(119, 47.1646)	(120, 47.206900000000005)	(121, 47.1132)	(122, 47.057)	(123, 47.3209)	(124, 47.1778)	(125, 47.0069)
GC_48hpi_3	(1, 54.1303)	(2, 34.1989)	(3, 45.8448)	(4, 46.8169)	(5, 43.7931)	(6, 43.1847)	(7, 43.0845)	(8, 53.584900000000005)	(9, 50.6699)	(10, 41.5399)	(11, 57.337)	(12, 50.12649999999999)	(13, 42.6249)	(14, 45.402100000000004)	(15, 46.9285)	(16, 46.9655)	(17, 46.746500000000005)	(18, 46.7174)	(19, 46.6955)	(20, 46.7429)	(21, 46.6261)	(22, 46.3273)	(23, 45.9726)	(24, 45.948899999999995)	(25, 45.6374)	(26, 45.8239)	(27, 46.455)	(28, 46.0585)	(29, 46.3927)	(30, 46.3208)	(31, 45.840399999999995)	(32, 46.089400000000005)	(33, 46.2003)	(34, 46.2941)	(35, 46.301500000000004)	(36, 46.0914)	(37, 46.2728)	(38, 46.6613)	(39, 46.2725)	(40, 46.219500000000004)	(41, 46.561)	(42, 46.4774)	(43, 46.2061)	(44, 46.4263)	(45, 46.6202)	(46, 46.4041)	(47, 46.4171)	(48, 46.6485)	(49, 46.3677)	(50, 46.466499999999996)	(51, 46.5022)	(52, 46.379799999999996)	(53, 46.456399999999995)	(54, 46.5008)	(55, 46.4747)	(56, 46.4805)	(57, 46.5884)	(58, 46.6152)	(59, 46.746900000000004)	(60, 46.908699999999996)	(61, 46.541)	(62, 46.7359)	(63, 46.5676)	(64, 46.6346)	(65, 46.4712)	(66, 46.6144)	(67, 46.6889)	(68, 46.9001)	(69, 46.688)	(70, 46.732)	(71, 46.6736)	(72, 46.6365)	(73, 46.742)	(74, 46.7359)	(75, 46.672799999999995)	(76, 46.456599999999995)	(77, 46.9557)	(78, 46.8407)	(79, 46.632400000000004)	(80, 46.802)	(81, 46.6949)	(82, 46.515499999999996)	(83, 46.6104)	(84, 46.443)	(85, 46.7224)	(86, 46.6283)	(87, 46.6556)	(88, 46.721000000000004)	(89, 46.550200000000004)	(90, 47.115899999999996)	(91, 46.6883)	(92, 46.7562)	(93, 46.6104)	(94, 46.391)	(95, 46.7337)	(96, 46.644999999999996)	(97, 46.526)	(98, 46.6154)	(99, 46.648)	(100, 46.564699999999995)	(101, 46.5735)	(102, 46.6958)	(103, 46.4705)	(104, 46.6695)	(105, 46.4801)	(106, 46.6473)	(107, 46.773399999999995)	(108, 46.8669)	(109, 46.606700000000004)	(110, 47.0072)	(111, 46.9203)	(112, 46.863)	(113, 46.794799999999995)	(114, 46.7643)	(115, 46.803200000000004)	(116, 46.5787)	(117, 46.7667)	(118, 46.903299999999994)	(119, 46.8586)	(120, 46.955799999999996)	(121, 46.9157)	(122, 46.913700000000006)	(123, 47.064699999999995)	(124, 46.867)	(125, 46.9337)
GC_6hpi_1	(1, 56.421699999999994)	(2, 31.921300000000002)	(3, 45.6756)	(4, 45.1662)	(5, 41.981)	(6, 42.185)	(7, 42.449999999999996)	(8, 51.8614)	(9, 50.066900000000004)	(10, 40.6504)	(11, 56.4164)	(12, 49.538700000000006)	(13, 41.9809)	(14, 44.574999999999996)	(15, 46.230900000000005)	(16, 46.0745)	(17, 45.9574)	(18, 46.1886)	(19, 46.0443)	(20, 46.013799999999996)	(21, 46.123799999999996)	(22, 45.663199999999996)	(23, 45.3115)	(24, 45.2376)	(25, 44.7339)	(26, 44.8544)	(27, 45.5955)	(28, 45.435199999999995)	(29, 45.5779)	(30, 45.5464)	(31, 45.1413)	(32, 45.2688)	(33, 45.5055)	(34, 45.5173)	(35, 45.4507)	(36, 45.541399999999996)	(37, 45.4383)	(38, 45.8561)	(39, 45.6897)	(40, 45.6282)	(41, 45.7053)	(42, 45.8227)	(43, 45.6346)	(44, 45.6881)	(45, 46.0116)	(46, 45.6863)	(47, 45.6165)	(48, 45.9193)	(49, 45.6724)	(50, 45.6211)	(51, 45.9054)	(52, 45.6707)	(53, 45.801199999999994)	(54, 45.8878)	(55, 45.7048)	(56, 45.583)	(57, 45.9071)	(58, 45.691500000000005)	(59, 45.6806)	(60, 45.9826)	(61, 45.8016)	(62, 45.79)	(63, 45.9302)	(64, 45.7461)	(65, 45.6691)	(66, 45.7626)	(67, 45.8014)	(68, 45.9026)	(69, 45.946999999999996)	(70, 45.8033)	(71, 45.7908)	(72, 46.011)	(73, 46.022800000000004)	(74, 45.786300000000004)	(75, 46.145599999999995)	(76, 45.7672)	(77, 45.9443)	(78, 46.0877)	(79, 45.8499)	(80, 46.035199999999996)	(81, 46.0472)	(82, 45.7057)	(83, 45.7649)	(84, 45.864399999999996)	(85, 45.899699999999996)	(86, 45.7278)	(87, 46.0745)	(88, 46.118500000000004)	(89, 45.655699999999996)	(90, 46.2009)	(91, 45.9244)	(92, 45.9309)	(93, 46.0191)	(94, 45.7353)	(95, 45.917)	(96, 46.0347)	(97, 45.7546)	(98, 45.949400000000004)	(99, 46.0858)	(100, 45.8048)	(101, 45.8415)	(102, 46.0529)	(103, 45.904)	(104, 45.8397)	(105, 45.948499999999996)	(106, 45.869)	(107, 45.8527)	(108, 46.1935)	(109, 45.8983)	(110, 45.988600000000005)	(111, 46.1091)	(112, 45.9719)	(113, 45.9009)	(114, 45.9387)	(115, 45.9938)	(116, 45.759100000000004)	(117, 46.093)	(118, 45.9407)	(119, 45.8837)	(120, 46.2713)	(121, 46.0356)	(122, 45.9729)	(123, 46.1742)	(124, 46.0119)	(125, 46.0235)
GC_6hpi_2	(1, 56.422399999999996)	(2, 31.8634)	(3, 45.5329)	(4, 45.076699999999995)	(5, 41.9377)	(6, 42.080400000000004)	(7, 42.2565)	(8, 51.769)	(9, 49.960300000000004)	(10, 40.461200000000005)	(11, 56.31699999999999)	(12, 49.4213)	(13, 41.8827)	(14, 44.4557)	(15, 46.178200000000004)	(16, 45.9675)	(17, 45.891999999999996)	(18, 46.1199)	(19, 45.976299999999995)	(20, 45.911699999999996)	(21, 46.0193)	(22, 45.5888)	(23, 45.2355)	(24, 45.173)	(25, 44.6524)	(26, 44.805499999999995)	(27, 45.4982)	(28, 45.3318)	(29, 45.475100000000005)	(30, 45.494800000000005)	(31, 45.0319)	(32, 45.1079)	(33, 45.421499999999995)	(34, 45.386500000000005)	(35, 45.3484)	(36, 45.4694)	(37, 45.3254)	(38, 45.702799999999996)	(39, 45.621)	(40, 45.5167)	(41, 45.5703)	(42, 45.7592)	(43, 45.5043)	(44, 45.5459)	(45, 45.900800000000004)	(46, 45.5879)	(47, 45.5309)	(48, 45.8425)	(49, 45.5482)	(50, 45.5401)	(51, 45.8252)	(52, 45.5592)	(53, 45.6167)	(54, 45.7759)	(55, 45.5662)	(56, 45.4743)	(57, 45.7833)	(58, 45.618199999999995)	(59, 45.5713)	(60, 45.918)	(61, 45.720499999999994)	(62, 45.6823)	(63, 45.8474)	(64, 45.6016)	(65, 45.614900000000006)	(66, 45.6861)	(67, 45.6884)	(68, 45.8275)	(69, 45.8789)	(70, 45.7287)	(71, 45.7086)	(72, 45.9918)	(73, 45.8775)	(74, 45.6783)	(75, 46.067099999999996)	(76, 45.6594)	(77, 45.79)	(78, 45.9785)	(79, 45.787099999999995)	(80, 45.928000000000004)	(81, 45.9838)	(82, 45.6592)	(83, 45.7189)	(84, 45.806000000000004)	(85, 45.7575)	(86, 45.647)	(87, 45.9586)	(88, 45.9848)	(89, 45.608599999999996)	(90, 46.1063)	(91, 45.8056)	(92, 45.8239)	(93, 45.9193)	(94, 45.6507)	(95, 45.8685)	(96, 45.9438)	(97, 45.661699999999996)	(98, 45.8401)	(99, 46.0067)	(100, 45.7512)	(101, 45.752500000000005)	(102, 45.9876)	(103, 45.7941)	(104, 45.742399999999996)	(105, 45.8707)	(106, 45.7473)	(107, 45.765)	(108, 46.0657)	(109, 45.7727)	(110, 45.8924)	(111, 46.0206)	(112, 45.852)	(113, 45.7963)	(114, 45.8914)	(115, 45.8924)	(116, 45.6545)	(117, 46.0094)	(118, 45.8204)	(119, 45.7535)	(120, 46.1618)	(121, 45.923199999999994)	(122, 45.8373)	(123, 46.0879)	(124, 45.9334)	(125, 45.9363)
GC_6hpi_3	(1, 56.409600000000005)	(2, 31.3722)	(3, 45.3897)	(4, 45.0593)	(5, 42.0886)	(6, 42.1186)	(7, 42.2475)	(8, 51.82940000000001)	(9, 50.07040000000001)	(10, 40.5046)	(11, 56.4358)	(12, 49.444700000000005)	(13, 41.8568)	(14, 44.5571)	(15, 46.2293)	(16, 46.0092)	(17, 45.9049)	(18, 46.1151)	(19, 46.0319)	(20, 45.9775)	(21, 46.1077)	(22, 45.641999999999996)	(23, 45.2278)	(24, 45.207300000000004)	(25, 44.7008)	(26, 44.8411)	(27, 45.566)	(28, 45.3768)	(29, 45.5108)	(30, 45.5332)	(31, 45.0584)	(32, 45.1652)	(33, 45.423)	(34, 45.4321)	(35, 45.365899999999996)	(36, 45.4523)	(37, 45.3306)	(38, 45.7747)	(39, 45.6218)	(40, 45.5485)	(41, 45.6079)	(42, 45.7907)	(43, 45.5386)	(44, 45.651399999999995)	(45, 46.0102)	(46, 45.563199999999995)	(47, 45.5531)	(48, 45.837)	(49, 45.5406)	(50, 45.504400000000004)	(51, 45.7732)	(52, 45.5743)	(53, 45.7004)	(54, 45.7577)	(55, 45.6145)	(56, 45.4663)	(57, 45.8103)	(58, 45.608900000000006)	(59, 45.611000000000004)	(60, 45.8897)	(61, 45.6676)	(62, 45.7173)	(63, 45.8706)	(64, 45.6032)	(65, 45.5782)	(66, 45.6412)	(67, 45.616)	(68, 45.8304)	(69, 45.844699999999996)	(70, 45.6818)	(71, 45.6815)	(72, 45.9369)	(73, 45.8651)	(74, 45.6475)	(75, 45.983000000000004)	(76, 45.5926)	(77, 45.761)	(78, 45.9538)	(79, 45.748400000000004)	(80, 45.825500000000005)	(81, 45.9041)	(82, 45.568599999999996)	(83, 45.61)	(84, 45.7473)	(85, 45.774)	(86, 45.5672)	(87, 45.9462)	(88, 45.941700000000004)	(89, 45.5612)	(90, 46.0928)	(91, 45.724)	(92, 45.793499999999995)	(93, 45.8441)	(94, 45.5735)	(95, 45.8158)	(96, 45.8757)	(97, 45.6195)	(98, 45.7986)	(99, 45.915099999999995)	(100, 45.6132)	(101, 45.684799999999996)	(102, 45.882)	(103, 45.7504)	(104, 45.658300000000004)	(105, 45.8204)	(106, 45.739200000000004)	(107, 45.751799999999996)	(108, 46.1086)	(109, 45.7155)	(110, 45.8465)	(111, 45.9885)	(112, 45.7963)	(113, 45.7399)	(114, 45.8026)	(115, 45.8175)	(116, 45.6132)	(117, 45.9503)	(118, 45.7988)	(119, 45.748)	(120, 46.1781)	(121, 45.8899)	(122, 45.7608)	(123, 46.1134)	(124, 45.8555)	(125, 45.8799)
GI_24hpi_1	(1, 55.7087)	(2, 33.6196)	(3, 45.7939)	(4, 45.5227)	(5, 42.1207)	(6, 42.0016)	(7, 42.015299999999996)	(8, 51.7105)	(9, 50.212999999999994)	(10, 40.356700000000004)	(11, 56.0496)	(12, 49.477900000000005)	(13, 41.8551)	(14, 44.4872)	(15, 46.0004)	(16, 46.0937)	(17, 45.879999999999995)	(18, 46.0399)	(19, 45.9859)	(20, 46.1479)	(21, 46.0377)	(22, 45.5603)	(23, 45.4523)	(24, 45.303399999999996)	(25, 44.758700000000005)	(26, 45.0111)	(27, 45.717600000000004)	(28, 45.4249)	(29, 45.67)	(30, 45.488299999999995)	(31, 45.1181)	(32, 45.280100000000004)	(33, 45.2564)	(34, 45.4953)	(35, 45.494800000000005)	(36, 45.4397)	(37, 45.4565)	(38, 45.943)	(39, 45.557700000000004)	(40, 45.6376)	(41, 45.7354)	(42, 45.7812)	(43, 45.590599999999995)	(44, 45.8144)	(45, 46.1165)	(46, 45.7349)	(47, 45.8266)	(48, 45.919399999999996)	(49, 45.6278)	(50, 45.6685)	(51, 45.7961)	(52, 45.5231)	(53, 45.7984)	(54, 45.7269)	(55, 45.6697)	(56, 45.6304)	(57, 45.9548)	(58, 45.777699999999996)	(59, 45.8295)	(60, 46.0614)	(61, 45.726499999999994)	(62, 45.9063)	(63, 45.8906)	(64, 45.6883)	(65, 45.604)	(66, 45.4836)	(67, 45.6972)	(68, 46.032000000000004)	(69, 46.0022)	(70, 45.7964)	(71, 45.7668)	(72, 46.0407)	(73, 45.9241)	(74, 45.8788)	(75, 46.1715)	(76, 45.6541)	(77, 46.108900000000006)	(78, 46.128099999999996)	(79, 45.9079)	(80, 46.1287)	(81, 45.8836)	(82, 45.6061)	(83, 45.6442)	(84, 45.753)	(85, 45.853699999999996)	(86, 45.8039)	(87, 45.9894)	(88, 46.1683)	(89, 45.7843)	(90, 46.272600000000004)	(91, 45.827400000000004)	(92, 45.9848)	(93, 46.0209)	(94, 45.6902)	(95, 45.9009)	(96, 45.866299999999995)	(97, 45.6803)	(98, 45.9976)	(99, 45.9024)	(100, 45.6863)	(101, 45.7892)	(102, 45.8848)	(103, 45.8337)	(104, 45.8508)	(105, 45.7869)	(106, 45.7565)	(107, 45.9401)	(108, 46.306999999999995)	(109, 45.8071)	(110, 46.0996)	(111, 46.071)	(112, 45.9318)	(113, 45.867999999999995)	(114, 45.6644)	(115, 45.8435)	(116, 45.6691)	(117, 45.8746)	(118, 45.8441)	(119, 45.9121)	(120, 46.383799999999994)	(121, 46.0205)	(122, 46.0596)	(123, 46.2948)	(124, 45.880900000000004)	(125, 46.1488)
GI_24hpi_2	(1, 55.3595)	(2, 33.1918)	(3, 45.6468)	(4, 45.1727)	(5, 42.0067)	(6, 41.768699999999995)	(7, 41.8595)	(8, 51.5817)	(9, 50.0051)	(10, 40.2336)	(11, 55.8374)	(12, 49.1674)	(13, 41.6698)	(14, 44.292500000000004)	(15, 45.7968)	(16, 45.796)	(17, 45.6558)	(18, 45.7547)	(19, 45.7594)	(20, 45.853699999999996)	(21, 45.8162)	(22, 45.3378)	(23, 45.1683)	(24, 44.9925)	(25, 44.4968)	(26, 44.7637)	(27, 45.4228)	(28, 45.1515)	(29, 45.4175)	(30, 45.2312)	(31, 44.8376)	(32, 44.9901)	(33, 45.070100000000004)	(34, 45.214)	(35, 45.2453)	(36, 45.1803)	(37, 45.1588)	(38, 45.655499999999996)	(39, 45.320899999999995)	(40, 45.377)	(41, 45.4688)	(42, 45.49)	(43, 45.271)	(44, 45.5315)	(45, 45.818)	(46, 45.4268)	(47, 45.5039)	(48, 45.6183)	(49, 45.3648)	(50, 45.3751)	(51, 45.504)	(52, 45.285799999999995)	(53, 45.4992)	(54, 45.4988)	(55, 45.4091)	(56, 45.3341)	(57, 45.6076)	(58, 45.4409)	(59, 45.5413)	(60, 45.7266)	(61, 45.4296)	(62, 45.603100000000005)	(63, 45.567600000000006)	(64, 45.401)	(65, 45.39)	(66, 45.2418)	(67, 45.3991)	(68, 45.684000000000005)	(69, 45.725)	(70, 45.4777)	(71, 45.535199999999996)	(72, 45.7157)	(73, 45.6481)	(74, 45.5492)	(75, 45.8173)	(76, 45.392700000000005)	(77, 45.7811)	(78, 45.8041)	(79, 45.6018)	(80, 45.7475)	(81, 45.5991)	(82, 45.354499999999994)	(83, 45.402)	(84, 45.508700000000005)	(85, 45.512)	(86, 45.500600000000006)	(87, 45.699)	(88, 45.806400000000004)	(89, 45.4831)	(90, 45.953)	(91, 45.5067)	(92, 45.6781)	(93, 45.6679)	(94, 45.3797)	(95, 45.6529)	(96, 45.6243)	(97, 45.4009)	(98, 45.697500000000005)	(99, 45.5991)	(100, 45.3851)	(101, 45.521)	(102, 45.5741)	(103, 45.5556)	(104, 45.5062)	(105, 45.5)	(106, 45.4876)	(107, 45.664500000000004)	(108, 45.9379)	(109, 45.4939)	(110, 45.7744)	(111, 45.746700000000004)	(112, 45.6002)	(113, 45.5645)	(114, 45.4379)	(115, 45.5598)	(116, 45.341300000000004)	(117, 45.595400000000005)	(118, 45.542500000000004)	(119, 45.6055)	(120, 46.0238)	(121, 45.6834)	(122, 45.6888)	(123, 45.9428)	(124, 45.6216)	(125, 45.8123)
GI_24hpi_3	(1, 57.2821)	(2, 33.8542)	(3, 46.126400000000004)	(4, 46.0806)	(5, 42.7238)	(6, 42.4335)	(7, 42.8784)	(8, 52.260600000000004)	(9, 50.377700000000004)	(10, 41.0373)	(11, 56.7269)	(12, 49.9881)	(13, 42.538399999999996)	(14, 45.1278)	(15, 46.7493)	(16, 46.854800000000004)	(17, 46.4025)	(18, 46.669)	(19, 46.6006)	(20, 46.5443)	(21, 46.5698)	(22, 46.1692)	(23, 45.7751)	(24, 45.768100000000004)	(25, 45.460699999999996)	(26, 45.4692)	(27, 46.2096)	(28, 45.791)	(29, 46.183800000000005)	(30, 46.1636)	(31, 45.7384)	(32, 45.882400000000004)	(33, 46.036300000000004)	(34, 46.2888)	(35, 46.0871)	(36, 45.9976)	(37, 46.2473)	(38, 46.5942)	(39, 46.1559)	(40, 46.2511)	(41, 46.4056)	(42, 46.418)	(43, 46.1357)	(44, 46.2608)	(45, 46.604099999999995)	(46, 46.341)	(47, 46.2417)	(48, 46.6173)	(49, 46.2752)	(50, 46.322)	(51, 46.4848)	(52, 46.3239)	(53, 46.244800000000005)	(54, 46.419700000000006)	(55, 46.4488)	(56, 46.1943)	(57, 46.449)	(58, 46.5212)	(59, 46.5827)	(60, 46.8498)	(61, 46.523199999999996)	(62, 46.6423)	(63, 46.485)	(64, 46.5798)	(65, 46.2731)	(66, 46.436)	(67, 46.6288)	(68, 46.8013)	(69, 46.7107)	(70, 46.625699999999995)	(71, 46.4283)	(72, 46.5931)	(73, 46.8241)	(74, 46.6474)	(75, 46.6506)	(76, 46.3791)	(77, 46.909)	(78, 46.7764)	(79, 46.6351)	(80, 46.717999999999996)	(81, 46.687)	(82, 46.3243)	(83, 46.4124)	(84, 46.4312)	(85, 46.7116)	(86, 46.3742)	(87, 46.6689)	(88, 46.822399999999995)	(89, 46.3343)	(90, 47.1412)	(91, 46.6087)	(92, 46.5963)	(93, 46.6269)	(94, 46.313700000000004)	(95, 46.5937)	(96, 46.5757)	(97, 46.450599999999994)	(98, 46.4177)	(99, 46.521)	(100, 46.4393)	(101, 46.4656)	(102, 46.5462)	(103, 46.4178)	(104, 46.488600000000005)	(105, 46.3442)	(106, 46.5229)	(107, 46.6487)	(108, 46.7391)	(109, 46.535900000000005)	(110, 46.8779)	(111, 46.772200000000005)	(112, 46.7548)	(113, 46.6424)	(114, 46.6791)	(115, 46.716499999999996)	(116, 46.451100000000004)	(117, 46.725)	(118, 46.8993)	(119, 46.7291)	(120, 47.014)	(121, 46.9118)	(122, 46.8177)	(123, 47.138000000000005)	(124, 46.8694)	(125, 46.8768)
GI_48hpi_1	(1, 53.927400000000006)	(2, 33.401399999999995)	(3, 45.3828)	(4, 46.554899999999996)	(5, 43.547200000000004)	(6, 43.0569)	(7, 42.9233)	(8, 53.341499999999996)	(9, 50.5398)	(10, 41.2759)	(11, 57.2372)	(12, 49.8543)	(13, 42.2795)	(14, 45.2506)	(15, 46.5982)	(16, 46.5621)	(17, 46.543099999999995)	(18, 46.417500000000004)	(19, 46.3467)	(20, 46.4169)	(21, 46.320499999999996)	(22, 46.0317)	(23, 45.5842)	(24, 45.6023)	(25, 45.338899999999995)	(26, 45.475)	(27, 46.0263)	(28, 45.8575)	(29, 46.083800000000004)	(30, 46.0038)	(31, 45.5746)	(32, 45.745400000000004)	(33, 45.8699)	(34, 45.9637)	(35, 46.0048)	(36, 45.884)	(37, 45.9226)	(38, 46.296)	(39, 45.9827)	(40, 45.8836)	(41, 46.2945)	(42, 46.254400000000004)	(43, 45.9092)	(44, 46.0668)	(45, 46.3577)	(46, 46.092499999999994)	(47, 46.2178)	(48, 46.3977)	(49, 46.088499999999996)	(50, 46.1424)	(51, 46.218900000000005)	(52, 46.1196)	(53, 46.1746)	(54, 46.1362)	(55, 46.151199999999996)	(56, 46.1806)	(57, 46.359)	(58, 46.3556)	(59, 46.2896)	(60, 46.5518)	(61, 46.2563)	(62, 46.435900000000004)	(63, 46.346199999999996)	(64, 46.2612)	(65, 46.3467)	(66, 46.3157)	(67, 46.3644)	(68, 46.5875)	(69, 46.4555)	(70, 46.4312)	(71, 46.4412)	(72, 46.347500000000004)	(73, 46.4505)	(74, 46.349000000000004)	(75, 46.427099999999996)	(76, 46.228)	(77, 46.542)	(78, 46.4669)	(79, 46.3361)	(80, 46.530300000000004)	(81, 46.3639)	(82, 46.285399999999996)	(83, 46.448)	(84, 46.2431)	(85, 46.3789)	(86, 46.380900000000004)	(87, 46.449)	(88, 46.5323)	(89, 46.3391)	(90, 46.7521)	(91, 46.3673)	(92, 46.4964)	(93, 46.3309)	(94, 46.1406)	(95, 46.5068)	(96, 46.4047)	(97, 46.2433)	(98, 46.3512)	(99, 46.5028)	(100, 46.4263)	(101, 46.367399999999996)	(102, 46.5021)	(103, 46.3225)	(104, 46.3446)	(105, 46.2504)	(106, 46.286)	(107, 46.4855)	(108, 46.6599)	(109, 46.3302)	(110, 46.640100000000004)	(111, 46.6833)	(112, 46.5827)	(113, 46.4578)	(114, 46.461000000000006)	(115, 46.509299999999996)	(116, 46.287)	(117, 46.5118)	(118, 46.545500000000004)	(119, 46.545700000000004)	(120, 46.6721)	(121, 46.590900000000005)	(122, 46.6796)	(123, 46.7286)	(124, 46.5084)	(125, 46.649499999999996)
GI_48hpi_2	(1, 54.1898)	(2, 33.0223)	(3, 45.2924)	(4, 46.2901)	(5, 43.056)	(6, 42.8603)	(7, 42.8193)	(8, 53.082300000000004)	(9, 50.3968)	(10, 41.0614)	(11, 57.0022)	(12, 49.6802)	(13, 42.1014)	(14, 45.021699999999996)	(15, 46.447300000000006)	(16, 46.3542)	(17, 46.311)	(18, 46.2961)	(19, 46.2555)	(20, 46.2716)	(21, 46.1997)	(22, 45.8671)	(23, 45.4584)	(24, 45.4483)	(25, 45.106)	(26, 45.2791)	(27, 45.8791)	(28, 45.6889)	(29, 45.9017)	(30, 45.7964)	(31, 45.4028)	(32, 45.5187)	(33, 45.709)	(34, 45.8352)	(35, 45.768100000000004)	(36, 45.7537)	(37, 45.717600000000004)	(38, 46.1336)	(39, 45.8802)	(40, 45.7542)	(41, 46.0824)	(42, 46.0926)	(43, 45.7619)	(44, 45.9329)	(45, 46.2163)	(46, 45.9685)	(47, 46.0257)	(48, 46.2104)	(49, 45.9435)	(50, 45.9646)	(51, 46.070699999999995)	(52, 45.9337)	(53, 46.0357)	(54, 46.0163)	(55, 45.9904)	(56, 46.0105)	(57, 46.2307)	(58, 46.1434)	(59, 46.1115)	(60, 46.341)	(61, 46.0746)	(62, 46.2466)	(63, 46.2161)	(64, 46.0916)	(65, 46.1021)	(66, 46.1318)	(67, 46.1451)	(68, 46.408)	(69, 46.265499999999996)	(70, 46.2313)	(71, 46.2668)	(72, 46.271)	(73, 46.295500000000004)	(74, 46.144800000000004)	(75, 46.3535)	(76, 46.0824)	(77, 46.3163)	(78, 46.3577)	(79, 46.1757)	(80, 46.3686)	(81, 46.2464)	(82, 46.1098)	(83, 46.2433)	(84, 46.143499999999996)	(85, 46.1982)	(86, 46.2083)	(87, 46.3236)	(88, 46.363)	(89, 46.1669)	(90, 46.577)	(91, 46.2303)	(92, 46.3452)	(93, 46.198)	(94, 46.0074)	(95, 46.3246)	(96, 46.285900000000005)	(97, 46.0541)	(98, 46.2046)	(99, 46.3493)	(100, 46.2016)	(101, 46.172999999999995)	(102, 46.331)	(103, 46.190799999999996)	(104, 46.1762)	(105, 46.1605)	(106, 46.181400000000004)	(107, 46.3043)	(108, 46.5387)	(109, 46.1773)	(110, 46.4249)	(111, 46.5024)	(112, 46.4154)	(113, 46.3217)	(114, 46.2934)	(115, 46.327)	(116, 46.110099999999996)	(117, 46.3577)	(118, 46.3071)	(119, 46.3366)	(120, 46.5691)	(121, 46.3857)	(122, 46.48)	(123, 46.526)	(124, 46.3093)	(125, 46.3951)
GI_48hpi_3	(1, 54.1341)	(2, 32.8369)	(3, 45.3439)	(4, 46.0691)	(5, 42.9118)	(6, 42.6785)	(7, 42.573499999999996)	(8, 52.8484)	(9, 50.3487)	(10, 40.9111)	(11, 56.8422)	(12, 49.5633)	(13, 41.9985)	(14, 44.8193)	(15, 46.389599999999994)	(16, 46.193400000000004)	(17, 46.248400000000004)	(18, 46.2753)	(19, 46.1432)	(20, 46.1471)	(21, 46.152100000000004)	(22, 45.7762)	(23, 45.3549)	(24, 45.3733)	(25, 44.975500000000004)	(26, 45.1762)	(27, 45.8003)	(28, 45.5977)	(29, 45.785)	(30, 45.7002)	(31, 45.2771)	(32, 45.4321)	(33, 45.6605)	(34, 45.683099999999996)	(35, 45.6992)	(36, 45.6547)	(37, 45.6421)	(38, 45.9905)	(39, 45.852599999999995)	(40, 45.6729)	(41, 45.9381)	(42, 46.0199)	(43, 45.6474)	(44, 45.8366)	(45, 46.130500000000005)	(46, 45.8095)	(47, 45.93)	(48, 46.153800000000004)	(49, 45.793099999999995)	(50, 45.921)	(51, 46.038000000000004)	(52, 45.8637)	(53, 45.900800000000004)	(54, 45.985)	(55, 45.8775)	(56, 45.9036)	(57, 46.129999999999995)	(58, 46.038000000000004)	(59, 46.0098)	(60, 46.2744)	(61, 45.9796)	(62, 46.135799999999996)	(63, 46.1318)	(64, 45.9839)	(65, 46.0348)	(66, 46.098)	(67, 46.0557)	(68, 46.3752)	(69, 46.2654)	(70, 46.1469)	(71, 46.2179)	(72, 46.206)	(73, 46.1876)	(74, 46.0666)	(75, 46.2509)	(76, 46.0168)	(77, 46.2532)	(78, 46.3121)	(79, 46.130700000000004)	(80, 46.2944)	(81, 46.2452)	(82, 46.043)	(83, 46.1532)	(84, 46.1017)	(85, 46.0937)	(86, 46.1051)	(87, 46.2868)	(88, 46.2395)	(89, 46.0915)	(90, 46.510200000000005)	(91, 46.1937)	(92, 46.2665)	(93, 46.1116)	(94, 45.9656)	(95, 46.2786)	(96, 46.230900000000005)	(97, 45.9877)	(98, 46.1663)	(99, 46.3309)	(100, 46.153499999999994)	(101, 46.1553)	(102, 46.3634)	(103, 46.115)	(104, 46.0888)	(105, 46.0994)	(106, 46.1002)	(107, 46.2322)	(108, 46.3975)	(109, 46.117000000000004)	(110, 46.3184)	(111, 46.448299999999996)	(112, 46.326299999999996)	(113, 46.2761)	(114, 46.278999999999996)	(115, 46.2406)	(116, 46.0641)	(117, 46.318799999999996)	(118, 46.2144)	(119, 46.3019)	(120, 46.502700000000004)	(121, 46.286500000000004)	(122, 46.383)	(123, 46.4368)	(124, 46.2247)	(125, 46.2944)
GI_6hpi_1	(1, 56.596999999999994)	(2, 31.782500000000002)	(3, 45.628099999999996)	(4, 45.3162)	(5, 42.2532)	(6, 42.3639)	(7, 42.4989)	(8, 52.0284)	(9, 50.1942)	(10, 40.753)	(11, 56.6395)	(12, 49.6341)	(13, 42.0776)	(14, 44.739200000000004)	(15, 46.4243)	(16, 46.2297)	(17, 46.1449)	(18, 46.334399999999995)	(19, 46.2285)	(20, 46.1357)	(21, 46.2628)	(22, 45.846599999999995)	(23, 45.4581)	(24, 45.407599999999995)	(25, 44.9223)	(26, 45.0989)	(27, 45.7413)	(28, 45.5789)	(29, 45.744099999999996)	(30, 45.756099999999996)	(31, 45.2966)	(32, 45.364599999999996)	(33, 45.6453)	(34, 45.644800000000004)	(35, 45.565)	(36, 45.6824)	(37, 45.534)	(38, 45.949400000000004)	(39, 45.8123)	(40, 45.7349)	(41, 45.8151)	(42, 45.927099999999996)	(43, 45.7033)	(44, 45.797900000000006)	(45, 46.123)	(46, 45.7695)	(47, 45.748)	(48, 46.0066)	(49, 45.7534)	(50, 45.7083)	(51, 45.997)	(52, 45.7523)	(53, 45.854800000000004)	(54, 45.9588)	(55, 45.7895)	(56, 45.6673)	(57, 45.9853)	(58, 45.7707)	(59, 45.7872)	(60, 46.076899999999995)	(61, 45.8538)	(62, 45.8486)	(63, 46.0264)	(64, 45.827600000000004)	(65, 45.7899)	(66, 45.8293)	(67, 45.8082)	(68, 45.9882)	(69, 46.0446)	(70, 45.862)	(71, 45.8854)	(72, 46.0633)	(73, 46.0596)	(74, 45.827200000000005)	(75, 46.2049)	(76, 45.7992)	(77, 45.9621)	(78, 46.150999999999996)	(79, 45.9366)	(80, 46.0629)	(81, 46.1071)	(82, 45.808)	(83, 45.8161)	(84, 45.9495)	(85, 45.9688)	(86, 45.800200000000004)	(87, 46.1582)	(88, 46.163900000000005)	(89, 45.7694)	(90, 46.2857)	(91, 46.0051)	(92, 45.9581)	(93, 46.057500000000005)	(94, 45.773)	(95, 46.0163)	(96, 46.0722)	(97, 45.7937)	(98, 46.0107)	(99, 46.1314)	(100, 45.8737)	(101, 45.9009)	(102, 46.0923)	(103, 45.9458)	(104, 45.8791)	(105, 45.9913)	(106, 45.921299999999995)	(107, 45.9401)	(108, 46.274300000000004)	(109, 45.9268)	(110, 46.069900000000004)	(111, 46.1833)	(112, 46.0444)	(113, 45.9316)	(114, 46.0072)	(115, 46.0589)	(116, 45.7879)	(117, 46.1449)	(118, 46.0107)	(119, 45.9356)	(120, 46.3692)	(121, 46.0789)	(122, 46.013)	(123, 46.2672)	(124, 46.1012)	(125, 46.0915)
GI_6hpi_2	(1, 56.191)	(2, 31.647799999999997)	(3, 45.1011)	(4, 44.914300000000004)	(5, 42.019400000000005)	(6, 41.9346)	(7, 42.0287)	(8, 51.6262)	(9, 49.8977)	(10, 40.4176)	(11, 56.1698)	(12, 49.3486)	(13, 41.7792)	(14, 44.4036)	(15, 46.1242)	(16, 45.8153)	(17, 45.7751)	(18, 46.034000000000006)	(19, 45.859899999999996)	(20, 45.8424)	(21, 45.9363)	(22, 45.4939)	(23, 45.1406)	(24, 45.0385)	(25, 44.5964)	(26, 44.7117)	(27, 45.3938)	(28, 45.2418)	(29, 45.3499)	(30, 45.4095)	(31, 44.953500000000005)	(32, 45.019999999999996)	(33, 45.3068)	(34, 45.286500000000004)	(35, 45.2222)	(36, 45.3617)	(37, 45.1665)	(38, 45.5883)	(39, 45.474399999999996)	(40, 45.3776)	(41, 45.45)	(42, 45.5989)	(43, 45.3688)	(44, 45.4698)	(45, 45.773799999999994)	(46, 45.4051)	(47, 45.407199999999996)	(48, 45.6627)	(49, 45.3849)	(50, 45.364900000000006)	(51, 45.6459)	(52, 45.3975)	(53, 45.5216)	(54, 45.6241)	(55, 45.419599999999996)	(56, 45.3461)	(57, 45.61)	(58, 45.4204)	(59, 45.4164)	(60, 45.698)	(61, 45.4918)	(62, 45.525999999999996)	(63, 45.688)	(64, 45.463)	(65, 45.4639)	(66, 45.4932)	(67, 45.4623)	(68, 45.666000000000004)	(69, 45.6918)	(70, 45.4757)	(71, 45.5383)	(72, 45.7409)	(73, 45.670899999999996)	(74, 45.4603)	(75, 45.825700000000005)	(76, 45.449400000000004)	(77, 45.6117)	(78, 45.7588)	(79, 45.5374)	(80, 45.6837)	(81, 45.7226)	(82, 45.4121)	(83, 45.4792)	(84, 45.625)	(85, 45.5589)	(86, 45.4337)	(87, 45.7571)	(88, 45.7945)	(89, 45.4093)	(90, 45.8864)	(91, 45.5503)	(92, 45.5997)	(93, 45.7096)	(94, 45.4314)	(95, 45.628099999999996)	(96, 45.7006)	(97, 45.4169)	(98, 45.6558)	(99, 45.797)	(100, 45.4414)	(101, 45.5451)	(102, 45.748)	(103, 45.597500000000004)	(104, 45.4974)	(105, 45.6549)	(106, 45.5255)	(107, 45.5585)	(108, 45.8917)	(109, 45.5538)	(110, 45.6945)	(111, 45.7964)	(112, 45.6426)	(113, 45.562799999999996)	(114, 45.6604)	(115, 45.660000000000004)	(116, 45.476)	(117, 45.8073)	(118, 45.579)	(119, 45.57)	(120, 46.002500000000005)	(121, 45.6863)	(122, 45.630900000000004)	(123, 45.8983)	(124, 45.683299999999996)	(125, 45.704499999999996)
GI_6hpi_3	(1, 56.269000000000005)	(2, 31.731900000000003)	(3, 45.3123)	(4, 45.0107)	(5, 41.99)	(6, 42.071999999999996)	(7, 42.1712)	(8, 51.7652)	(9, 49.963)	(10, 40.4167)	(11, 56.31739999999999)	(12, 49.3303)	(13, 41.7528)	(14, 44.397999999999996)	(15, 46.110299999999995)	(16, 45.8527)	(17, 45.8104)	(18, 46.0264)	(19, 45.8734)	(20, 45.8503)	(21, 45.961999999999996)	(22, 45.518)	(23, 45.1032)	(24, 45.0912)	(25, 44.5874)	(26, 44.7251)	(27, 45.4037)	(28, 45.2733)	(29, 45.3945)	(30, 45.4563)	(31, 45.0093)	(32, 45.076699999999995)	(33, 45.3381)	(34, 45.331900000000005)	(35, 45.2802)	(36, 45.3674)	(37, 45.219300000000004)	(38, 45.647)	(39, 45.495400000000004)	(40, 45.433299999999996)	(41, 45.4991)	(42, 45.6447)	(43, 45.4051)	(44, 45.5127)	(45, 45.8527)	(46, 45.471000000000004)	(47, 45.4532)	(48, 45.766)	(49, 45.4559)	(50, 45.4264)	(51, 45.7307)	(52, 45.4927)	(53, 45.5616)	(54, 45.6947)	(55, 45.5046)	(56, 45.391999999999996)	(57, 45.7005)	(58, 45.510600000000004)	(59, 45.5007)	(60, 45.8092)	(61, 45.5882)	(62, 45.6138)	(63, 45.7774)	(64, 45.557900000000004)	(65, 45.5718)	(66, 45.604)	(67, 45.5473)	(68, 45.7642)	(69, 45.761)	(70, 45.5687)	(71, 45.631899999999995)	(72, 45.824999999999996)	(73, 45.7853)	(74, 45.5718)	(75, 45.919)	(76, 45.5322)	(77, 45.7308)	(78, 45.8655)	(79, 45.652)	(80, 45.8108)	(81, 45.8282)	(82, 45.5368)	(83, 45.6132)	(84, 45.725500000000004)	(85, 45.685700000000004)	(86, 45.527499999999996)	(87, 45.8955)	(88, 45.8957)	(89, 45.5325)	(90, 46.002700000000004)	(91, 45.6863)	(92, 45.6866)	(93, 45.7835)	(94, 45.5112)	(95, 45.7669)	(96, 45.8067)	(97, 45.5111)	(98, 45.7565)	(99, 45.919)	(100, 45.5598)	(101, 45.6707)	(102, 45.8355)	(103, 45.6654)	(104, 45.6271)	(105, 45.7545)	(106, 45.6451)	(107, 45.6824)	(108, 45.9917)	(109, 45.673)	(110, 45.8212)	(111, 45.920899999999996)	(112, 45.7618)	(113, 45.6716)	(114, 45.7335)	(115, 45.7634)	(116, 45.5805)	(117, 45.9144)	(118, 45.7042)	(119, 45.6679)	(120, 46.0953)	(121, 45.7788)	(122, 45.7526)	(123, 46.0319)	(124, 45.812999999999995)	(125, 45.8802)
HC_24hpi_1	(1, 55.9161)	(2, 32.119)	(3, 45.2025)	(4, 45.2006)	(5, 42.0948)	(6, 42.0297)	(7, 42.0848)	(8, 51.843300000000006)	(9, 50.147299999999994)	(10, 40.3595)	(11, 56.3411)	(12, 49.3741)	(13, 41.707699999999996)	(14, 44.5647)	(15, 46.0813)	(16, 45.8437)	(17, 45.7853)	(18, 45.948499999999996)	(19, 45.8909)	(20, 45.941700000000004)	(21, 45.9217)	(22, 45.4745)	(23, 45.0449)	(24, 45.0325)	(25, 44.6455)	(26, 44.7177)	(27, 45.461200000000005)	(28, 45.2805)	(29, 45.4577)	(30, 45.3827)	(31, 45.0426)	(32, 45.1023)	(33, 45.3219)	(34, 45.3767)	(35, 45.3145)	(36, 45.2695)	(37, 45.171299999999995)	(38, 45.622800000000005)	(39, 45.4195)	(40, 45.364900000000006)	(41, 45.6065)	(42, 45.657199999999996)	(43, 45.3115)	(44, 45.5812)	(45, 45.9189)	(46, 45.433800000000005)	(47, 45.4531)	(48, 45.7127)	(49, 45.4439)	(50, 45.420500000000004)	(51, 45.6422)	(52, 45.482299999999995)	(53, 45.5213)	(54, 45.5888)	(55, 45.5118)	(56, 45.328)	(57, 45.7079)	(58, 45.501599999999996)	(59, 45.4785)	(60, 45.7883)	(61, 45.5038)	(62, 45.6874)	(63, 45.711)	(64, 45.5227)	(65, 45.5778)	(66, 45.583600000000004)	(67, 45.5146)	(68, 45.8494)	(69, 45.7846)	(70, 45.5244)	(71, 45.618900000000004)	(72, 45.7911)	(73, 45.7192)	(74, 45.5737)	(75, 45.8624)	(76, 45.469100000000005)	(77, 45.6791)	(78, 45.8031)	(79, 45.6366)	(80, 45.7449)	(81, 45.724599999999995)	(82, 45.4781)	(83, 45.488)	(84, 45.616299999999995)	(85, 45.6869)	(86, 45.5711)	(87, 45.738299999999995)	(88, 45.856)	(89, 45.5393)	(90, 45.9773)	(91, 45.591300000000004)	(92, 45.693)	(93, 45.6501)	(94, 45.3975)	(95, 45.7391)	(96, 45.6665)	(97, 45.3735)	(98, 45.6335)	(99, 45.725100000000005)	(100, 45.4492)	(101, 45.516)	(102, 45.7389)	(103, 45.5578)	(104, 45.5801)	(105, 45.6117)	(106, 45.592)	(107, 45.59)	(108, 45.8667)	(109, 45.536300000000004)	(110, 45.7198)	(111, 45.7994)	(112, 45.6973)	(113, 45.5766)	(114, 45.583600000000004)	(115, 45.677800000000005)	(116, 45.4642)	(117, 45.8074)	(118, 45.548300000000005)	(119, 45.6816)	(120, 45.9859)	(121, 45.7658)	(122, 45.8278)	(123, 45.9207)	(124, 45.6772)	(125, 45.7016)
HC_24hpi_2	(1, 55.4882)	(2, 32.8043)	(3, 45.256)	(4, 45.3219)	(5, 42.1377)	(6, 42.0738)	(7, 42.0735)	(8, 52.012100000000004)	(9, 50.249500000000005)	(10, 40.3336)	(11, 56.3552)	(12, 49.406800000000004)	(13, 41.7228)	(14, 44.6132)	(15, 46.0403)	(16, 45.8293)	(17, 45.7465)	(18, 45.899499999999996)	(19, 45.894)	(20, 45.961)	(21, 45.954899999999995)	(22, 45.474599999999995)	(23, 45.1182)	(24, 45.0921)	(25, 44.702799999999996)	(26, 44.8364)	(27, 45.5323)	(28, 45.3372)	(29, 45.4937)	(30, 45.422000000000004)	(31, 45.096399999999996)	(32, 45.1885)	(33, 45.3712)	(34, 45.4478)	(35, 45.3838)	(36, 45.3155)	(37, 45.2449)	(38, 45.6764)	(39, 45.4368)	(40, 45.3808)	(41, 45.7164)	(42, 45.7153)	(43, 45.3519)	(44, 45.6954)	(45, 46.0644)	(46, 45.4965)	(47, 45.5782)	(48, 45.771499999999996)	(49, 45.4918)	(50, 45.484)	(51, 45.7257)	(52, 45.4893)	(53, 45.6245)	(54, 45.6441)	(55, 45.5801)	(56, 45.4358)	(57, 45.832699999999996)	(58, 45.629599999999996)	(59, 45.5978)	(60, 45.8916)	(61, 45.5942)	(62, 45.7746)	(63, 45.7976)	(64, 45.5739)	(65, 45.6599)	(66, 45.6442)	(67, 45.5967)	(68, 45.9728)	(69, 45.8788)	(70, 45.6081)	(71, 45.7457)	(72, 45.9226)	(73, 45.826499999999996)	(74, 45.7284)	(75, 45.9522)	(76, 45.5873)	(77, 45.848499999999994)	(78, 45.9309)	(79, 45.7679)	(80, 45.872)	(81, 45.8409)	(82, 45.5938)	(83, 45.608599999999996)	(84, 45.659)	(85, 45.821)	(86, 45.6884)	(87, 45.872)	(88, 45.9637)	(89, 45.6667)	(90, 46.158100000000005)	(91, 45.6984)	(92, 45.8766)	(93, 45.825900000000004)	(94, 45.4863)	(95, 45.864)	(96, 45.8495)	(97, 45.520300000000006)	(98, 45.7864)	(99, 45.839200000000005)	(100, 45.5854)	(101, 45.670300000000005)	(102, 45.812799999999996)	(103, 45.6592)	(104, 45.746700000000004)	(105, 45.737)	(106, 45.6878)	(107, 45.7888)	(108, 46.035399999999996)	(109, 45.6613)	(110, 45.8959)	(111, 45.955200000000005)	(112, 45.8187)	(113, 45.715)	(114, 45.7117)	(115, 45.7995)	(116, 45.5544)	(117, 45.8606)	(118, 45.7139)	(119, 45.782000000000004)	(120, 46.131299999999996)	(121, 45.9047)	(122, 45.996700000000004)	(123, 46.111799999999995)	(124, 45.8008)	(125, 45.8793)
HC_24hpi_3	(1, 57.1305)	(2, 32.542300000000004)	(3, 45.351200000000006)	(4, 44.9714)	(5, 41.5213)	(6, 41.3244)	(7, 41.4967)	(8, 50.9869)	(9, 49.587900000000005)	(10, 40.1193)	(11, 55.7134)	(12, 49.0569)	(13, 41.6316)	(14, 44.252900000000004)	(15, 45.8006)	(16, 45.6175)	(17, 45.4791)	(18, 45.758700000000005)	(19, 45.7463)	(20, 45.661)	(21, 45.737)	(22, 45.2554)	(23, 44.9757)	(24, 44.920700000000004)	(25, 44.528400000000005)	(26, 44.5155)	(27, 45.292500000000004)	(28, 45.044000000000004)	(29, 45.294000000000004)	(30, 45.1675)	(31, 44.8409)	(32, 44.954100000000004)	(33, 45.164500000000004)	(34, 45.2473)	(35, 45.1049)	(36, 45.0955)	(37, 44.9837)	(38, 45.3657)	(39, 45.2156)	(40, 45.2065)	(41, 45.420899999999996)	(42, 45.466699999999996)	(43, 45.1357)	(44, 45.367000000000004)	(45, 45.7144)	(46, 45.273799999999994)	(47, 45.2782)	(48, 45.556400000000004)	(49, 45.2778)	(50, 45.2787)	(51, 45.521499999999996)	(52, 45.2927)	(53, 45.382099999999994)	(54, 45.481700000000004)	(55, 45.367000000000004)	(56, 45.1904)	(57, 45.5529)	(58, 45.3184)	(59, 45.2969)	(60, 45.6206)	(61, 45.4546)	(62, 45.4341)	(63, 45.534200000000006)	(64, 45.399)	(65, 45.2845)	(66, 45.364399999999996)	(67, 45.361000000000004)	(68, 45.6169)	(69, 45.6462)	(70, 45.3686)	(71, 45.4156)	(72, 45.738099999999996)	(73, 45.6335)	(74, 45.468599999999995)	(75, 45.8185)	(76, 45.4511)	(77, 45.657599999999995)	(78, 45.7241)	(79, 45.5928)	(80, 45.6813)	(81, 45.7004)	(82, 45.3966)	(83, 45.3217)	(84, 45.4281)	(85, 45.5477)	(86, 45.4604)	(87, 45.672000000000004)	(88, 45.785199999999996)	(89, 45.3791)	(90, 45.9166)	(91, 45.5715)	(92, 45.6368)	(93, 45.6993)	(94, 45.3143)	(95, 45.6536)	(96, 45.645)	(97, 45.3694)	(98, 45.5449)	(99, 45.6263)	(100, 45.4011)	(101, 45.471000000000004)	(102, 45.6441)	(103, 45.5002)	(104, 45.5877)	(105, 45.5646)	(106, 45.4912)	(107, 45.553900000000006)	(108, 45.8494)	(109, 45.4801)	(110, 45.6115)	(111, 45.7517)	(112, 45.6068)	(113, 45.534)	(114, 45.5328)	(115, 45.607)	(116, 45.3301)	(117, 45.6798)	(118, 45.5387)	(119, 45.4925)	(120, 45.9208)	(121, 45.7463)	(122, 45.7248)	(123, 45.8874)	(124, 45.656200000000005)	(125, 45.6376)
HC_48hpi_1	(1, 54.7077)	(2, 34.2061)	(3, 45.6619)	(4, 45.3066)	(5, 42.0353)	(6, 41.7281)	(7, 41.775)	(8, 51.746199999999995)	(9, 50.0513)	(10, 40.0476)	(11, 55.643600000000006)	(12, 49.1605)	(13, 41.5229)	(14, 44.2381)	(15, 45.7475)	(16, 45.6702)	(17, 45.4264)	(18, 45.6644)	(19, 45.7303)	(20, 45.9305)	(21, 45.6959)	(22, 45.2845)	(23, 45.034)	(24, 44.9849)	(25, 44.4694)	(26, 44.777499999999996)	(27, 45.473400000000005)	(28, 45.0855)	(29, 45.3442)	(30, 45.1185)	(31, 44.8266)	(32, 45.0663)	(33, 44.982699999999994)	(34, 45.1041)	(35, 45.1534)	(36, 45.0469)	(37, 45.0852)	(38, 45.439800000000005)	(39, 45.1702)	(40, 45.1301)	(41, 45.4366)	(42, 45.4329)	(43, 45.148700000000005)	(44, 45.5609)	(45, 45.7971)	(46, 45.325700000000005)	(47, 45.415299999999995)	(48, 45.4404)	(49, 45.2221)	(50, 45.3455)	(51, 45.344699999999996)	(52, 45.155899999999995)	(53, 45.3957)	(54, 45.3026)	(55, 45.305299999999995)	(56, 45.2639)	(57, 45.5408)	(58, 45.3341)	(59, 45.4471)	(60, 45.6615)	(61, 45.250099999999996)	(62, 45.5883)	(63, 45.482299999999995)	(64, 45.2524)	(65, 45.2149)	(66, 45.187)	(67, 45.336999999999996)	(68, 45.7683)	(69, 45.657199999999996)	(70, 45.2851)	(71, 45.4778)	(72, 45.6907)	(73, 45.4965)	(74, 45.5532)	(75, 45.6515)	(76, 45.216)	(77, 45.7013)	(78, 45.6873)	(79, 45.6293)	(80, 45.639)	(81, 45.5322)	(82, 45.2072)	(83, 45.0932)	(84, 45.2697)	(85, 45.435900000000004)	(86, 45.4491)	(87, 45.4455)	(88, 45.6336)	(89, 45.5182)	(90, 45.7753)	(91, 45.345600000000005)	(92, 45.6097)	(93, 45.6493)	(94, 45.2216)	(95, 45.4662)	(96, 45.3823)	(97, 45.2809)	(98, 45.395)	(99, 45.3829)	(100, 45.211400000000005)	(101, 45.2958)	(102, 45.4749)	(103, 45.320100000000004)	(104, 45.5014)	(105, 45.3539)	(106, 45.341)	(107, 45.543299999999995)	(108, 45.848499999999994)	(109, 45.3829)	(110, 45.576)	(111, 45.6795)	(112, 45.435900000000004)	(113, 45.5237)	(114, 45.3081)	(115, 45.3731)	(116, 45.1874)	(117, 45.4422)	(118, 45.3516)	(119, 45.5507)	(120, 45.8775)	(121, 45.5457)	(122, 45.6998)	(123, 45.8143)	(124, 45.3778)	(125, 45.5608)
HC_48hpi_2	(1, 55.0828)	(2, 35.1087)	(3, 46.0109)	(4, 45.4885)	(5, 42.1099)	(6, 41.5973)	(7, 41.754200000000004)	(8, 51.625600000000006)	(9, 49.6787)	(10, 40.3508)	(11, 55.4357)	(12, 48.8583)	(13, 41.620200000000004)	(14, 44.211600000000004)	(15, 45.636700000000005)	(16, 45.7084)	(17, 45.4363)	(18, 45.589200000000005)	(19, 45.7158)	(20, 45.8837)	(21, 45.6311)	(22, 45.211400000000005)	(23, 45.0137)	(24, 44.9636)	(25, 44.5959)	(26, 44.9053)	(27, 45.5139)	(28, 45.2009)	(29, 45.475300000000004)	(30, 45.1587)	(31, 44.9312)	(32, 45.0636)	(33, 44.9356)	(34, 45.2331)	(35, 45.221000000000004)	(36, 45.1318)	(37, 45.1131)	(38, 45.4711)	(39, 45.1824)	(40, 45.1894)	(41, 45.4743)	(42, 45.4115)	(43, 45.1136)	(44, 45.5642)	(45, 45.7841)	(46, 45.3401)	(47, 45.4931)	(48, 45.468399999999995)	(49, 45.299499999999995)	(50, 45.3775)	(51, 45.3768)	(52, 45.1657)	(53, 45.3676)	(54, 45.2211)	(55, 45.304)	(56, 45.2979)	(57, 45.5413)	(58, 45.3726)	(59, 45.5032)	(60, 45.6926)	(61, 45.2839)	(62, 45.591100000000004)	(63, 45.4501)	(64, 45.2868)	(65, 45.2338)	(66, 45.167699999999996)	(67, 45.3106)	(68, 45.7211)	(69, 45.62)	(70, 45.3658)	(71, 45.4467)	(72, 45.6539)	(73, 45.5004)	(74, 45.537)	(75, 45.6356)	(76, 45.2927)	(77, 45.7583)	(78, 45.6712)	(79, 45.6348)	(80, 45.6721)	(81, 45.508900000000004)	(82, 45.2605)	(83, 45.2338)	(84, 45.243)	(85, 45.434400000000004)	(86, 45.4696)	(87, 45.4615)	(88, 45.7212)	(89, 45.582899999999995)	(90, 45.8143)	(91, 45.4501)	(92, 45.6944)	(93, 45.664)	(94, 45.257999999999996)	(95, 45.556799999999996)	(96, 45.4293)	(97, 45.2714)	(98, 45.444)	(99, 45.3903)	(100, 45.3031)	(101, 45.3579)	(102, 45.4533)	(103, 45.4139)	(104, 45.5053)	(105, 45.3411)	(106, 45.3828)	(107, 45.5596)	(108, 45.8515)	(109, 45.4295)	(110, 45.6522)	(111, 45.656)	(112, 45.514500000000005)	(113, 45.5206)	(114, 45.2782)	(115, 45.3998)	(116, 45.1895)	(117, 45.3779)	(118, 45.439299999999996)	(119, 45.5473)	(120, 45.833200000000005)	(121, 45.6529)	(122, 45.7563)	(123, 45.8581)	(124, 45.5068)	(125, 45.6291)
HC_48hpi_3	(1, 55.002399999999994)	(2, 34.407399999999996)	(3, 45.724)	(4, 45.3281)	(5, 42.098)	(6, 41.6009)	(7, 41.6132)	(8, 51.5992)	(9, 49.6264)	(10, 40.1702)	(11, 55.5632)	(12, 48.808800000000005)	(13, 41.463899999999995)	(14, 44.1779)	(15, 45.6332)	(16, 45.5941)	(17, 45.413199999999996)	(18, 45.5657)	(19, 45.6476)	(20, 45.7952)	(21, 45.5841)	(22, 45.1561)	(23, 44.9658)	(24, 44.8961)	(25, 44.466899999999995)	(26, 44.7502)	(27, 45.4126)	(28, 45.095800000000004)	(29, 45.2889)	(30, 45.0419)	(31, 44.7652)	(32, 44.994099999999996)	(33, 44.9378)	(34, 45.1044)	(35, 45.1264)	(36, 45.0449)	(37, 45.0314)	(38, 45.4584)	(39, 45.1808)	(40, 45.1219)	(41, 45.3791)	(42, 45.339200000000005)	(43, 45.0959)	(44, 45.4712)	(45, 45.696799999999996)	(46, 45.2314)	(47, 45.3677)	(48, 45.4163)	(49, 45.1894)	(50, 45.3047)	(51, 45.3446)	(52, 45.0758)	(53, 45.3268)	(54, 45.2125)	(55, 45.224399999999996)	(56, 45.2122)	(57, 45.4578)	(58, 45.2662)	(59, 45.3878)	(60, 45.5591)	(61, 45.2164)	(62, 45.5333)	(63, 45.4003)	(64, 45.198899999999995)	(65, 45.1598)	(66, 45.1613)	(67, 45.2637)	(68, 45.655699999999996)	(69, 45.5958)	(70, 45.2411)	(71, 45.408300000000004)	(72, 45.5883)	(73, 45.411699999999996)	(74, 45.4332)	(75, 45.5548)	(76, 45.2005)	(77, 45.6442)	(78, 45.6151)	(79, 45.554899999999996)	(80, 45.590199999999996)	(81, 45.462399999999995)	(82, 45.1797)	(83, 45.105000000000004)	(84, 45.251000000000005)	(85, 45.354299999999995)	(86, 45.4013)	(87, 45.4114)	(88, 45.574799999999996)	(89, 45.4625)	(90, 45.7468)	(91, 45.3131)	(92, 45.5555)	(93, 45.5208)	(94, 45.171499999999995)	(95, 45.4502)	(96, 45.3774)	(97, 45.177099999999996)	(98, 45.3832)	(99, 45.344)	(100, 45.1781)	(101, 45.2783)	(102, 45.4436)	(103, 45.2827)	(104, 45.448499999999996)	(105, 45.2612)	(106, 45.3032)	(107, 45.4447)	(108, 45.7416)	(109, 45.3453)	(110, 45.5542)	(111, 45.5658)	(112, 45.361200000000004)	(113, 45.4513)	(114, 45.2457)	(115, 45.3403)	(116, 45.1883)	(117, 45.3959)	(118, 45.324799999999996)	(119, 45.5182)	(120, 45.8316)	(121, 45.535599999999995)	(122, 45.637)	(123, 45.7486)	(124, 45.381)	(125, 45.5161)
HC_6hpi_1	(1, 59.3501)	(2, 33.4204)	(3, 45.9507)	(4, 49.4112)	(5, 44.779)	(6, 41.6084)	(7, 41.5519)	(8, 54.75489999999999)	(9, 49.7571)	(10, 39.5756)	(11, 54.2786)	(12, 46.1445)	(13, 40.0798)	(14, 44.4156)	(15, 45.9923)	(16, 45.9678)	(17, 45.8515)	(18, 45.6545)	(19, 45.6933)	(20, 45.5972)	(21, 45.3262)	(22, 45.2326)	(23, 44.996199999999995)	(24, 44.9724)	(25, 44.968399999999995)	(26, 44.9102)	(27, 45.2075)	(28, 45.307199999999995)	(29, 45.454299999999996)	(30, 0.0)	(31, 44.973400000000005)	(32, 45.1078)	(33, 45.319199999999995)	(34, 45.4476)	(35, 45.485)	(36, 45.2709)	(37, 45.2456)	(38, 45.7793)	(39, 45.360499999999995)	(40, 45.4276)	(41, 45.6809)	(42, 45.458999999999996)	(43, 45.6334)	(44, 45.537499999999994)	(45, 45.6788)	(46, 45.6113)	(47, 45.5937)	(48, 45.6596)	(49, 45.6486)	(50, 45.5386)	(51, 45.665099999999995)	(52, 45.7881)	(53, 45.742)	(54, 45.624900000000004)	(55, 45.712199999999996)	(56, 45.6387)	(57, 45.6328)	(58, 45.7297)	(59, 45.6417)	(60, 45.7514)	(61, 45.811099999999996)	(62, 45.867000000000004)	(63, 45.6671)	(64, 45.847100000000005)	(65, 45.6815)	(66, 45.7436)	(67, 45.833400000000005)	(68, 45.8827)	(69, 45.596)	(70, 45.732)	(71, 45.8107)	(72, 45.6021)	(73, 45.8711)	(74, 45.7667)	(75, 45.8261)	(76, 45.6584)	(77, 45.8626)	(78, 45.7614)	(79, 45.7494)	(80, 45.8907)	(81, 45.739000000000004)	(82, 45.8233)	(83, 45.7672)	(84, 45.6194)	(85, 45.9156)	(86, 45.7281)	(87, 45.7018)	(88, 45.943400000000004)	(89, 45.734700000000004)	(90, 45.847300000000004)	(91, 45.9677)	(92, 45.7719)	(93, 45.5948)	(94, 45.7088)	(95, 46.0237)	(96, 45.8939)	(97, 45.7305)	(98, 45.9444)	(99, 45.885999999999996)	(100, 45.7584)	(101, 45.7345)	(102, 45.844)	(103, 45.853699999999996)	(104, 45.9443)	(105, 45.7283)	(106, 45.9518)	(107, 45.856700000000004)	(108, 45.873000000000005)	(109, 45.878099999999996)	(110, 45.9379)	(111, 45.8377)	(112, 46.005)	(113, 45.8235)	(114, 45.7562)	(115, 45.9731)	(116, 45.7701)	(117, 45.9306)	(118, 45.963300000000004)	(119, 45.9195)	(120, 45.955200000000005)	(121, 45.8964)	(122, 45.949)	(123, 45.8574)	(124, 45.9714)	(125, 45.9546)
HC_6hpi_2	(1, 59.9758)	(2, 33.2461)	(3, 45.981)	(4, 49.4279)	(5, 44.9876)	(6, 41.5193)	(7, 41.6802)	(8, 54.746399999999994)	(9, 49.649100000000004)	(10, 39.807500000000005)	(11, 54.3346)	(12, 46.1884)	(13, 40.1944)	(14, 44.5095)	(15, 46.0821)	(16, 46.0379)	(17, 45.9046)	(18, 45.724199999999996)	(19, 45.7732)	(20, 45.7162)	(21, 45.4035)	(22, 45.353300000000004)	(23, 45.0653)	(24, 45.0317)	(25, 45.0441)	(26, 44.9991)	(27, 45.2994)	(28, 45.3608)	(29, 45.494099999999996)	(30, 0.0)	(31, 45.0312)	(32, 45.204899999999995)	(33, 45.347500000000004)	(34, 45.5032)	(35, 45.4768)	(36, 45.3007)	(37, 45.3499)	(38, 45.7565)	(39, 45.4032)	(40, 45.5331)	(41, 45.7171)	(42, 45.4649)	(43, 45.665299999999995)	(44, 45.5656)	(45, 45.675900000000006)	(46, 45.6659)	(47, 45.5806)	(48, 45.6116)	(49, 45.71)	(50, 45.568799999999996)	(51, 45.6237)	(52, 45.7959)	(53, 45.765899999999995)	(54, 45.5851)	(55, 45.7338)	(56, 45.6114)	(57, 45.5717)	(58, 45.7085)	(59, 45.6214)	(60, 45.690599999999996)	(61, 45.7966)	(62, 45.868900000000004)	(63, 45.641)	(64, 45.8463)	(65, 45.6565)	(66, 45.6925)	(67, 45.8115)	(68, 45.853100000000005)	(69, 45.6001)	(70, 45.7523)	(71, 45.799)	(72, 45.5258)	(73, 45.8941)	(74, 45.7492)	(75, 45.7887)	(76, 45.6584)	(77, 45.8305)	(78, 45.7391)	(79, 45.7235)	(80, 45.8555)	(81, 45.7012)	(82, 45.791)	(83, 45.698499999999996)	(84, 45.576)	(85, 45.8881)	(86, 45.7127)	(87, 45.6829)	(88, 45.9409)	(89, 45.6844)	(90, 45.792)	(91, 45.982)	(92, 45.7425)	(93, 45.6143)	(94, 45.646)	(95, 45.9706)	(96, 45.834399999999995)	(97, 45.7324)	(98, 45.8998)	(99, 45.847300000000004)	(100, 45.76)	(101, 45.6871)	(102, 45.7781)	(103, 45.814)	(104, 45.9156)	(105, 45.6888)	(106, 45.9245)	(107, 45.8408)	(108, 45.8319)	(109, 45.866)	(110, 45.8968)	(111, 45.7689)	(112, 45.988800000000005)	(113, 45.752500000000005)	(114, 45.7377)	(115, 45.9373)	(116, 45.7432)	(117, 45.902)	(118, 45.9303)	(119, 45.859)	(120, 45.9567)	(121, 45.905499999999996)	(122, 45.8857)	(123, 45.7962)	(124, 45.9409)	(125, 45.886700000000005)
HC_6hpi_3	(1, 61.2496)	(2, 32.5325)	(3, 45.5945)	(4, 49.172700000000006)	(5, 45.075199999999995)	(6, 41.3748)	(7, 41.430499999999995)	(8, 54.471199999999996)	(9, 49.4895)	(10, 39.6346)	(11, 54.366)	(12, 46.3095)	(13, 40.205400000000004)	(14, 44.5625)	(15, 46.2076)	(16, 46.148)	(17, 46.0108)	(18, 45.802)	(19, 45.8459)	(20, 45.7291)	(21, 45.5521)	(22, 45.4173)	(23, 45.1282)	(24, 45.134600000000006)	(25, 45.1623)	(26, 44.9874)	(27, 45.3773)	(28, 45.4634)	(29, 45.6109)	(30, 0.0)	(31, 45.1046)	(32, 45.2751)	(33, 45.4538)	(34, 45.6346)	(35, 45.5341)	(36, 45.3982)	(37, 45.4422)	(38, 45.9077)	(39, 45.567600000000006)	(40, 45.622099999999996)	(41, 45.7747)	(42, 45.670899999999996)	(43, 45.885799999999996)	(44, 45.6575)	(45, 45.8493)	(46, 45.8643)	(47, 45.684000000000005)	(48, 45.8076)	(49, 45.8751)	(50, 45.711)	(51, 45.7807)	(52, 45.9677)	(53, 45.8914)	(54, 45.8417)	(55, 45.928200000000004)	(56, 45.8211)	(57, 45.7915)	(58, 45.8534)	(59, 45.7689)	(60, 45.8845)	(61, 46.077400000000004)	(62, 46.0643)	(63, 45.921)	(64, 46.0762)	(65, 45.7994)	(66, 45.9544)	(67, 46.049)	(68, 46.0613)	(69, 45.807199999999995)	(70, 45.9493)	(71, 45.975300000000004)	(72, 45.7391)	(73, 46.1553)	(74, 45.9323)	(75, 46.0271)	(76, 45.8277)	(77, 46.0404)	(78, 45.9399)	(79, 45.9792)	(80, 46.063500000000005)	(81, 45.9588)	(82, 46.0362)	(83, 45.9067)	(84, 45.8211)	(85, 46.1091)	(86, 45.9351)	(87, 45.9446)	(88, 46.1293)	(89, 45.9116)	(90, 46.0415)	(91, 46.2519)	(92, 45.9306)	(93, 45.7885)	(94, 45.9118)	(95, 46.2532)	(96, 46.138600000000004)	(97, 45.9752)	(98, 46.1231)	(99, 46.141799999999996)	(100, 46.043299999999995)	(101, 45.948899999999995)	(102, 46.0907)	(103, 46.0583)	(104, 46.167)	(105, 46.0063)	(106, 46.2067)	(107, 46.0302)	(108, 46.0935)	(109, 46.128099999999996)	(110, 46.097)	(111, 46.0366)	(112, 46.295500000000004)	(113, 46.0389)	(114, 46.0026)	(115, 46.1124)	(116, 45.9294)	(117, 46.2156)	(118, 46.225)	(119, 46.0483)	(120, 46.214499999999994)	(121, 46.1799)	(122, 46.0895)	(123, 46.0395)	(124, 46.224900000000005)	(125, 46.1092)
HI_24hpi_1	(1, 57.4993)	(2, 33.3566)	(3, 46.1636)	(4, 46.1003)	(5, 43.1893)	(6, 42.6462)	(7, 43.0807)	(8, 52.7344)	(9, 50.67850000000001)	(10, 41.221799999999995)	(11, 57.166799999999995)	(12, 50.28280000000001)	(13, 42.7018)	(14, 45.5487)	(15, 47.2826)	(16, 46.968199999999996)	(17, 46.7378)	(18, 46.9647)	(19, 46.807300000000005)	(20, 46.7539)	(21, 46.8566)	(22, 46.4938)	(23, 45.8163)	(24, 45.9383)	(25, 45.6577)	(26, 45.5291)	(27, 46.3559)	(28, 45.9167)	(29, 46.2688)	(30, 46.3801)	(31, 45.9126)	(32, 46.1628)	(33, 46.550599999999996)	(34, 46.4711)	(35, 46.253899999999994)	(36, 46.1768)	(37, 46.4204)	(38, 46.617799999999995)	(39, 46.4241)	(40, 46.1937)	(41, 46.5982)	(42, 46.6109)	(43, 46.2211)	(44, 46.3512)	(45, 46.6762)	(46, 46.4679)	(47, 46.2791)	(48, 46.8684)	(49, 46.4041)	(50, 46.5796)	(51, 46.8463)	(52, 46.575)	(53, 46.370400000000004)	(54, 46.7529)	(55, 46.6903)	(56, 46.413199999999996)	(57, 46.5972)	(58, 46.7952)	(59, 46.6697)	(60, 47.03)	(61, 46.8637)	(62, 46.9174)	(63, 46.7099)	(64, 46.8452)	(65, 46.5244)	(66, 47.0127)	(67, 46.976600000000005)	(68, 47.1879)	(69, 47.0101)	(70, 46.910000000000004)	(71, 46.8021)	(72, 46.89)	(73, 47.1563)	(74, 46.9994)	(75, 46.767199999999995)	(76, 46.6252)	(77, 47.124)	(78, 46.981)	(79, 46.9934)	(80, 46.967)	(81, 47.102199999999996)	(82, 46.6679)	(83, 46.762100000000004)	(84, 46.686)	(85, 47.1226)	(86, 46.7082)	(87, 46.9347)	(88, 46.9414)	(89, 46.5364)	(90, 47.3418)	(91, 46.881699999999995)	(92, 46.801700000000004)	(93, 46.7556)	(94, 46.4912)	(95, 46.799)	(96, 46.8911)	(97, 46.706900000000005)	(98, 46.5531)	(99, 46.9587)	(100, 46.7367)	(101, 46.7271)	(102, 47.0397)	(103, 46.5829)	(104, 46.8923)	(105, 46.665800000000004)	(106, 46.9121)	(107, 46.9157)	(108, 46.8791)	(109, 46.9311)	(110, 47.1843)	(111, 47.123799999999996)	(112, 47.1009)	(113, 47.043600000000005)	(114, 47.3003)	(115, 47.0968)	(116, 46.8267)	(117, 47.2673)	(118, 47.2356)	(119, 47.1953)	(120, 47.232600000000005)	(121, 47.186)	(122, 47.174)	(123, 47.3619)	(124, 47.2962)	(125, 47.006)
HI_24hpi_2	(1, 55.1683)	(2, 32.2396)	(3, 45.1335)	(4, 44.954100000000004)	(5, 41.829699999999995)	(6, 41.8442)	(7, 42.0197)	(8, 51.7104)	(9, 50.074799999999996)	(10, 40.070699999999995)	(11, 55.959199999999996)	(12, 49.001099999999994)	(13, 41.3444)	(14, 44.1906)	(15, 45.7668)	(16, 45.514500000000005)	(17, 45.4377)	(18, 45.6487)	(19, 45.5768)	(20, 45.6878)	(21, 45.6001)	(22, 45.1736)	(23, 44.7876)	(24, 44.699299999999994)	(25, 44.2603)	(26, 44.405899999999995)	(27, 45.115300000000005)	(28, 44.9105)	(29, 45.0883)	(30, 45.0107)	(31, 44.657599999999995)	(32, 44.828)	(33, 44.9803)	(34, 45.0184)	(35, 44.9981)	(36, 44.991)	(37, 44.8813)	(38, 45.3083)	(39, 45.1397)	(40, 45.068599999999996)	(41, 45.3294)	(42, 45.317299999999996)	(43, 45.0373)	(44, 45.299099999999996)	(45, 45.6064)	(46, 45.179)	(47, 45.1776)	(48, 45.4434)	(49, 45.1784)	(50, 45.213)	(51, 45.384)	(52, 45.176100000000005)	(53, 45.2849)	(54, 45.3221)	(55, 45.2455)	(56, 45.1254)	(57, 45.4688)	(58, 45.269)	(59, 45.223600000000005)	(60, 45.498)	(61, 45.2478)	(62, 45.4378)	(63, 45.4808)	(64, 45.2225)	(65, 45.2382)	(66, 45.325500000000005)	(67, 45.2986)	(68, 45.611000000000004)	(69, 45.5859)	(70, 45.2677)	(71, 45.3998)	(72, 45.5737)	(73, 45.5376)	(74, 45.4199)	(75, 45.6191)	(76, 45.2676)	(77, 45.5256)	(78, 45.6083)	(79, 45.4731)	(80, 45.5669)	(81, 45.5713)	(82, 45.252700000000004)	(83, 45.305)	(84, 45.366)	(85, 45.4701)	(86, 45.369)	(87, 45.5631)	(88, 45.6364)	(89, 45.3253)	(90, 45.7656)	(91, 45.3891)	(92, 45.5161)	(93, 45.4971)	(94, 45.199)	(95, 45.4814)	(96, 45.5331)	(97, 45.2212)	(98, 45.4175)	(99, 45.5213)	(100, 45.265899999999995)	(101, 45.3606)	(102, 45.549)	(103, 45.379999999999995)	(104, 45.455400000000004)	(105, 45.4464)	(106, 45.395799999999994)	(107, 45.4574)	(108, 45.7264)	(109, 45.368)	(110, 45.5386)	(111, 45.6544)	(112, 45.4889)	(113, 45.4382)	(114, 45.5326)	(115, 45.503)	(116, 45.2944)	(117, 45.5881)	(118, 45.4764)	(119, 45.529399999999995)	(120, 45.8585)	(121, 45.5636)	(122, 45.6171)	(123, 45.7557)	(124, 45.485)	(125, 45.5541)
HI_24hpi_3	(1, 56.8901)	(2, 32.792)	(3, 45.7408)	(4, 45.3424)	(5, 41.8224)	(6, 42.0141)	(7, 42.0612)	(8, 51.5536)	(9, 50.061699999999995)	(10, 40.1342)	(11, 56.1603)	(12, 49.4276)	(13, 41.765299999999996)	(14, 44.5569)	(15, 46.169)	(16, 45.9068)	(17, 45.797)	(18, 46.0941)	(19, 46.021499999999996)	(20, 46.0259)	(21, 46.0504)	(22, 45.5604)	(23, 45.2155)	(24, 45.2201)	(25, 44.7347)	(26, 44.7699)	(27, 45.5401)	(28, 45.355000000000004)	(29, 45.5124)	(30, 45.4585)	(31, 45.0979)	(32, 45.2007)	(33, 45.4426)	(34, 45.4949)	(35, 45.4118)	(36, 45.3847)	(37, 45.293299999999995)	(38, 45.708)	(39, 45.5358)	(40, 45.4599)	(41, 45.6879)	(42, 45.7536)	(43, 45.4176)	(44, 45.6892)	(45, 46.068999999999996)	(46, 45.5779)	(47, 45.554)	(48, 45.8598)	(49, 45.5636)	(50, 45.602900000000005)	(51, 45.8007)	(52, 45.5462)	(53, 45.6621)	(54, 45.7395)	(55, 45.5946)	(56, 45.4106)	(57, 45.8237)	(58, 45.6263)	(59, 45.571400000000004)	(60, 45.9131)	(61, 45.6346)	(62, 45.8023)	(63, 45.8637)	(64, 45.5979)	(65, 45.6225)	(66, 45.6798)	(67, 45.622099999999996)	(68, 45.9716)	(69, 45.9436)	(70, 45.6256)	(71, 45.7287)	(72, 46.0092)	(73, 45.8729)	(74, 45.7465)	(75, 46.002500000000005)	(76, 45.6475)	(77, 45.8702)	(78, 46.030300000000004)	(79, 45.8496)	(80, 45.9283)	(81, 45.9164)	(82, 45.5881)	(83, 45.5842)	(84, 45.7804)	(85, 45.8242)	(86, 45.6851)	(87, 45.9388)	(88, 46.0173)	(89, 45.636500000000005)	(90, 46.1671)	(91, 45.7577)	(92, 45.841)	(93, 45.868199999999995)	(94, 45.5584)	(95, 45.841300000000004)	(96, 45.8841)	(97, 45.5571)	(98, 45.7359)	(99, 45.8593)	(100, 45.5822)	(101, 45.725)	(102, 45.9097)	(103, 45.6824)	(104, 45.7601)	(105, 45.795700000000004)	(106, 45.7548)	(107, 45.792300000000004)	(108, 46.0565)	(109, 45.696)	(110, 45.849000000000004)	(111, 45.9844)	(112, 45.7899)	(113, 45.7695)	(114, 45.7985)	(115, 45.8172)	(116, 45.6167)	(117, 45.95)	(118, 45.779199999999996)	(119, 45.8369)	(120, 46.2453)	(121, 45.9216)	(122, 45.9829)	(123, 46.1801)	(124, 45.879)	(125, 45.9343)
HI_48hpi_1	(1, 56.3986)	(2, 34.685300000000005)	(3, 45.945)	(4, 45.516)	(5, 41.904599999999995)	(6, 41.7383)	(7, 41.6215)	(8, 51.410900000000005)	(9, 49.9195)	(10, 40.0435)	(11, 55.7158)	(12, 49.2236)	(13, 41.6808)	(14, 44.4139)	(15, 45.939099999999996)	(16, 45.800000000000004)	(17, 45.694)	(18, 45.9103)	(19, 45.926)	(20, 45.9748)	(21, 45.8784)	(22, 45.4432)	(23, 45.1539)	(24, 45.1793)	(25, 44.708999999999996)	(26, 44.8797)	(27, 45.6148)	(28, 45.3405)	(29, 45.5576)	(30, 45.3302)	(31, 45.0512)	(32, 45.2154)	(33, 45.3069)	(34, 45.401399999999995)	(35, 45.345600000000005)	(36, 45.3046)	(37, 45.231500000000004)	(38, 45.6314)	(39, 45.3973)	(40, 45.3143)	(41, 45.608399999999996)	(42, 45.6207)	(43, 45.288000000000004)	(44, 45.6551)	(45, 45.95)	(46, 45.495000000000005)	(47, 45.6156)	(48, 45.7841)	(49, 45.4603)	(50, 45.597)	(51, 45.715)	(52, 45.4414)	(53, 45.576100000000004)	(54, 45.577400000000004)	(55, 45.5394)	(56, 45.4824)	(57, 45.7453)	(58, 45.5721)	(59, 45.594699999999996)	(60, 45.893699999999995)	(61, 45.6013)	(62, 45.7283)	(63, 45.7051)	(64, 45.5154)	(65, 45.513799999999996)	(66, 45.5475)	(67, 45.5358)	(68, 45.9801)	(69, 45.9339)	(70, 45.5627)	(71, 45.7568)	(72, 45.919)	(73, 45.752500000000005)	(74, 45.72)	(75, 45.9197)	(76, 45.5751)	(77, 45.8876)	(78, 45.9198)	(79, 45.8425)	(80, 45.9637)	(81, 45.889799999999994)	(82, 45.5784)	(83, 45.5036)	(84, 45.598)	(85, 45.6761)	(86, 45.6955)	(87, 45.7904)	(88, 45.9223)	(89, 45.7483)	(90, 46.0672)	(91, 45.710899999999995)	(92, 45.8835)	(93, 45.876099999999994)	(94, 45.5154)	(95, 45.7776)	(96, 45.7148)	(97, 45.490700000000004)	(98, 45.6918)	(99, 45.7528)	(100, 45.5702)	(101, 45.6487)	(102, 45.839400000000005)	(103, 45.6535)	(104, 45.7654)	(105, 45.6449)	(106, 45.581500000000005)	(107, 45.7559)	(108, 46.0045)	(109, 45.6363)	(110, 45.7615)	(111, 45.9036)	(112, 45.7395)	(113, 45.7719)	(114, 45.6551)	(115, 45.6693)	(116, 45.502700000000004)	(117, 45.7849)	(118, 45.6352)	(119, 45.7611)	(120, 46.1224)	(121, 45.8845)	(122, 45.9996)	(123, 46.0609)	(124, 45.7248)	(125, 45.7832)
HI_48hpi_2	(1, 55.3829)	(2, 33.2019)	(3, 45.4722)	(4, 45.1813)	(5, 41.9686)	(6, 41.789)	(7, 41.6723)	(8, 51.563199999999995)	(9, 49.9781)	(10, 40.1047)	(11, 55.8076)	(12, 49.0698)	(13, 41.538000000000004)	(14, 44.2952)	(15, 45.8579)	(16, 45.5918)	(17, 45.5575)	(18, 45.778)	(19, 45.7497)	(20, 45.8326)	(21, 45.737899999999996)	(22, 45.2716)	(23, 44.9814)	(24, 44.9283)	(25, 44.4375)	(26, 44.655)	(27, 45.359)	(28, 45.1236)	(29, 45.3028)	(30, 45.1742)	(31, 44.7573)	(32, 44.9328)	(33, 45.110299999999995)	(34, 45.1174)	(35, 45.1072)	(36, 45.0608)	(37, 45.0048)	(38, 45.4114)	(39, 45.2121)	(40, 45.1535)	(41, 45.3624)	(42, 45.4571)	(43, 45.1191)	(44, 45.397999999999996)	(45, 45.7087)	(46, 45.2458)	(47, 45.3099)	(48, 45.5353)	(49, 45.2)	(50, 45.3444)	(51, 45.4551)	(52, 45.2281)	(53, 45.3544)	(54, 45.386900000000004)	(55, 45.2828)	(56, 45.2378)	(57, 45.5074)	(58, 45.3321)	(59, 45.353300000000004)	(60, 45.58)	(61, 45.3153)	(62, 45.4919)	(63, 45.5372)	(64, 45.300200000000004)	(65, 45.2986)	(66, 45.3718)	(67, 45.3268)	(68, 45.6984)	(69, 45.6556)	(70, 45.3112)	(71, 45.4889)	(72, 45.6962)	(73, 45.473400000000005)	(74, 45.474199999999996)	(75, 45.628)	(76, 45.317099999999996)	(77, 45.5593)	(78, 45.6749)	(79, 45.5233)	(80, 45.5957)	(81, 45.6131)	(82, 45.303900000000006)	(83, 45.2908)	(84, 45.4482)	(85, 45.4513)	(86, 45.421299999999995)	(87, 45.5772)	(88, 45.6097)	(89, 45.4978)	(90, 45.803)	(91, 45.4455)	(92, 45.562000000000005)	(93, 45.5447)	(94, 45.3003)	(95, 45.5291)	(96, 45.5019)	(97, 45.2481)	(98, 45.4384)	(99, 45.5096)	(100, 45.274)	(101, 45.3814)	(102, 45.6145)	(103, 45.3964)	(104, 45.4542)	(105, 45.4079)	(106, 45.4001)	(107, 45.495799999999996)	(108, 45.7163)	(109, 45.3956)	(110, 45.542)	(111, 45.665499999999994)	(112, 45.4925)	(113, 45.4976)	(114, 45.4428)	(115, 45.4329)	(116, 45.2937)	(117, 45.5749)	(118, 45.4146)	(119, 45.5601)	(120, 45.8856)	(121, 45.5393)	(122, 45.6451)	(123, 45.755)	(124, 45.4931)	(125, 45.5367)
HI_48hpi_3	(1, 53.723699999999994)	(2, 33.2757)	(3, 45.5467)	(4, 46.4371)	(5, 43.3478)	(6, 42.9525)	(7, 42.8637)	(8, 53.3023)	(9, 50.618399999999994)	(10, 41.1166)	(11, 57.1305)	(12, 49.7459)	(13, 42.082300000000004)	(14, 45.2334)	(15, 46.6417)	(16, 46.448499999999996)	(17, 46.391)	(18, 46.3904)	(19, 46.4167)	(20, 46.495999999999995)	(21, 46.4185)	(22, 46.025)	(23, 45.5942)	(24, 45.6213)	(25, 45.2753)	(26, 45.4356)	(27, 46.1389)	(28, 45.8292)	(29, 46.0727)	(30, 45.9385)	(31, 45.6053)	(32, 45.7885)	(33, 45.9065)	(34, 45.9641)	(35, 45.9961)	(36, 45.8511)	(37, 45.852399999999996)	(38, 46.2673)	(39, 46.0586)	(40, 45.8777)	(41, 46.3235)	(42, 46.2397)	(43, 45.902)	(44, 46.260400000000004)	(45, 46.5012)	(46, 46.125899999999994)	(47, 46.1034)	(48, 46.3476)	(49, 46.1325)	(50, 46.1402)	(51, 46.2374)	(52, 46.1301)	(53, 46.231899999999996)	(54, 46.192)	(55, 46.1638)	(56, 46.124500000000005)	(57, 46.4058)	(58, 46.2411)	(59, 46.2987)	(60, 46.4732)	(61, 46.2035)	(62, 46.4704)	(63, 46.3994)	(64, 46.2773)	(65, 46.2402)	(66, 46.4059)	(67, 46.3132)	(68, 46.6933)	(69, 46.4928)	(70, 46.3225)	(71, 46.438)	(72, 46.4489)	(73, 46.4497)	(74, 46.4075)	(75, 46.5268)	(76, 46.189)	(77, 46.5031)	(78, 46.5723)	(79, 46.441)	(80, 46.5169)	(81, 46.4495)	(82, 46.2489)	(83, 46.267399999999995)	(84, 46.274100000000004)	(85, 46.4752)	(86, 46.4015)	(87, 46.4102)	(88, 46.5225)	(89, 46.3898)	(90, 46.7526)	(91, 46.3521)	(92, 46.516400000000004)	(93, 46.346900000000005)	(94, 46.1342)	(95, 46.485)	(96, 46.426)	(97, 46.177099999999996)	(98, 46.3295)	(99, 46.4315)	(100, 46.2826)	(101, 46.2999)	(102, 46.4996)	(103, 46.3013)	(104, 46.422999999999995)	(105, 46.3109)	(106, 46.3774)	(107, 46.4711)	(108, 46.6057)	(109, 46.315400000000004)	(110, 46.5691)	(111, 46.6345)	(112, 46.4731)	(113, 46.4338)	(114, 46.5036)	(115, 46.4704)	(116, 46.2656)	(117, 46.5295)	(118, 46.4265)	(119, 46.6229)	(120, 46.7106)	(121, 46.5148)	(122, 46.694)	(123, 46.6695)	(124, 46.4398)	(125, 46.4858)
HI_6hpi_1	(1, 60.9564)	(2, 34.6342)	(3, 47.038000000000004)	(4, 50.142900000000004)	(5, 45.5295)	(6, 42.3106)	(7, 42.229299999999995)	(8, 55.3238)	(9, 50.1274)	(10, 39.9904)	(11, 54.8173)	(12, 46.866)	(13, 40.6278)	(14, 44.9982)	(15, 46.7192)	(16, 46.6644)	(17, 46.531)	(18, 46.2243)	(19, 46.2289)	(20, 46.2588)	(21, 46.0122)	(22, 45.8607)	(23, 45.5597)	(24, 45.608)	(25, 45.5929)	(26, 45.4989)	(27, 45.8295)	(28, 45.9364)	(29, 46.0822)	(30, 0.0)	(31, 45.5643)	(32, 45.8436)	(33, 45.9482)	(34, 46.083400000000005)	(35, 45.974)	(36, 45.8191)	(37, 45.9253)	(38, 46.4338)	(39, 46.0409)	(40, 46.0689)	(41, 46.3496)	(42, 46.160000000000004)	(43, 46.3331)	(44, 46.2241)	(45, 46.3204)	(46, 46.3694)	(47, 46.2474)	(48, 46.326299999999996)	(49, 46.3444)	(50, 46.2547)	(51, 46.3468)	(52, 46.5001)	(53, 46.507799999999996)	(54, 46.3861)	(55, 46.3994)	(56, 46.4037)	(57, 46.260600000000004)	(58, 46.3494)	(59, 46.369899999999994)	(60, 46.304899999999996)	(61, 46.5829)	(62, 46.653299999999994)	(63, 46.376400000000004)	(64, 46.6277)	(65, 46.3653)	(66, 46.550399999999996)	(67, 46.539500000000004)	(68, 46.6761)	(69, 46.25)	(70, 46.461200000000005)	(71, 46.5591)	(72, 46.1734)	(73, 46.6368)	(74, 46.5186)	(75, 46.4705)	(76, 46.2641)	(77, 46.5271)	(78, 46.4405)	(79, 46.457100000000004)	(80, 46.557900000000004)	(81, 46.3633)	(82, 46.6038)	(83, 46.455400000000004)	(84, 46.2969)	(85, 46.6588)	(86, 46.4805)	(87, 46.4459)	(88, 46.5783)	(89, 46.3881)	(90, 46.5609)	(91, 46.8243)	(92, 46.3938)	(93, 46.314699999999995)	(94, 46.4583)	(95, 46.8528)	(96, 46.6729)	(97, 46.4976)	(98, 46.6393)	(99, 46.627)	(100, 46.5719)	(101, 46.4244)	(102, 46.6753)	(103, 46.5207)	(104, 46.786)	(105, 46.5375)	(106, 46.7356)	(107, 46.5856)	(108, 46.5598)	(109, 46.599000000000004)	(110, 46.5613)	(111, 46.5721)	(112, 46.8545)	(113, 46.541700000000006)	(114, 46.4811)	(115, 46.6013)	(116, 46.522400000000005)	(117, 46.7575)	(118, 46.7399)	(119, 46.5927)	(120, 46.7023)	(121, 46.711999999999996)	(122, 46.638200000000005)	(123, 46.5745)	(124, 46.7452)	(125, 46.6768)
HI_6hpi_2	(1, 60.9922)	(2, 33.1105)	(3, 46.2547)	(4, 49.558)	(5, 45.0996)	(6, 41.6896)	(7, 41.5862)	(8, 54.7922)	(9, 49.711800000000004)	(10, 39.583200000000005)	(11, 54.467)	(12, 46.3968)	(13, 40.2068)	(14, 44.6426)	(15, 46.3122)	(16, 46.2471)	(17, 46.094)	(18, 45.866099999999996)	(19, 45.8864)	(20, 45.8512)	(21, 45.637899999999995)	(22, 45.4794)	(23, 45.1354)	(24, 45.2151)	(25, 45.1693)	(26, 45.0774)	(27, 45.400400000000005)	(28, 45.4719)	(29, 45.643499999999996)	(30, 0.0)	(31, 45.163799999999995)	(32, 45.3238)	(33, 45.5278)	(34, 45.6424)	(35, 45.6021)	(36, 45.4611)	(37, 45.493)	(38, 45.953300000000006)	(39, 45.6284)	(40, 45.656200000000005)	(41, 45.847100000000005)	(42, 45.7158)	(43, 45.885999999999996)	(44, 45.7341)	(45, 45.9101)	(46, 45.85)	(47, 45.7586)	(48, 45.8675)	(49, 45.899699999999996)	(50, 45.738299999999995)	(51, 45.8232)	(52, 45.989000000000004)	(53, 45.9659)	(54, 45.8768)	(55, 45.9101)	(56, 45.8516)	(57, 45.8094)	(58, 45.9035)	(59, 45.833800000000004)	(60, 45.877)	(61, 46.056000000000004)	(62, 46.114)	(63, 45.9371)	(64, 46.0633)	(65, 45.8423)	(66, 46.012100000000004)	(67, 46.0407)	(68, 46.0994)	(69, 45.8203)	(70, 45.9992)	(71, 45.9968)	(72, 45.7325)	(73, 46.1121)	(74, 45.985)	(75, 46.0358)	(76, 45.826)	(77, 46.044200000000004)	(78, 45.9397)	(79, 45.947700000000005)	(80, 46.068999999999996)	(81, 45.9518)	(82, 46.0632)	(83, 45.872600000000006)	(84, 45.85)	(85, 46.0561)	(86, 45.9305)	(87, 45.9687)	(88, 46.1268)	(89, 45.895599999999995)	(90, 46.0467)	(91, 46.261799999999994)	(92, 45.9202)	(93, 45.8293)	(94, 45.901599999999995)	(95, 46.2375)	(96, 46.141)	(97, 45.9539)	(98, 46.1403)	(99, 46.0674)	(100, 46.0464)	(101, 45.9474)	(102, 46.0963)	(103, 46.0332)	(104, 46.1964)	(105, 45.9961)	(106, 46.192699999999995)	(107, 46.089200000000005)	(108, 46.0805)	(109, 46.0807)	(110, 46.0852)	(111, 46.056000000000004)	(112, 46.268100000000004)	(113, 46.0381)	(114, 45.9762)	(115, 46.1608)	(116, 45.9794)	(117, 46.198899999999995)	(118, 46.2091)	(119, 46.064899999999994)	(120, 46.2296)	(121, 46.1445)	(122, 46.1351)	(123, 46.071200000000005)	(124, 46.2019)	(125, 46.1256)
HI_6hpi_3	(1, 57.767900000000004)	(2, 30.4913)	(3, 45.6201)	(4, 44.7802)	(5, 41.8699)	(6, 41.902)	(7, 42.1826)	(8, 51.3569)	(9, 49.7874)	(10, 40.6242)	(11, 56.438100000000006)	(12, 49.4509)	(13, 41.991499999999995)	(14, 44.622299999999996)	(15, 46.381)	(16, 46.036500000000004)	(17, 45.9963)	(18, 46.333800000000004)	(19, 46.150000000000006)	(20, 45.9697)	(21, 46.2341)	(22, 45.7797)	(23, 45.3352)	(24, 45.3641)	(25, 44.826100000000004)	(26, 44.7758)	(27, 45.6115)	(28, 45.4555)	(29, 45.5401)	(30, 45.635799999999996)	(31, 45.134299999999996)	(32, 45.2007)	(33, 45.7)	(34, 45.585300000000004)	(35, 45.3883)	(36, 45.5733)	(37, 45.3288)	(38, 45.6457)	(39, 45.744)	(40, 45.6412)	(41, 45.649)	(42, 45.9042)	(43, 45.5239)	(44, 45.6376)	(45, 46.0376)	(46, 45.6123)	(47, 45.483200000000004)	(48, 45.9172)	(49, 45.683299999999996)	(50, 45.5441)	(51, 45.980399999999996)	(52, 45.6579)	(53, 45.6374)	(54, 46.003)	(55, 45.7619)	(56, 45.458999999999996)	(57, 45.8945)	(58, 45.636500000000005)	(59, 45.5901)	(60, 45.9978)	(61, 45.8123)	(62, 45.7097)	(63, 45.9498)	(64, 45.7853)	(65, 45.6721)	(66, 45.9248)	(67, 45.7158)	(68, 45.8755)	(69, 46.0719)	(70, 45.7396)	(71, 45.749)	(72, 46.0482)	(73, 45.968900000000005)	(74, 45.7293)	(75, 46.1835)	(76, 45.7954)	(77, 45.8299)	(78, 46.0792)	(79, 45.878)	(80, 45.948299999999996)	(81, 46.1841)	(82, 45.8218)	(83, 45.763999999999996)	(84, 45.907199999999996)	(85, 45.8903)	(86, 45.7669)	(87, 46.128099999999996)	(88, 46.0856)	(89, 45.6017)	(90, 46.2199)	(91, 45.9327)	(92, 45.8488)	(93, 45.995000000000005)	(94, 45.6964)	(95, 45.9861)	(96, 46.0866)	(97, 45.7564)	(98, 45.8981)	(99, 46.1677)	(100, 45.8175)	(101, 45.7874)	(102, 46.1839)	(103, 45.8911)	(104, 45.8859)	(105, 45.9974)	(106, 45.949200000000005)	(107, 45.8494)	(108, 46.145399999999995)	(109, 45.8695)	(110, 45.9501)	(111, 46.1617)	(112, 45.9716)	(113, 45.8472)	(114, 46.0725)	(115, 46.0175)	(116, 45.7523)	(117, 46.2127)	(118, 45.9225)	(119, 45.8638)	(120, 46.328)	(121, 46.0404)	(122, 45.9136)	(123, 46.2061)	(124, 46.0758)	(125, 45.8702)
