Sample	0	1	2	3	4	5	6	7	8	9	10	11	12	13	14	15	16	17	18	19	20	21	22	23	24	25	26	27	28	29	30	31	32	33	34	35	36	37	38	39	40	41	42	43	44	45	46	47	48	49	50	51	52	53	54	55	56	57	58	59	60	61	62	63	64	65	66
GC_24hpi_1_R1	(1, 0.016714745177211898)	(2, 0.0)	(3, 0.0)	(4, 0.0)	(5, 0.024754136674770805)	(6, 0.0)	(7, 0.0)	(8, 0.0)	(9, 0.0)	(10, 0.0)	(12, 0.0)	(14, 0.0)	(16, 0.0)	(18, 0.0)	(20, 0.0)	(22, 0.0)	(24, 0.0)	(26, 0.0)	(28, 0.0)	(30, 0.0)	(32, 0.0)	(34, 0.0)	(36, 0.0)	(38, 0.0)	(40, 0.0)	(42, 0.0)	(44, 0.0)	(46, 0.0)	(48, 0.0)	(50, 0.0)	(52, 0.00048473161206984486)	(54, 0.0001489018196460299)	(56, 0.0)	(58, 0.0)	(60, 0.0)	(62, 0.0)	(64, 0.0)	(66, 0.0)	(68, 0.0)	(70, 0.0)	(72, 0.0)	(74, 24.959813601684626)	(76, 0.003481608110399158)	(78, 5.2022541020207114e-05)	(80, 1.0406041303589768e-05)	(82, 0.0)	(84, 5.204310654184972e-05)	(86, 2.775980619491305e-05)	(88, 0.0017837762014687073)	(90, 0.008104308243320557)	(92, 0.0002950508756224836)	(94, 0.0)	(96, 0.0)	(98, 0.0)	(100, 0.0)	(102, 0.0)	(104, 0.0)	(106, 0.0)	(108, 0.0)	(110, 0.0)	(112, 0.0)	(114, 0.0)	(116, 0.0)	(118, 0.0)	(120, 0.0)	(122, 0.0)	(124, 0.0)
GC_24hpi_1_R2	(1, 0.0)	(2, 0.0)	(3, 0.0)	(4, 0.0001382526482813226)	(5, 0.00035254425311737254)	(6, 0.0003801947827736371)	(7, 0.0)	(8, 4.838842689846291e-05)	(9, 0.0002834179289767113)	(10, 3.4563162070330642e-06)	(12, 0.0)	(14, 0.0)	(16, 0.0)	(18, 0.0)	(20, 0.0)	(22, 0.0)	(24, 0.0)	(26, 0.0)	(28, 0.0)	(30, 0.0)	(32, 0.0)	(34, 0.0)	(36, 0.0)	(38, 0.0)	(40, 0.0)	(42, 0.0)	(44, 0.0)	(46, 0.0)	(48, 0.0)	(50, 0.0)	(52, 0.0)	(54, 0.0)	(56, 0.0)	(58, 0.0)	(60, 0.0)	(62, 0.0)	(64, 0.0)	(66, 2.0793105172669584e-05)	(68, 0.0)	(70, 0.0)	(72, 0.0)	(74, 0.0)	(76, 0.0)	(78, 0.0)	(80, 0.0)	(82, 0.0)	(84, 0.0)	(86, 0.0)	(88, 0.0)	(90, 1.73539791077528e-05)	(92, 0.0)	(94, 0.0)	(96, 0.0006214878773928716)	(98, 0.0008437872086720491)	(100, 0.00022225470382112442)	(102, 0.0013301999425964892)	(104, 1.3893777279346236e-05)	(106, 0.001330460187767881)	(108, 0.0009519021558534114)	(110, 2.7795320678610247e-05)	(112, 6.60199101455124e-05)	(114, 0.000378777914411968)	(116, 0.0)	(118, 0.0)	(120, 0.0)	(122, 2.0883721838431625e-05)	(124, 0.000386631656647682)
GC_24hpi_2_R1	(1, 0.01629663984971344)	(2, 0.0)	(3, 0.0)	(4, 0.0)	(5, 0.024891803125288107)	(6, 0.0)	(7, 0.0)	(8, 0.0)	(9, 0.0)	(10, 0.0)	(12, 0.0)	(14, 0.0)	(16, 0.0)	(18, 0.0)	(20, 0.0)	(22, 0.0)	(24, 0.0)	(26, 0.0)	(28, 0.0)	(30, 0.0)	(32, 0.0)	(34, 0.0)	(36, 0.0)	(38, 0.0)	(40, 0.0)	(42, 0.0)	(44, 0.0)	(46, 0.0)	(48, 0.0)	(50, 0.0)	(52, 0.0005561108986482294)	(54, 0.00018429404668029984)	(56, 0.0)	(58, 0.0)	(60, 0.0)	(62, 0.0)	(64, 0.0)	(66, 0.0)	(68, 0.0)	(70, 0.0)	(72, 0.0)	(74, 24.98567309942004)	(76, 0.003486377392246389)	(78, 8.898262017827898e-05)	(80, 0.0)	(82, 0.0)	(84, 7.582812388627443e-05)	(86, 1.978353841443842e-05)	(88, 0.0017873125737307657)	(90, 0.008024043768470884)	(92, 0.0002341824436918209)	(94, 0.0)	(96, 0.0)	(98, 0.0)	(100, 0.0)	(102, 0.0)	(104, 0.0)	(106, 0.0)	(108, 0.0)	(110, 0.0)	(112, 0.0)	(114, 0.0)	(116, 0.0)	(118, 0.0)	(120, 0.0)	(122, 0.0)	(124, 0.0)
GC_24hpi_2_R2	(1, 0.0)	(2, 0.0)	(3, 0.0)	(4, 0.00019713677237556579)	(5, 0.000374559867513575)	(6, 0.00040084477049698373)	(7, 0.0)	(8, 3.942735447511316e-05)	(9, 0.0003154188358009053)	(10, 0.0)	(12, 0.0)	(14, 0.0)	(16, 0.0)	(18, 0.0)	(20, 0.0)	(22, 0.0)	(24, 0.0)	(26, 0.0)	(28, 0.0)	(30, 0.0)	(32, 0.0)	(34, 0.0)	(36, 0.0)	(38, 0.0)	(40, 0.0)	(42, 0.0)	(44, 0.0)	(46, 0.0)	(48, 0.0)	(50, 0.0)	(52, 0.0)	(54, 0.0)	(56, 0.0)	(58, 0.0)	(60, 0.0)	(62, 0.0)	(64, 0.0)	(66, 3.2932467266527168e-06)	(68, 0.0)	(70, 0.0)	(72, 0.0)	(74, 0.0)	(76, 0.0)	(78, 0.0)	(80, 0.0)	(82, 0.0)	(84, 0.0)	(86, 0.0)	(88, 0.0)	(90, 1.3192016059960352e-05)	(92, 0.0)	(94, 0.0)	(96, 0.0006235198002836388)	(98, 0.0007555567653262132)	(100, 0.0001451855083084882)	(102, 0.0012869989086249257)	(104, 0.0)	(106, 0.0012344229194973405)	(108, 0.0010133702486180122)	(110, 9.903476427233729e-06)	(112, 7.593312233169357e-05)	(114, 0.00036648919234927725)	(116, 0.0)	(118, 0.0)	(120, 0.0)	(122, 9.92264602835674e-06)	(124, 0.0004303452597122056)
GC_24hpi_3_R1	(1, 0.01634520345250541)	(2, 0.0)	(3, 0.0)	(4, 0.0)	(5, 0.02535544025873416)	(6, 0.0)	(7, 0.0)	(8, 0.0)	(9, 0.0)	(10, 0.0)	(12, 0.0)	(14, 0.0)	(16, 0.0)	(18, 0.0)	(20, 0.0)	(22, 0.0)	(24, 0.0)	(26, 0.0)	(28, 0.0)	(30, 0.0)	(32, 0.0)	(34, 0.0)	(36, 0.0)	(38, 0.0)	(40, 0.0)	(42, 0.0)	(44, 0.0)	(46, 0.0)	(48, 0.0)	(50, 0.0)	(52, 0.0005253156410048842)	(54, 0.00015118876703746215)	(56, 0.0)	(58, 0.0)	(60, 0.0)	(62, 0.0)	(64, 0.0)	(66, 0.0)	(68, 0.0)	(70, 0.0)	(72, 0.0)	(74, 24.96611832134293)	(76, 0.0035202243132354642)	(78, 5.2999468983177555e-05)	(80, 1.135877919476024e-05)	(82, 0.0)	(84, 7.574539624215728e-05)	(86, 4.1665658168349636e-05)	(88, 0.001727445864460506)	(90, 0.008229152340477768)	(92, 0.00025008739796718353)	(94, 0.0)	(96, 0.0)	(98, 0.0)	(100, 0.0)	(102, 0.0)	(104, 0.0)	(106, 0.0)	(108, 0.0)	(110, 0.0)	(112, 0.0)	(114, 0.0)	(116, 0.0)	(118, 0.0)	(120, 0.0)	(122, 0.0)	(124, 0.0)
GC_24hpi_3_R2	(1, 0.0)	(2, 0.0)	(3, 0.0)	(4, 0.00023393412143474967)	(5, 0.0004603219808877332)	(6, 0.0003244892652159431)	(7, 0.0)	(8, 3.018504792706447e-05)	(9, 0.0003018504792706447)	(10, 0.0)	(12, 0.0)	(14, 0.0)	(16, 0.0)	(18, 0.0)	(20, 0.0)	(22, 0.0)	(24, 0.0)	(26, 0.0)	(28, 0.0)	(30, 0.0)	(32, 0.0)	(34, 0.0)	(36, 0.0)	(38, 0.0)	(40, 0.0)	(42, 0.0)	(44, 0.0)	(46, 0.0)	(48, 0.0)	(50, 0.0)	(52, 0.0)	(54, 0.0)	(56, 0.0)	(58, 0.0)	(60, 0.0)	(62, 0.0)	(64, 0.0)	(66, 1.8913277139465182e-05)	(68, 0.0)	(70, 0.0)	(72, 0.0)	(74, 0.0)	(76, 0.0)	(78, 0.0)	(80, 0.0)	(82, 0.0)	(84, 0.0)	(86, 0.0)	(88, 0.0)	(90, 2.2732465028944112e-05)	(92, 0.0)	(94, 0.0)	(96, 0.0005988409320057056)	(98, 0.0008718326084424251)	(100, 0.00022366844299847642)	(102, 0.001410409107360417)	(104, 3.791792952330944e-06)	(106, 0.0012703820474918106)	(108, 0.0010315723722921935)	(110, 1.8964570843899128e-05)	(112, 6.069231496079599e-05)	(114, 0.00039832729848508167)	(116, 0.0)	(118, 0.0)	(120, 0.0)	(122, 3.800045410542656e-05)	(124, 0.00042973835019264066)
GC_48hpi_1_R1	(1, 0.016502229124310843)	(2, 0.0)	(3, 0.0)	(4, 0.0)	(5, 0.023426887000047397)	(6, 0.0)	(7, 0.0)	(8, 0.0)	(9, 0.0)	(10, 0.0)	(12, 0.0)	(14, 0.0)	(16, 0.0)	(18, 0.0)	(20, 0.0)	(22, 0.0)	(24, 0.0)	(26, 0.0)	(28, 0.0)	(30, 0.0)	(32, 0.0)	(34, 0.0)	(36, 0.0)	(38, 0.0)	(40, 0.0)	(42, 0.0)	(44, 0.0)	(46, 0.0)	(48, 0.0)	(50, 0.0)	(52, 0.0005702707852218734)	(54, 0.00023121819246935295)	(56, 0.0)	(58, 0.0)	(60, 0.0)	(62, 0.0)	(64, 0.0)	(66, 0.0)	(68, 0.0)	(70, 0.0)	(72, 0.0)	(74, 24.993328310403484)	(76, 0.0032937706308271493)	(78, 6.483379670974038e-05)	(80, 0.0)	(82, 0.0)	(84, 5.868174849373217e-05)	(86, 2.162212853113684e-05)	(88, 0.0017361370690719352)	(90, 0.008351097824877324)	(92, 0.0002502809094219484)	(94, 0.0)	(96, 0.0)	(98, 0.0)	(100, 0.0)	(102, 0.0)	(104, 0.0)	(106, 0.0)	(108, 0.0)	(110, 0.0)	(112, 0.0)	(114, 0.0)	(116, 0.0)	(118, 0.0)	(120, 0.0)	(122, 0.0)	(124, 0.0)
GC_48hpi_1_R2	(1, 0.0)	(2, 0.0)	(3, 0.0)	(4, 0.00011079452601178484)	(5, 0.00029545206936475957)	(6, 0.00033853882948045366)	(7, 0.0)	(8, 2.4621005780396632e-05)	(9, 0.0002523653092490655)	(10, 0.0)	(12, 0.0)	(14, 0.0)	(16, 0.0)	(18, 0.0)	(20, 0.0)	(22, 0.0)	(24, 0.0)	(26, 0.0)	(28, 0.0)	(30, 0.0)	(32, 0.0)	(34, 0.0)	(36, 0.0)	(38, 0.0)	(40, 0.0)	(42, 0.0)	(44, 0.0)	(46, 0.0)	(48, 0.0)	(50, 0.0)	(52, 0.0)	(54, 0.0)	(56, 0.0)	(58, 0.0)	(60, 0.0)	(62, 0.0)	(64, 0.0)	(66, 1.234050057266093e-05)	(68, 0.0)	(70, 0.0)	(72, 0.0)	(74, 0.0)	(76, 0.0)	(78, 0.0)	(80, 0.0)	(82, 0.0)	(84, 0.0)	(86, 0.0)	(88, 0.0)	(90, 9.26869902872067e-06)	(92, 0.0)	(94, 0.0)	(96, 0.0006521039593403601)	(98, 0.0008407108544085688)	(100, 0.00019165112077266312)	(102, 0.0013138685815471702)	(104, 6.183500318759442e-06)	(106, 0.0011564212485169051)	(108, 0.0008998657808441519)	(110, 4.02037563482891e-05)	(112, 6.80431128585957e-05)	(114, 0.0003959202643807055)	(116, 0.0)	(118, 0.0)	(120, 0.0)	(122, 1.85911565772305e-05)	(124, 0.00043724036333867933)
GC_48hpi_2_R1	(1, 0.016541486510114004)	(2, 0.0)	(3, 0.0)	(4, 0.0)	(5, 0.02437559527045109)	(6, 0.0)	(7, 0.0)	(8, 0.0)	(9, 0.0)	(10, 0.0)	(12, 0.0)	(14, 0.0)	(16, 0.0)	(18, 0.0)	(20, 0.0)	(22, 0.0)	(24, 0.0)	(26, 0.0)	(28, 0.0)	(30, 0.0)	(32, 0.0)	(34, 0.0)	(36, 0.0)	(38, 0.0)	(40, 0.0)	(42, 0.0)	(44, 0.0)	(46, 0.0)	(48, 0.0)	(50, 0.0)	(52, 0.000513580446052226)	(54, 0.0001743892792319871)	(56, 0.0)	(58, 0.0)	(60, 0.0)	(62, 0.0)	(64, 0.0)	(66, 0.0)	(68, 0.0)	(70, 0.0)	(72, 0.0)	(74, 24.983998656957272)	(76, 0.003575923201110556)	(78, 5.717269766102365e-05)	(80, 1.27072036629277e-05)	(82, 0.0)	(84, 6.991051231980526e-05)	(86, 9.534619966733711e-06)	(88, 0.001834057409874832)	(90, 0.008065229362470483)	(92, 0.0002416356239076321)	(94, 0.0)	(96, 0.0)	(98, 0.0)	(100, 0.0)	(102, 0.0)	(104, 0.0)	(106, 0.0)	(108, 0.0)	(110, 0.0)	(112, 0.0)	(114, 0.0)	(116, 0.0)	(118, 0.0)	(120, 0.0)	(122, 0.0)	(124, 0.0)
GC_48hpi_2_R2	(1, 0.0)	(2, 0.0)	(3, 0.0)	(4, 0.0002024971569715563)	(5, 0.0003923382416323903)	(6, 0.000423978422409196)	(7, 0.0)	(8, 2.5312144621444538e-05)	(9, 0.00028476162699125104)	(10, 3.164018077680567e-06)	(12, 0.0)	(14, 0.0)	(16, 0.0)	(18, 0.0)	(20, 0.0)	(22, 0.0)	(24, 0.0)	(26, 0.0)	(28, 0.0)	(30, 0.0)	(32, 0.0)	(34, 0.0)	(36, 0.0)	(38, 0.0)	(40, 0.0)	(42, 0.0)	(44, 0.0)	(46, 0.0)	(48, 0.0)	(50, 0.0)	(52, 0.0)	(54, 0.0)	(56, 0.0)	(58, 0.0)	(60, 0.0)	(62, 0.0)	(64, 0.0)	(66, 6.346965366704493e-06)	(68, 0.0)	(70, 0.0)	(72, 0.0)	(74, 0.0)	(76, 0.0)	(78, 0.0)	(80, 0.0)	(82, 0.0)	(84, 0.0)	(86, 0.0)	(88, 0.0)	(90, 1.5895209622527557e-05)	(92, 0.0)	(94, 0.0)	(96, 0.0006233161916080333)	(98, 0.0007983149003695054)	(100, 0.00020993596380551306)	(102, 0.0012883845137453926)	(104, 9.544502307812935e-06)	(106, 0.0013077195096287291)	(108, 0.0010214487044689238)	(110, 3.500597615660223e-05)	(112, 7.63829369430212e-05)	(114, 0.00039149385077743995)	(116, 0.0)	(118, 0.0)	(120, 0.0)	(122, 3.187512295828681e-05)	(124, 0.000379558449130556)
GC_48hpi_3_R1	(1, 0.0020105146259455815)	(2, 0.001023534718663205)	(3, 0.010790980319620648)	(4, 0.0)	(5, 0.0)	(6, 0.0)	(7, 0.0)	(8, 0.0)	(9, 0.0)	(10, 0.0)	(12, 0.0)	(14, 0.0)	(16, 0.0)	(18, 0.0)	(20, 0.0)	(22, 0.0)	(24, 0.0)	(26, 0.0)	(28, 0.0)	(30, 0.0)	(32, 0.0)	(34, 0.0)	(36, 0.0)	(38, 0.0)	(40, 4.0240113488826255e-05)	(42, 0.0002524515792382943)	(44, 0.00020857110897148866)	(46, 0.00014272177151825296)	(48, 0.0)	(50, 0.0)	(52, 0.0)	(54, 0.0)	(56, 0.0)	(58, 0.0)	(60, 0.0)	(62, 0.0)	(64, 0.0)	(66, 0.0)	(68, 0.0)	(70, 0.0)	(72, 0.0)	(74, 49.99879235211069)	(76, 0.02496554454284206)	(78, 0.0)	(80, 0.010599429060708735)	(82, 0.0)	(84, 7.334336768394406e-06)	(86, 0.0002457267386633786)	(88, 0.0006418890405662503)	(90, 0.006023391669135756)	(92, 0.13573696986172615)	(94, 0.0)	(96, 0.0)	(98, 0.0)	(100, 0.00020919058657040474)	(102, 0.0)	(104, 0.0)	(106, 0.0)	(108, 0.0)	(110, 0.0)	(112, 0.0)	(114, 0.0)	(116, 0.0)	(118, 0.0)	(120, 0.0)	(122, 0.0)	(124, 0.0)
GC_48hpi_3_R2	(1, 0.0)	(2, 0.0)	(3, 0.0)	(4, 0.0)	(5, 0.0)	(6, 0.00486910087592639)	(7, 0.0042184252333476386)	(8, 0.0)	(9, 0.0014841253420616474)	(10, 0.00027050560421813276)	(12, 0.0)	(14, 0.0)	(16, 0.0)	(18, 0.0)	(20, 0.0)	(22, 0.0)	(24, 0.0)	(26, 0.0)	(28, 0.0)	(30, 0.0)	(32, 0.0)	(34, 0.0)	(36, 0.0)	(38, 0.0)	(40, 0.0)	(42, 0.0)	(44, 0.0)	(46, 0.0)	(48, 0.0)	(50, 0.0)	(52, 0.0)	(54, 0.0)	(56, 0.0)	(58, 0.0)	(60, 0.0)	(62, 0.0)	(64, 0.0)	(66, 0.0)	(68, 0.0)	(70, 0.0)	(72, 0.0)	(74, 0.0)	(76, 0.0)	(78, 0.0)	(80, 0.0)	(82, 0.0)	(84, 0.0)	(86, 0.0)	(88, 0.0)	(90, 0.0)	(92, 0.0)	(94, 0.0)	(96, 0.0)	(98, 0.0)	(100, 0.0)	(102, 0.0)	(104, 0.0)	(106, 0.0)	(108, 0.0)	(110, 0.0)	(112, 0.0)	(114, 0.0)	(116, 0.0)	(118, 0.0)	(120, 0.0)	(122, 0.0)	(124, 0.0)
GC_6hpi_1_R1	(1, 0.020237094697083124)	(2, 0.0)	(3, 0.0)	(4, 0.0)	(5, 0.07047106963076162)	(6, 0.0)	(7, 0.0)	(8, 0.0)	(9, 0.0)	(10, 0.0)	(12, 0.0)	(14, 0.0)	(16, 0.0)	(18, 0.0)	(20, 0.0)	(22, 0.0)	(24, 0.0)	(26, 0.0)	(28, 0.0)	(30, 0.0)	(32, 0.0)	(34, 0.0)	(36, 0.0)	(38, 0.0)	(40, 0.0)	(42, 0.0)	(44, 0.0)	(46, 0.0)	(48, 0.0)	(50, 0.0)	(52, 0.0)	(54, 0.0)	(56, 0.0)	(58, 0.0)	(60, 0.0)	(62, 0.0)	(64, 0.0)	(66, 0.0)	(68, 0.0)	(70, 0.0)	(72, 0.0)	(74, 24.97776819253837)	(76, 0.0036767727769101604)	(78, 0.0)	(80, 0.00020553386724670282)	(82, 0.0)	(84, 0.0)	(86, 4.4057413124196706e-05)	(88, 0.0014724057935679733)	(90, 0.0076235589417148805)	(92, 0.0029564437969567285)	(94, 0.0044442795694264415)	(96, 0.0)	(98, 0.0)	(100, 0.0)	(102, 0.0)	(104, 0.0)	(106, 0.0)	(108, 0.0004520762926891876)	(110, 1.8378771783439257e-05)	(112, 0.0)	(114, 0.00010293921986850471)	(116, 0.0)	(118, 0.0)	(120, 0.00023550342997866668)	(122, 0.0)	(124, 0.00014002287457896872)
GC_6hpi_1_R2	(1, 0.0)	(2, 0.0)	(3, 0.00016107673058459796)	(4, 0.0)	(5, 0.0)	(6, 0.0)	(7, 0.0)	(8, 7.321669572027181e-06)	(9, 0.00013911172186851644)	(10, 0.0)	(12, 0.0)	(14, 0.0)	(16, 0.0)	(18, 0.0)	(20, 0.0)	(22, 0.0)	(24, 0.0)	(26, 0.0)	(28, 0.0)	(30, 0.0)	(32, 0.0)	(34, 0.0)	(36, 0.0)	(38, 0.0)	(40, 0.0)	(42, 0.0)	(44, 0.0)	(46, 0.0)	(48, 0.0)	(50, 0.0)	(52, 0.0)	(54, 0.0)	(56, 0.0)	(58, 0.0)	(60, 0.0)	(62, 0.0)	(64, 0.0)	(66, 0.0)	(68, 0.0)	(70, 0.0)	(72, 0.0)	(74, 0.0)	(76, 0.0)	(78, 0.0)	(80, 0.0)	(82, 0.0)	(84, 0.0)	(86, 0.0)	(88, 0.0)	(90, 0.0001211837404029822)	(92, 0.0)	(94, 0.0)	(96, 0.0)	(98, 0.0)	(100, 0.0007641990105018946)	(102, 0.0)	(104, 0.0)	(106, 0.0)	(108, 0.0)	(110, 0.0)	(112, 0.0015623383094727514)	(114, 0.000981598989460384)	(116, 0.0033899363232449144)	(118, 0.0009855752964816433)	(120, 0.0009199352733541669)	(122, 0.0)	(124, 0.0)
GC_6hpi_2_R1	(1, 0.02104006966847708)	(2, 0.0)	(3, 0.0)	(4, 0.0)	(5, 0.07102967553339094)	(6, 0.0)	(7, 0.0)	(8, 0.0)	(9, 0.0)	(10, 0.0)	(12, 0.0)	(14, 0.0)	(16, 0.0)	(18, 0.0)	(20, 0.0)	(22, 0.0)	(24, 0.0)	(26, 0.0)	(28, 0.0)	(30, 0.0)	(32, 0.0)	(34, 0.0)	(36, 0.0)	(38, 0.0)	(40, 0.0)	(42, 0.0)	(44, 0.0)	(46, 0.0)	(48, 0.0)	(50, 0.0)	(52, 0.0)	(54, 0.0)	(56, 0.0)	(58, 0.0)	(60, 0.0)	(62, 0.0)	(64, 0.0)	(66, 0.0)	(68, 0.0)	(70, 0.0)	(72, 0.0)	(74, 24.965489212287164)	(76, 0.0034849119087382104)	(78, 0.0)	(80, 0.00016704445316457735)	(82, 0.0)	(84, 0.0)	(86, 3.713201247338563e-05)	(88, 0.001366586035614866)	(90, 0.007903217084734966)	(92, 0.0031794225396098107)	(94, 0.004557864485587973)	(96, 0.0)	(98, 0.0)	(100, 0.0)	(102, 0.0)	(104, 0.0)	(106, 0.0)	(108, 0.000423733538509573)	(110, 3.7172579275171872e-06)	(112, 0.0)	(114, 9.666379414091743e-05)	(116, 0.0)	(118, 0.0)	(120, 0.000267933834930281)	(122, 0.0)	(124, 0.0001155271940020964)
GC_6hpi_2_R2	(1, 0.0)	(2, 0.0)	(3, 7.405867535542794e-05)	(4, 0.0)	(5, 0.0)	(6, 0.0)	(7, 0.0)	(8, 0.0)	(9, 7.405867535542794e-05)	(10, 0.0)	(12, 0.0)	(14, 0.0)	(16, 0.0)	(18, 0.0)	(20, 0.0)	(22, 0.0)	(24, 0.0)	(26, 0.0)	(28, 0.0)	(30, 0.0)	(32, 0.0)	(34, 0.0)	(36, 0.0)	(38, 0.0)	(40, 0.0)	(42, 0.0)	(44, 0.0)	(46, 0.0)	(48, 0.0)	(50, 0.0)	(52, 0.0)	(54, 0.0)	(56, 0.0)	(58, 0.0)	(60, 0.0)	(62, 0.0)	(64, 0.0)	(66, 0.0)	(68, 0.0)	(70, 0.0)	(72, 0.0)	(74, 0.0)	(76, 0.0)	(78, 0.0)	(80, 0.0)	(82, 0.0)	(84, 0.0)	(86, 0.0)	(88, 0.0)	(90, 0.00013370104090717049)	(92, 0.0)	(94, 0.0)	(96, 0.0)	(98, 0.0)	(100, 0.0007394212048612151)	(102, 0.0)	(104, 0.0)	(106, 0.0)	(108, 0.0)	(110, 0.0)	(112, 0.0016729010732924353)	(114, 0.0010038163237710658)	(116, 0.003483898218118055)	(118, 0.0010189905626598122)	(120, 0.0008856701765750957)	(122, 0.0)	(124, 0.0)
GC_6hpi_3_R1	(1, 0.020678812487421965)	(2, 0.0)	(3, 0.0)	(4, 0.0)	(5, 0.07174694190798248)	(6, 0.0)	(7, 0.0)	(8, 0.0)	(9, 0.0)	(10, 0.0)	(12, 0.0)	(14, 0.0)	(16, 0.0)	(18, 0.0)	(20, 0.0)	(22, 0.0)	(24, 0.0)	(26, 0.0)	(28, 0.0)	(30, 0.0)	(32, 0.0)	(34, 0.0)	(36, 0.0)	(38, 0.0)	(40, 0.0)	(42, 0.0)	(44, 0.0)	(46, 0.0)	(48, 0.0)	(50, 0.0)	(52, 0.0)	(54, 0.0)	(56, 0.0)	(58, 0.0)	(60, 0.0)	(62, 0.0)	(64, 0.0)	(66, 0.0)	(68, 0.0)	(70, 0.0)	(72, 0.0)	(74, 24.97545806761349)	(76, 0.003619998439610781)	(78, 0.0)	(80, 0.00025163136371225415)	(82, 0.0)	(84, 0.0)	(86, 4.903545462780439e-05)	(88, 0.0014679525844122593)	(90, 0.007350414086950887)	(92, 0.003162178694685336)	(94, 0.004529531762188659)	(96, 0.0)	(98, 0.0)	(100, 0.0)	(102, 0.0)	(104, 0.0)	(106, 0.0)	(108, 0.00038290745624235047)	(110, 3.273011727201019e-06)	(112, 0.0)	(114, 9.820817868545996e-05)	(116, 0.0)	(118, 0.0)	(120, 0.0001933397535239283)	(122, 0.0)	(124, 0.0001411285710492591)
GC_6hpi_3_R2	(1, 0.0)	(2, 0.0)	(3, 0.0001042738732425942)	(4, 0.0)	(5, 0.0)	(6, 0.0)	(7, 0.0)	(8, 0.0)	(9, 7.168828785428351e-05)	(10, 0.0)	(12, 0.0)	(14, 0.0)	(16, 0.0)	(18, 0.0)	(20, 0.0)	(22, 0.0)	(24, 0.0)	(26, 0.0)	(28, 0.0)	(30, 0.0)	(32, 0.0)	(34, 0.0)	(36, 0.0)	(38, 0.0)	(40, 0.0)	(42, 0.0)	(44, 0.0)	(46, 0.0)	(48, 0.0)	(50, 0.0)	(52, 0.0)	(54, 0.0)	(56, 0.0)	(58, 0.0)	(60, 0.0)	(62, 0.0)	(64, 0.0)	(66, 0.0)	(68, 0.0)	(70, 0.0)	(72, 0.0)	(74, 0.0)	(76, 0.0)	(78, 0.0)	(80, 0.0)	(82, 0.0)	(84, 0.0)	(86, 0.0)	(88, 0.0)	(90, 9.809271468350828e-05)	(92, 0.0)	(94, 0.0)	(96, 0.0)	(98, 0.0)	(100, 0.0006673728823955834)	(102, 0.0)	(104, 0.0)	(106, 0.0)	(108, 0.0)	(110, 0.0)	(112, 0.0014500765643699297)	(114, 0.0009198832736871417)	(116, 0.0032902743908777223)	(118, 0.000933286762869648)	(120, 0.0008913290331950593)	(122, 0.0)	(124, 0.0)
GI_24hpi_1_R1	(1, 0.017190211009177957)	(2, 0.0)	(3, 0.0)	(4, 0.0)	(5, 0.02507678316323456)	(6, 0.0)	(7, 0.0)	(8, 0.0)	(9, 0.0)	(10, 0.0)	(12, 0.0)	(14, 0.0)	(16, 0.0)	(18, 0.0)	(20, 0.0)	(22, 0.0)	(24, 0.0)	(26, 0.0)	(28, 0.0)	(30, 0.0)	(32, 0.0)	(34, 0.0)	(36, 0.0)	(38, 0.0)	(40, 0.0)	(42, 0.0)	(44, 0.0)	(46, 0.0)	(48, 0.0)	(50, 0.0)	(52, 0.0005338851782763646)	(54, 0.0001989884026574105)	(56, 0.0)	(58, 0.0)	(60, 0.0)	(62, 0.0)	(64, 0.0)	(66, 0.0)	(68, 0.0)	(70, 0.0)	(72, 0.0)	(74, 24.985631400061965)	(76, 0.0034636471633443717)	(78, 5.3139485803072304e-05)	(80, 9.964904602480525e-06)	(82, 0.0)	(84, 6.644705913622146e-05)	(86, 2.658165145686722e-05)	(88, 0.0020237275239969555)	(90, 0.008142266735939077)	(92, 0.00029580695305876024)	(94, 0.0)	(96, 0.0)	(98, 0.0)	(100, 0.0)	(102, 0.0)	(104, 0.0)	(106, 0.0)	(108, 0.0)	(110, 0.0)	(112, 0.0)	(114, 0.0)	(116, 0.0)	(118, 0.0)	(120, 0.0)	(122, 0.0)	(124, 0.0)
GI_24hpi_1_R2	(1, 0.0)	(2, 0.0)	(3, 0.0)	(4, 0.00021189782445827992)	(5, 0.0003641993857876686)	(6, 0.0003377121577303836)	(7, 0.0)	(8, 1.3243614028642495e-05)	(9, 0.00029135950863013485)	(10, 0.0)	(12, 0.0)	(14, 0.0)	(16, 0.0)	(18, 0.0)	(20, 0.0)	(22, 0.0)	(24, 0.0)	(26, 0.0)	(28, 0.0)	(30, 0.0)	(32, 0.0)	(34, 0.0)	(36, 0.0)	(38, 0.0)	(40, 0.0)	(42, 0.0)	(44, 0.0)	(46, 0.0)	(48, 0.0)	(50, 0.0)	(52, 0.0)	(54, 0.0)	(56, 0.0)	(58, 0.0)	(60, 0.0)	(62, 0.0)	(64, 0.0)	(66, 0.0)	(68, 0.0)	(70, 0.0)	(72, 0.0)	(74, 0.0)	(76, 0.0)	(78, 0.0)	(80, 0.0)	(82, 0.0)	(84, 0.0)	(86, 0.0)	(88, 0.0)	(90, 2.658699342347454e-05)	(92, 0.0)	(94, 0.0)	(96, 0.0005883947805859242)	(98, 0.0008078656996082051)	(100, 0.0001695659394559826)	(102, 0.0014198214522984547)	(104, 1.3301499298445674e-05)	(106, 0.0012304829196499642)	(108, 0.0009445487679342456)	(110, 3.658725524872449e-05)	(112, 6.32007171618221e-05)	(114, 0.00038920923063248295)	(116, 0.0)	(118, 0.0)	(120, 0.0)	(122, 2.9990535986527184e-05)	(124, 0.00040353772519114263)
GI_24hpi_2_R1	(1, 0.016678668660524514)	(2, 0.0)	(3, 0.0)	(4, 0.0)	(5, 0.02446879881490308)	(6, 0.0)	(7, 0.0)	(8, 0.0)	(9, 0.0)	(10, 0.0)	(12, 0.0)	(14, 0.0)	(16, 0.0)	(18, 0.0)	(20, 0.0)	(22, 0.0)	(24, 0.0)	(26, 0.0)	(28, 0.0)	(30, 0.0)	(32, 0.0)	(34, 0.0)	(36, 0.0)	(38, 0.0)	(40, 0.0)	(42, 0.0)	(44, 0.0)	(46, 0.0)	(48, 0.0)	(50, 0.0)	(52, 0.000592996176774189)	(54, 0.00019898984172465043)	(56, 0.0)	(58, 0.0)	(60, 0.0)	(62, 0.0)	(64, 0.0)	(66, 0.0)	(68, 0.0)	(70, 0.0)	(72, 0.0)	(74, 24.97330779256978)	(76, 0.003688142543583765)	(78, 5.079604831751375e-05)	(80, 1.1723736251574497e-05)	(82, 0.0)	(84, 7.817626652978523e-05)	(86, 1.9546235701879718e-05)	(88, 0.0018492662674440934)	(90, 0.008332387093222324)	(92, 0.0003167489203652154)	(94, 0.0)	(96, 0.0)	(98, 0.0)	(100, 0.0)	(102, 0.0)	(104, 0.0)	(106, 0.0)	(108, 0.0)	(110, 0.0)	(112, 0.0)	(114, 0.0)	(116, 0.0)	(118, 0.0)	(120, 0.0)	(122, 0.0)	(124, 0.0)
GI_24hpi_2_R2	(1, 0.0)	(2, 0.0)	(3, 0.0)	(4, 0.00014801247293319276)	(5, 0.00028044468555762843)	(6, 0.00041287689818206405)	(7, 0.0)	(8, 1.5580260308757134e-05)	(9, 0.00014022234277881422)	(10, 0.0)	(12, 0.0)	(14, 0.0)	(16, 0.0)	(18, 0.0)	(20, 0.0)	(22, 0.0)	(24, 0.0)	(26, 0.0)	(28, 0.0)	(30, 0.0)	(32, 0.0)	(34, 0.0)	(36, 0.0)	(38, 0.0)	(40, 0.0)	(42, 0.0)	(44, 0.0)	(46, 0.0)	(48, 0.0)	(50, 0.0)	(52, 0.0)	(54, 0.0)	(56, 0.0)	(58, 0.0)	(60, 0.0)	(62, 0.0)	(64, 0.0)	(66, 0.0)	(68, 0.0)	(70, 0.0)	(72, 0.0)	(74, 0.0)	(76, 0.0)	(78, 0.0)	(80, 0.0)	(82, 0.0)	(84, 0.0)	(86, 0.0)	(88, 0.0)	(90, 1.9550415516711226e-05)	(92, 0.0)	(94, 0.0)	(96, 0.0006140718194932366)	(98, 0.0007432184833899275)	(100, 0.00019951395271488025)	(102, 0.0013263121472117281)	(104, 1.1738324113988361e-05)	(106, 0.0012287210653309033)	(108, 0.0009548859813306484)	(110, 1.9569033523006845e-05)	(112, 8.219710835269793e-05)	(114, 0.0003679583007732644)	(116, 0.0)	(118, 0.0)	(120, 0.0)	(122, 3.1366761544585596e-05)	(124, 0.0003884556170034793)
GI_24hpi_3_R1	(1, 0.01551721391678286)	(2, 0.0)	(3, 0.0)	(4, 0.0)	(5, 0.02360980064490637)	(6, 0.0)	(7, 0.0)	(8, 0.0)	(9, 0.0)	(10, 0.0)	(12, 0.0)	(14, 0.0)	(16, 0.0)	(18, 0.0)	(20, 0.0)	(22, 0.0)	(24, 0.0)	(26, 0.0)	(28, 0.0)	(30, 0.0)	(32, 0.0)	(34, 0.0)	(36, 0.0)	(38, 0.0)	(40, 0.0)	(42, 0.0)	(44, 0.0)	(46, 0.0)	(48, 0.0)	(50, 0.0)	(52, 0.0005788673290109524)	(54, 0.00012436315877791841)	(56, 0.0)	(58, 0.0)	(60, 0.0)	(62, 0.0)	(64, 0.0)	(66, 0.0)	(68, 0.0)	(70, 0.0)	(72, 0.0)	(74, 25.05867806382782)	(76, 0.0033233299955478545)	(78, 6.011855120646982e-05)	(80, 1.2884156147039487e-05)	(82, 0.0)	(84, 7.73223643254543e-05)	(86, 1.7184636677041173e-05)	(88, 0.0018475363189119232)	(90, 0.00823749138866315)	(92, 0.0002492558423850449)	(94, 0.0)	(96, 0.0)	(98, 0.0)	(100, 0.0)	(102, 0.0)	(104, 0.0)	(106, 0.0)	(108, 0.0)	(110, 0.0)	(112, 0.0)	(114, 0.0)	(116, 0.0)	(118, 0.0)	(120, 0.0)	(122, 0.0)	(124, 0.0)
GI_24hpi_3_R2	(1, 0.0)	(2, 0.0)	(3, 0.0)	(4, 0.0001712716767856828)	(5, 0.00028259826669637663)	(6, 0.0002654710990178083)	(7, 0.0)	(8, 3.425433535713656e-05)	(9, 0.0002140895959821035)	(10, 4.28179191964207e-06)	(12, 0.0)	(14, 0.0)	(16, 0.0)	(18, 0.0)	(20, 0.0)	(22, 0.0)	(24, 0.0)	(26, 0.0)	(28, 0.0)	(30, 0.0)	(32, 0.0)	(34, 0.0)	(36, 0.0)	(38, 0.0)	(40, 0.0)	(42, 0.0)	(44, 0.0)	(46, 0.0)	(48, 0.0)	(50, 0.0)	(52, 0.0)	(54, 0.0)	(56, 0.0)	(58, 0.0)	(60, 0.0)	(62, 0.0)	(64, 0.0)	(66, 1.7165161553780125e-05)	(68, 0.0)	(70, 0.0)	(72, 0.0)	(74, 0.0)	(76, 0.0)	(78, 0.0)	(80, 0.0)	(82, 0.0)	(84, 0.0)	(86, 0.0)	(88, 0.0)	(90, 8.594148553639175e-06)	(92, 0.0)	(94, 0.0)	(96, 0.0006103680644081014)	(98, 0.0007350941920035937)	(100, 0.00019776292301166792)	(102, 0.001332880211389642)	(104, 1.289999054430693e-05)	(106, 0.0012686107890488186)	(108, 0.0009633686800756692)	(110, 3.870989053187045e-05)	(112, 6.022032466067461e-05)	(114, 0.0004344803614876607)	(116, 0.0)	(118, 0.0)	(120, 0.0)	(122, 2.1541187526032523e-05)	(124, 0.0003578269008487094)
GI_48hpi_1_R1	(1, 0.00211337754216257)	(2, 0.0011427383452735722)	(3, 0.010360368732751363)	(4, 0.0)	(5, 0.0)	(6, 0.0)	(7, 0.0)	(8, 0.0)	(9, 0.0)	(10, 0.0)	(12, 0.0)	(14, 0.0)	(16, 0.0)	(18, 0.0)	(20, 0.0)	(22, 0.0)	(24, 0.0)	(26, 0.0)	(28, 0.0)	(30, 0.0)	(32, 0.0)	(34, 0.0)	(36, 0.0)	(38, 0.0)	(40, 1.37777901471716e-05)	(42, 0.00021013978188248525)	(44, 0.00018604569757782626)	(46, 0.00012748905583982744)	(48, 0.0)	(50, 0.0)	(52, 0.0)	(54, 0.0)	(56, 0.0)	(58, 0.0)	(60, 0.0)	(62, 0.0)	(64, 0.0)	(66, 0.0)	(68, 0.0)	(70, 0.0)	(72, 0.0)	(74, 49.998654174646724)	(76, 0.02486275527852964)	(78, 0.0)	(80, 0.011250452011678515)	(82, 0.0)	(84, 0.0)	(86, 0.00022101411150928567)	(88, 0.0006838353075911936)	(90, 0.006203587082611884)	(92, 0.1378196337015571)	(94, 0.0)	(96, 0.0)	(98, 0.0)	(100, 0.0002453666567517802)	(102, 0.0)	(104, 0.0)	(106, 0.0)	(108, 0.0)	(110, 0.0)	(112, 0.0)	(114, 0.0)	(116, 0.0)	(118, 0.0)	(120, 0.0)	(122, 0.0)	(124, 0.0)
GI_48hpi_1_R2	(1, 0.0)	(2, 0.0)	(3, 0.0)	(4, 0.0)	(5, 0.0)	(6, 0.0052937698043095)	(7, 0.004997759269088033)	(8, 0.0)	(9, 0.0019275104619072305)	(10, 0.00031666243302761637)	(12, 0.0)	(14, 0.0)	(16, 0.0)	(18, 0.0)	(20, 0.0)	(22, 0.0)	(24, 0.0)	(26, 0.0)	(28, 0.0)	(30, 0.0)	(32, 0.0)	(34, 0.0)	(36, 0.0)	(38, 0.0)	(40, 0.0)	(42, 0.0)	(44, 0.0)	(46, 0.0)	(48, 0.0)	(50, 0.0)	(52, 0.0)	(54, 0.0)	(56, 0.0)	(58, 0.0)	(60, 0.0)	(62, 0.0)	(64, 0.0)	(66, 0.0)	(68, 0.0)	(70, 0.0)	(72, 0.0)	(74, 0.0)	(76, 0.0)	(78, 0.0)	(80, 0.0)	(82, 0.0)	(84, 0.0)	(86, 0.0)	(88, 0.0)	(90, 0.0)	(92, 0.0)	(94, 0.0)	(96, 0.0)	(98, 0.0)	(100, 0.0)	(102, 0.0)	(104, 0.0)	(106, 0.0)	(108, 0.0)	(110, 0.0)	(112, 0.0)	(114, 0.0)	(116, 0.0)	(118, 0.0)	(120, 0.0)	(122, 0.0)	(124, 0.0)
GI_48hpi_2_R1	(1, 0.0016822820228783043)	(2, 0.0010459405620504238)	(3, 0.010101006406934513)	(4, 0.0)	(5, 0.0)	(6, 0.0)	(7, 0.0)	(8, 0.0)	(9, 0.0)	(10, 0.0)	(12, 0.0)	(14, 0.0)	(16, 0.0)	(18, 0.0)	(20, 0.0)	(22, 0.0)	(24, 0.0)	(26, 0.0)	(28, 0.0)	(30, 0.0)	(32, 0.0)	(34, 0.0)	(36, 0.0)	(38, 0.0)	(40, 4.7576079274337433e-05)	(42, 0.0002525513173296322)	(44, 0.00018668705338096658)	(46, 0.0001500955559561358)	(48, 0.0)	(50, 0.0)	(52, 0.0)	(54, 0.0)	(56, 0.0)	(58, 0.0)	(60, 0.0)	(62, 0.0)	(64, 0.0)	(66, 0.0)	(68, 0.0)	(70, 0.0)	(72, 0.0)	(74, 49.9987480290623)	(76, 0.024767032238573065)	(78, 0.0)	(80, 0.011024085867286948)	(82, 0.0)	(84, 7.3363273618929955e-06)	(86, 0.0002237826927712724)	(88, 0.000726451310298027)	(90, 0.005992005717687072)	(92, 0.13700380523720476)	(94, 0.0)	(96, 0.0)	(98, 0.0)	(100, 0.00019456861348350214)	(102, 0.0)	(104, 0.0)	(106, 0.0)	(108, 0.0)	(110, 0.0)	(112, 0.0)	(114, 0.0)	(116, 0.0)	(118, 0.0)	(120, 0.0)	(122, 0.0)	(124, 0.0)
GI_48hpi_2_R2	(1, 0.0)	(2, 0.0)	(3, 0.0)	(4, 0.0)	(5, 0.0)	(6, 0.005171188652934613)	(7, 0.00450559011344798)	(8, 0.0)	(9, 0.0015506251689139151)	(10, 0.00026331370792877804)	(12, 0.0)	(14, 0.0)	(16, 0.0)	(18, 0.0)	(20, 0.0)	(22, 0.0)	(24, 0.0)	(26, 0.0)	(28, 0.0)	(30, 0.0)	(32, 0.0)	(34, 0.0)	(36, 0.0)	(38, 0.0)	(40, 0.0)	(42, 0.0)	(44, 0.0)	(46, 0.0)	(48, 0.0)	(50, 0.0)	(52, 0.0)	(54, 0.0)	(56, 0.0)	(58, 0.0)	(60, 0.0)	(62, 0.0)	(64, 0.0)	(66, 0.0)	(68, 0.0)	(70, 0.0)	(72, 0.0)	(74, 0.0)	(76, 0.0)	(78, 0.0)	(80, 0.0)	(82, 0.0)	(84, 0.0)	(86, 0.0)	(88, 0.0)	(90, 0.0)	(92, 0.0)	(94, 0.0)	(96, 0.0)	(98, 0.0)	(100, 0.0)	(102, 0.0)	(104, 0.0)	(106, 0.0)	(108, 0.0)	(110, 0.0)	(112, 0.0)	(114, 0.0)	(116, 0.0)	(118, 0.0)	(120, 0.0)	(122, 0.0)	(124, 0.0)
GI_48hpi_3_R1	(1, 0.0019016490698194621)	(2, 0.0010826907112840732)	(3, 0.010910191013708739)	(4, 0.0)	(5, 0.0)	(6, 0.0)	(7, 0.0)	(8, 0.0)	(9, 0.0)	(10, 0.0)	(12, 0.0)	(14, 0.0)	(16, 0.0)	(18, 0.0)	(20, 0.0)	(22, 0.0)	(24, 0.0)	(26, 0.0)	(28, 0.0)	(30, 0.0)	(32, 0.0)	(34, 0.0)	(36, 0.0)	(38, 0.0)	(40, 5.2096422559501405e-05)	(42, 0.00028831103021728855)	(44, 0.00020844439511260424)	(46, 0.00014940233506816083)	(48, 0.0)	(50, 0.0)	(52, 0.0)	(54, 0.0)	(56, 0.0)	(58, 0.0)	(60, 0.0)	(62, 0.0)	(64, 0.0)	(66, 0.0)	(68, 0.0)	(70, 0.0)	(72, 0.0)	(74, 49.99846001944238)	(76, 0.024795661163043898)	(78, 0.0)	(80, 0.01102938949335065)	(82, 0.0)	(84, 3.4823319881897406e-06)	(86, 0.0002821032447724179)	(88, 0.0007697788850209145)	(90, 0.006089302760202909)	(92, 0.13884923963196416)	(94, 0.0)	(96, 0.0)	(98, 0.0)	(100, 0.0001568449488345636)	(102, 0.0)	(104, 0.0)	(106, 0.0)	(108, 0.0)	(110, 0.0)	(112, 0.0)	(114, 0.0)	(116, 0.0)	(118, 0.0)	(120, 0.0)	(122, 0.0)	(124, 0.0)
GI_48hpi_3_R2	(1, 0.0)	(2, 0.0)	(3, 0.0)	(4, 0.0)	(5, 0.0)	(6, 0.00507337762787601)	(7, 0.004643077473391314)	(8, 0.0)	(9, 0.0016309763919984436)	(10, 0.0002741428403571852)	(12, 0.0)	(14, 0.0)	(16, 0.0)	(18, 0.0)	(20, 0.0)	(22, 0.0)	(24, 0.0)	(26, 0.0)	(28, 0.0)	(30, 0.0)	(32, 0.0)	(34, 0.0)	(36, 0.0)	(38, 0.0)	(40, 0.0)	(42, 0.0)	(44, 0.0)	(46, 0.0)	(48, 0.0)	(50, 0.0)	(52, 0.0)	(54, 0.0)	(56, 0.0)	(58, 0.0)	(60, 0.0)	(62, 0.0)	(64, 0.0)	(66, 0.0)	(68, 0.0)	(70, 0.0)	(72, 0.0)	(74, 0.0)	(76, 0.0)	(78, 0.0)	(80, 0.0)	(82, 0.0)	(84, 0.0)	(86, 0.0)	(88, 0.0)	(90, 0.0)	(92, 0.0)	(94, 0.0)	(96, 0.0)	(98, 0.0)	(100, 0.0)	(102, 0.0)	(104, 0.0)	(106, 0.0)	(108, 0.0)	(110, 0.0)	(112, 0.0)	(114, 0.0)	(116, 0.0)	(118, 0.0)	(120, 0.0)	(122, 0.0)	(124, 0.0)
GI_6hpi_1_R1	(1, 0.020872688603182386)	(2, 0.0)	(3, 0.0)	(4, 0.0)	(5, 0.07141867795898194)	(6, 0.0)	(7, 0.0)	(8, 0.0)	(9, 0.0)	(10, 0.0)	(12, 0.0)	(14, 0.0)	(16, 0.0)	(18, 0.0)	(20, 0.0)	(22, 0.0)	(24, 0.0)	(26, 0.0)	(28, 0.0)	(30, 0.0)	(32, 0.0)	(34, 0.0)	(36, 0.0)	(38, 0.0)	(40, 0.0)	(42, 0.0)	(44, 0.0)	(46, 0.0)	(48, 0.0)	(50, 0.0)	(52, 0.0)	(54, 0.0)	(56, 0.0)	(58, 0.0)	(60, 0.0)	(62, 0.0)	(64, 0.0)	(66, 0.0)	(68, 0.0)	(70, 0.0)	(72, 0.0)	(74, 24.96183727828714)	(76, 0.0037993987287878853)	(78, 0.0)	(80, 0.00023069210718441624)	(82, 0.0)	(84, 0.0)	(86, 4.365737542087269e-05)	(88, 0.0014096440171698383)	(90, 0.007594755807079728)	(92, 0.00308185231302062)	(94, 0.004719896892245815)	(96, 0.0)	(98, 0.0)	(100, 0.0)	(102, 0.0)	(104, 0.0)	(106, 0.0)	(108, 0.00040579365966760005)	(110, 2.8095865465508065e-05)	(112, 0.0)	(114, 8.430126800347246e-05)	(116, 0.0)	(118, 0.0)	(120, 0.0002531945968648132)	(122, 0.0)	(124, 0.0001503175269860672)
GI_6hpi_1_R2	(1, 0.0)	(2, 0.0)	(3, 9.329270829789505e-05)	(4, 0.0)	(5, 0.0)	(6, 0.0)	(7, 0.0)	(8, 1.2439027773052676e-05)	(9, 6.219513886526337e-05)	(10, 0.0)	(12, 0.0)	(14, 0.0)	(16, 0.0)	(18, 0.0)	(20, 0.0)	(22, 0.0)	(24, 0.0)	(26, 0.0)	(28, 0.0)	(30, 0.0)	(32, 0.0)	(34, 0.0)	(36, 0.0)	(38, 0.0)	(40, 0.0)	(42, 0.0)	(44, 0.0)	(46, 0.0)	(48, 0.0)	(50, 0.0)	(52, 0.0)	(54, 0.0)	(56, 0.0)	(58, 0.0)	(60, 0.0)	(62, 0.0)	(64, 0.0)	(66, 0.0)	(68, 0.0)	(70, 0.0)	(72, 0.0)	(74, 0.0)	(76, 0.0)	(78, 0.0)	(80, 0.0)	(82, 0.0)	(84, 0.0)	(86, 0.0)	(88, 0.0)	(90, 9.045089051552859e-05)	(92, 0.0)	(94, 0.0)	(96, 0.0)	(98, 0.0)	(100, 0.0007052137985127416)	(102, 0.0)	(104, 0.0)	(106, 0.0)	(108, 0.0)	(110, 0.0)	(112, 0.0015859890480587775)	(114, 0.000927313948038197)	(116, 0.0035003438674115956)	(118, 0.0009588665011086309)	(120, 0.0008439819895493775)	(122, 0.0)	(124, 0.0)
GI_6hpi_2_R1	(1, 0.020143073491117994)	(2, 0.0)	(3, 0.0)	(4, 0.0)	(5, 0.071063719736388)	(6, 0.0)	(7, 0.0)	(8, 0.0)	(9, 0.0)	(10, 0.0)	(12, 0.0)	(14, 0.0)	(16, 0.0)	(18, 0.0)	(20, 0.0)	(22, 0.0)	(24, 0.0)	(26, 0.0)	(28, 0.0)	(30, 0.0)	(32, 0.0)	(34, 0.0)	(36, 0.0)	(38, 0.0)	(40, 0.0)	(42, 0.0)	(44, 0.0)	(46, 0.0)	(48, 0.0)	(50, 0.0)	(52, 0.0)	(54, 0.0)	(56, 0.0)	(58, 0.0)	(60, 0.0)	(62, 0.0)	(64, 0.0)	(66, 0.0)	(68, 0.0)	(70, 0.0)	(72, 0.0)	(74, 24.978563240727496)	(76, 0.003412872177237333)	(78, 0.0)	(80, 0.0002443201753269107)	(82, 0.0)	(84, 0.0)	(86, 1.3768719046843901e-05)	(88, 0.0013597957621190506)	(90, 0.007722326219428643)	(92, 0.003129837001256686)	(94, 0.004793341222603662)	(96, 0.0)	(98, 0.0)	(100, 0.0)	(102, 0.0)	(104, 0.0)	(106, 0.0)	(108, 0.00038936023874605054)	(110, 2.0675776735519532e-05)	(112, 0.0)	(114, 9.650301008397864e-05)	(116, 0.0)	(118, 0.0)	(120, 0.0002518506103599542)	(122, 0.0)	(124, 0.0001554937765343651)
GI_6hpi_2_R2	(1, 0.0)	(2, 0.0)	(3, 0.00011671174142774571)	(4, 0.0)	(5, 0.0)	(6, 0.0)	(7, 0.0)	(8, 6.865396554573277e-06)	(9, 8.238475865487933e-05)	(10, 0.0)	(12, 0.0)	(14, 0.0)	(16, 0.0)	(18, 0.0)	(20, 0.0)	(22, 0.0)	(24, 0.0)	(26, 0.0)	(28, 0.0)	(30, 0.0)	(32, 0.0)	(34, 0.0)	(36, 0.0)	(38, 0.0)	(40, 0.0)	(42, 0.0)	(44, 0.0)	(46, 0.0)	(48, 0.0)	(50, 0.0)	(52, 0.0)	(54, 0.0)	(56, 0.0)	(58, 0.0)	(60, 0.0)	(62, 0.0)	(64, 0.0)	(66, 0.0)	(68, 0.0)	(70, 0.0)	(72, 0.0)	(74, 0.0)	(76, 0.0)	(78, 0.0)	(80, 0.0)	(82, 0.0)	(84, 0.0)	(86, 0.0)	(88, 0.0)	(90, 9.984282673358477e-05)	(92, 0.0)	(94, 0.0)	(96, 0.0)	(98, 0.0)	(100, 0.0007371130931263171)	(102, 0.0)	(104, 0.0)	(106, 0.0)	(108, 0.0)	(110, 0.0)	(112, 0.001564598606190772)	(114, 0.0009546904926165029)	(116, 0.0033227383707172993)	(118, 0.0009549967602510627)	(120, 0.0009039021906069589)	(122, 0.0)	(124, 0.0)
GI_6hpi_3_R1	(1, 0.020436875713077108)	(2, 0.0)	(3, 0.0)	(4, 0.0)	(5, 0.07486293198875195)	(6, 0.0)	(7, 0.0)	(8, 0.0)	(9, 0.0)	(10, 0.0)	(12, 0.0)	(14, 0.0)	(16, 0.0)	(18, 0.0)	(20, 0.0)	(22, 0.0)	(24, 0.0)	(26, 0.0)	(28, 0.0)	(30, 0.0)	(32, 0.0)	(34, 0.0)	(36, 0.0)	(38, 0.0)	(40, 0.0)	(42, 0.0)	(44, 0.0)	(46, 0.0)	(48, 0.0)	(50, 0.0)	(52, 0.0)	(54, 0.0)	(56, 0.0)	(58, 0.0)	(60, 0.0)	(62, 0.0)	(64, 0.0)	(66, 0.0)	(68, 0.0)	(70, 0.0)	(72, 0.0)	(74, 24.910910037657253)	(76, 0.003652901757984632)	(78, 0.0)	(80, 0.00024458951387381175)	(82, 0.0)	(84, 0.0)	(86, 2.7185640134075953e-05)	(88, 0.0014651589727694917)	(90, 0.0077767862929156465)	(92, 0.00307597030244342)	(94, 0.004593242120006066)	(96, 0.0)	(98, 0.0)	(100, 0.0)	(102, 0.0)	(104, 0.0)	(106, 0.0)	(108, 0.00043242059827960103)	(110, 3.024193517901275e-06)	(112, 0.0)	(114, 6.956848092896547e-05)	(116, 0.0)	(118, 0.0)	(120, 0.00020590635724068644)	(122, 0.0)	(124, 0.0001425612221585516)
GI_6hpi_3_R2	(1, 0.0)	(2, 0.0)	(3, 0.00012046493199573892)	(4, 0.0)	(5, 0.0)	(6, 0.0)	(7, 0.0)	(8, 6.0232465997869465e-06)	(9, 9.034869899680419e-05)	(10, 0.0)	(12, 0.0)	(14, 0.0)	(16, 0.0)	(18, 0.0)	(20, 0.0)	(22, 0.0)	(24, 0.0)	(26, 0.0)	(28, 0.0)	(30, 0.0)	(32, 0.0)	(34, 0.0)	(36, 0.0)	(38, 0.0)	(40, 0.0)	(42, 0.0)	(44, 0.0)	(46, 0.0)	(48, 0.0)	(50, 0.0)	(52, 0.0)	(54, 0.0)	(56, 0.0)	(58, 0.0)	(60, 0.0)	(62, 0.0)	(64, 0.0)	(66, 0.0)	(68, 0.0)	(70, 0.0)	(72, 0.0)	(74, 0.0)	(76, 0.0)	(78, 0.0)	(80, 0.0)	(82, 0.0)	(84, 0.0)	(86, 0.0)	(88, 0.0)	(90, 8.157468139422006e-05)	(92, 0.0)	(94, 0.0)	(96, 0.0)	(98, 0.0)	(100, 0.0007163995030545219)	(102, 0.0)	(104, 0.0)	(106, 0.0)	(108, 0.0)	(110, 0.0)	(112, 0.001572721888904317)	(114, 0.0009437115673842272)	(116, 0.0033274830131992178)	(118, 0.0009107522411086149)	(120, 0.0008084852556362248)	(122, 0.0)	(124, 0.0)
HC_24hpi_1_R1	(1, 0.020479146574565052)	(2, 0.0)	(3, 0.0)	(4, 0.0)	(5, 0.0701137459569179)	(6, 0.0)	(7, 0.0)	(8, 0.0)	(9, 0.0)	(10, 0.0)	(12, 0.0)	(14, 0.0)	(16, 0.0)	(18, 0.0)	(20, 0.0)	(22, 0.0)	(24, 0.0)	(26, 0.0)	(28, 0.0)	(30, 0.0)	(32, 0.0)	(34, 0.0)	(36, 0.0)	(38, 0.0)	(40, 0.0)	(42, 0.0)	(44, 0.0)	(46, 0.0)	(48, 0.0)	(50, 0.0)	(52, 0.0)	(54, 0.0)	(56, 0.0)	(58, 0.0)	(60, 0.0)	(62, 0.0)	(64, 0.0)	(66, 0.0)	(68, 0.0)	(70, 0.0)	(72, 0.0)	(74, 24.97180417523075)	(76, 0.003649287861553631)	(78, 0.0)	(80, 0.0002270503053005732)	(82, 0.0)	(84, 0.0)	(86, 3.494400502746389e-05)	(88, 0.001415396112756116)	(90, 0.008049489787126822)	(92, 0.003055160717009167)	(94, 0.0043839616225062935)	(96, 0.0)	(98, 0.0)	(100, 0.0)	(102, 0.0)	(104, 0.0)	(106, 0.0)	(108, 0.0004268279563215057)	(110, 1.0496869676009568e-05)	(112, 0.0)	(114, 8.049275001800589e-05)	(116, 0.0)	(118, 0.0)	(120, 0.0002136998114607139)	(122, 0.0)	(124, 0.00014034718877037233)
HC_24hpi_1_R2	(1, 0.0)	(2, 0.0)	(3, 0.00011837656979517372)	(4, 0.0)	(5, 0.0)	(6, 0.0)	(7, 0.0)	(8, 0.0)	(9, 9.052325925513284e-05)	(10, 0.0)	(12, 0.0)	(14, 0.0)	(16, 0.0)	(18, 0.0)	(20, 0.0)	(22, 0.0)	(24, 0.0)	(26, 0.0)	(28, 0.0)	(30, 0.0)	(32, 0.0)	(34, 0.0)	(36, 0.0)	(38, 0.0)	(40, 0.0)	(42, 0.0)	(44, 0.0)	(46, 0.0)	(48, 0.0)	(50, 0.0)	(52, 0.0)	(54, 0.0)	(56, 0.0)	(58, 0.0)	(60, 0.0)	(62, 0.0)	(64, 0.0)	(66, 0.0)	(68, 0.0)	(70, 0.0)	(72, 0.0)	(74, 0.0)	(76, 0.0)	(78, 0.0)	(80, 0.0)	(82, 0.0)	(84, 0.0)	(86, 0.0)	(88, 0.0)	(90, 8.039004129566516e-05)	(92, 0.0)	(94, 0.0)	(96, 0.0)	(98, 0.0)	(100, 0.0006959310937291538)	(102, 0.0)	(104, 0.0)	(106, 0.0)	(108, 0.0)	(110, 0.0)	(112, 0.0015886901498166305)	(114, 0.0008259256088804081)	(116, 0.003479039765424519)	(118, 0.0009137365161285173)	(120, 0.0008372828678542725)	(122, 0.0)	(124, 0.0)
HC_24hpi_2_R1	(1, 0.019970089942680617)	(2, 0.0)	(3, 0.0)	(4, 0.0)	(5, 0.0695125130036339)	(6, 0.0)	(7, 0.0)	(8, 0.0)	(9, 0.0)	(10, 0.0)	(12, 0.0)	(14, 0.0)	(16, 0.0)	(18, 0.0)	(20, 0.0)	(22, 0.0)	(24, 0.0)	(26, 0.0)	(28, 0.0)	(30, 0.0)	(32, 0.0)	(34, 0.0)	(36, 0.0)	(38, 0.0)	(40, 0.0)	(42, 0.0)	(44, 0.0)	(46, 0.0)	(48, 0.0)	(50, 0.0)	(52, 0.0)	(54, 0.0)	(56, 0.0)	(58, 0.0)	(60, 0.0)	(62, 0.0)	(64, 0.0)	(66, 0.0)	(68, 0.0)	(70, 0.0)	(72, 0.0)	(74, 24.953962058026338)	(76, 0.0034125614557104426)	(78, 0.0)	(80, 0.0002656126486753341)	(82, 0.0)	(84, 0.0)	(86, 2.8725810309327067e-05)	(88, 0.0013287286063920897)	(90, 0.00785128530676491)	(92, 0.0029526574779391223)	(94, 0.004454639021560094)	(96, 0.0)	(98, 0.0)	(100, 0.0)	(102, 0.0)	(104, 0.0)	(106, 0.0)	(108, 0.0004026666744323811)	(110, 3.5956237806790305e-06)	(112, 0.0)	(114, 4.675329644905837e-05)	(116, 0.0)	(118, 0.0)	(120, 0.00018720245834268295)	(122, 0.0)	(124, 0.00014782355592880803)
HC_24hpi_2_R2	(1, 0.0)	(2, 0.0)	(3, 0.0001144827800368649)	(4, 0.0)	(5, 0.0)	(6, 0.0)	(7, 0.0)	(8, 7.155173752304056e-06)	(9, 7.155173752304056e-05)	(10, 0.0)	(12, 0.0)	(14, 0.0)	(16, 0.0)	(18, 0.0)	(20, 0.0)	(22, 0.0)	(24, 0.0)	(26, 0.0)	(28, 0.0)	(30, 0.0)	(32, 0.0)	(34, 0.0)	(36, 0.0)	(38, 0.0)	(40, 0.0)	(42, 0.0)	(44, 0.0)	(46, 0.0)	(48, 0.0)	(50, 0.0)	(52, 0.0)	(54, 0.0)	(56, 0.0)	(58, 0.0)	(60, 0.0)	(62, 0.0)	(64, 0.0)	(66, 0.0)	(68, 0.0)	(70, 0.0)	(72, 0.0)	(74, 0.0)	(76, 0.0)	(78, 0.0)	(80, 0.0)	(82, 0.0)	(84, 0.0)	(86, 0.0)	(88, 0.0)	(90, 8.61989237705205e-05)	(92, 0.0)	(94, 0.0)	(96, 0.0)	(98, 0.0)	(100, 0.0006828025609552221)	(102, 0.0)	(104, 0.0)	(106, 0.0)	(108, 0.0)	(110, 0.0)	(112, 0.0015067320355827538)	(114, 0.0009170838918853756)	(116, 0.0035608128019205083)	(118, 0.0010145384073301192)	(120, 0.0009432123862650565)	(122, 0.0)	(124, 0.0)
HC_24hpi_3_R1	(1, 0.02095352486121146)	(2, 0.0)	(3, 0.0)	(4, 0.0)	(5, 0.07147366321594133)	(6, 0.0)	(7, 0.0)	(8, 0.0)	(9, 0.0)	(10, 0.0)	(12, 0.0)	(14, 0.0)	(16, 0.0)	(18, 0.0)	(20, 0.0)	(22, 0.0)	(24, 0.0)	(26, 0.0)	(28, 0.0)	(30, 0.0)	(32, 0.0)	(34, 0.0)	(36, 0.0)	(38, 0.0)	(40, 0.0)	(42, 0.0)	(44, 0.0)	(46, 0.0)	(48, 0.0)	(50, 0.0)	(52, 0.0)	(54, 0.0)	(56, 0.0)	(58, 0.0)	(60, 0.0)	(62, 0.0)	(64, 0.0)	(66, 0.0)	(68, 0.0)	(70, 0.0)	(72, 0.0)	(74, 24.945707596670104)	(76, 0.00359518884717109)	(78, 0.0)	(80, 0.000225245651128866)	(82, 0.0)	(84, 0.0)	(86, 3.162435203185078e-05)	(88, 0.0015537177143982188)	(90, 0.008315136311891867)	(92, 0.002997408111943307)	(94, 0.004520320442075476)	(96, 0.0)	(98, 0.0)	(100, 0.0)	(102, 0.0)	(104, 0.0)	(106, 0.0)	(108, 0.00047097205307245545)	(110, 1.583259626000828e-05)	(112, 0.0)	(114, 0.00011085066922330539)	(116, 0.0)	(118, 0.0)	(120, 0.0002655714447435404)	(122, 0.0)	(124, 0.00017075728991661126)
HC_24hpi_3_R2	(1, 0.0)	(2, 0.0)	(3, 8.668250224645584e-05)	(4, 0.0)	(5, 0.0)	(6, 0.0)	(7, 0.0)	(8, 1.576045495390106e-05)	(9, 7.880227476950532e-05)	(10, 0.0)	(12, 0.0)	(14, 0.0)	(16, 0.0)	(18, 0.0)	(20, 0.0)	(22, 0.0)	(24, 0.0)	(26, 0.0)	(28, 0.0)	(30, 0.0)	(32, 0.0)	(34, 0.0)	(36, 0.0)	(38, 0.0)	(40, 0.0)	(42, 0.0)	(44, 0.0)	(46, 0.0)	(48, 0.0)	(50, 0.0)	(52, 0.0)	(54, 0.0)	(56, 0.0)	(58, 0.0)	(60, 0.0)	(62, 0.0)	(64, 0.0)	(66, 0.0)	(68, 0.0)	(70, 0.0)	(72, 0.0)	(74, 0.0)	(76, 0.0)	(78, 0.0)	(80, 0.0)	(82, 0.0)	(84, 0.0)	(86, 0.0)	(88, 0.0)	(90, 8.698668514580174e-05)	(92, 0.0)	(94, 0.0)	(96, 0.0)	(98, 0.0)	(100, 0.0007437426125193561)	(102, 0.0)	(104, 0.0)	(106, 0.0)	(108, 0.0)	(110, 0.0)	(112, 0.0015636304157230123)	(114, 0.0008670105914251386)	(116, 0.0032902137166040337)	(118, 0.0008673425681157981)	(120, 0.0008442793691100613)	(122, 0.0)	(124, 0.0)
HC_48hpi_1_R1	(1, 0.011165664998034763)	(2, 0.010649716023007091)	(3, 0.01195943265192349)	(4, 0.0)	(5, 0.0)	(6, 0.0)	(7, 0.0)	(8, 0.0)	(9, 0.0)	(10, 0.0)	(12, 0.0)	(14, 0.0)	(16, 0.0)	(18, 0.0)	(20, 0.0)	(22, 0.0)	(24, 0.0)	(26, 0.0)	(28, 0.0)	(30, 0.0)	(32, 0.0)	(34, 0.0)	(36, 0.0)	(38, 0.0)	(40, 1.6548127465195233e-05)	(42, 0.00022839434965619206)	(44, 0.00014896968099533197)	(46, 0.0006753981074550443)	(48, 0.00012582039449925156)	(50, 7.616114453113643e-05)	(52, 0.0)	(54, 0.0)	(56, 0.0)	(58, 0.0)	(60, 0.0)	(62, 0.0)	(64, 0.0)	(66, 0.0)	(68, 0.0)	(70, 0.0)	(72, 0.0)	(74, 49.99898733512581)	(76, 0.022111272475884708)	(78, 0.0)	(80, 0.0)	(82, 0.0)	(84, 1.9896736600269157e-05)	(86, 0.0)	(88, 5.638279433261378e-05)	(90, 0.018232941096787195)	(92, 0.021869848494659155)	(94, 0.0)	(96, 0.0)	(98, 0.0)	(100, 0.0)	(102, 0.0)	(104, 0.0)	(106, 0.0)	(108, 0.0)	(110, 0.0)	(112, 0.0)	(114, 0.0)	(116, 0.0)	(118, 0.0)	(120, 0.0)	(122, 0.0)	(124, 0.0)
HC_48hpi_1_R2	(1, 0.03607012513879358)	(2, 0.0)	(3, 0.0)	(4, 0.0)	(5, 0.0)	(6, 0.0)	(7, 0.0)	(8, 0.0)	(9, 0.0)	(10, 0.0)	(12, 0.0)	(14, 0.0)	(16, 0.0)	(18, 0.0)	(20, 0.0)	(22, 0.0)	(24, 0.0)	(26, 0.0)	(28, 0.0)	(30, 0.0)	(32, 0.0)	(34, 0.0)	(36, 0.0)	(38, 0.0)	(40, 0.0)	(42, 0.0)	(44, 0.0)	(46, 0.0)	(48, 0.0)	(50, 0.0)	(52, 0.0)	(54, 0.0)	(56, 0.0)	(58, 0.0)	(60, 0.0)	(62, 0.0)	(64, 0.0)	(66, 0.0)	(68, 0.0)	(70, 0.0)	(72, 0.0)	(74, 0.0)	(76, 0.0)	(78, 0.0)	(80, 0.0)	(82, 0.0)	(84, 0.0)	(86, 0.0)	(88, 0.0)	(90, 0.0)	(92, 0.0)	(94, 0.0)	(96, 0.0)	(98, 0.0)	(100, 0.0)	(102, 0.0)	(104, 0.0)	(106, 0.0)	(108, 0.0)	(110, 0.0)	(112, 0.0)	(114, 0.0)	(116, 0.0)	(118, 0.0)	(120, 0.0)	(122, 0.0)	(124, 0.0)
HC_48hpi_2_R1	(1, 0.016567923271247016)	(2, 0.0)	(3, 0.0)	(4, 0.0)	(5, 0.024793182385901117)	(6, 0.0)	(7, 0.0)	(8, 0.0)	(9, 0.0)	(10, 0.0)	(12, 0.0)	(14, 0.0)	(16, 0.0)	(18, 0.0)	(20, 0.0)	(22, 0.0)	(24, 0.0)	(26, 0.0)	(28, 0.0)	(30, 0.0)	(32, 0.0)	(34, 0.0)	(36, 0.0)	(38, 0.0)	(40, 0.0)	(42, 0.0)	(44, 0.0)	(46, 0.0)	(48, 0.0)	(50, 0.0)	(52, 0.0005151237569268588)	(54, 0.00015904488979779586)	(56, 0.0)	(58, 0.0)	(60, 0.0)	(62, 0.0)	(64, 0.0)	(66, 0.0)	(68, 0.0)	(70, 0.0)	(72, 0.0)	(74, 24.973166863732512)	(76, 0.0033948365124944866)	(78, 4.1530254201840774e-05)	(80, 3.4611533816005017e-06)	(82, 0.0)	(84, 8.307982160408373e-05)	(86, 2.423336872559137e-05)	(88, 0.002032278678793127)	(90, 0.00853476947362597)	(92, 0.00024584486683362647)	(94, 0.0)	(96, 0.0)	(98, 0.0)	(100, 0.0)	(102, 0.0)	(104, 0.0)	(106, 0.0)	(108, 0.0)	(110, 0.0)	(112, 0.0)	(114, 0.0)	(116, 0.0)	(118, 0.0)	(120, 0.0)	(122, 0.0)	(124, 0.0)
HC_48hpi_2_R2	(1, 0.0)	(2, 0.0)	(3, 0.0)	(4, 0.00020718536812730742)	(5, 0.0004558078098800763)	(6, 0.00041437073625461484)	(7, 0.0)	(8, 2.7624715750307654e-05)	(9, 0.000317684231128538)	(10, 0.0)	(12, 0.0)	(14, 0.0)	(16, 0.0)	(18, 0.0)	(20, 0.0)	(22, 0.0)	(24, 0.0)	(26, 0.0)	(28, 0.0)	(30, 0.0)	(32, 0.0)	(34, 0.0)	(36, 0.0)	(38, 0.0)	(40, 0.0)	(42, 0.0)	(44, 0.0)	(46, 0.0)	(48, 0.0)	(50, 0.0)	(52, 0.0)	(54, 0.0)	(56, 0.0)	(58, 0.0)	(60, 0.0)	(62, 0.0)	(64, 0.0)	(66, 3.459194750658129e-06)	(68, 0.0)	(70, 0.0)	(72, 0.0)	(74, 0.0)	(76, 0.0)	(78, 0.0)	(80, 0.0)	(82, 0.0)	(84, 0.0)	(86, 0.0)	(88, 0.0)	(90, 3.1161430126829094e-05)	(92, 0.0)	(94, 0.0)	(96, 0.0006268092407196476)	(98, 0.0006753342177094658)	(100, 0.00021127131056477427)	(102, 0.0011811130941418834)	(104, 1.3855451066980576e-05)	(106, 0.0013890846077924805)	(108, 0.0010115608588442688)	(110, 1.3857838189021674e-05)	(112, 4.8505409739054755e-05)	(114, 0.00036034726249901727)	(116, 0.0)	(118, 0.0)	(120, 0.0)	(122, 3.1257319422298056e-05)	(124, 0.00036509000981257636)
HC_48hpi_3_R1	(1, 0.015887468453728883)	(2, 0.0)	(3, 0.0)	(4, 0.0)	(5, 0.0233354398768848)	(6, 0.0)	(7, 0.0)	(8, 0.0)	(9, 0.0)	(10, 0.0)	(12, 0.0)	(14, 0.0)	(16, 0.0)	(18, 0.0)	(20, 0.0)	(22, 0.0)	(24, 0.0)	(26, 0.0)	(28, 0.0)	(30, 0.0)	(32, 0.0)	(34, 0.0)	(36, 0.0)	(38, 0.0)	(40, 0.0)	(42, 0.0)	(44, 0.0)	(46, 0.0)	(48, 0.0)	(50, 0.0)	(52, 0.000534895278856494)	(54, 0.0002039717062764326)	(56, 0.0)	(58, 0.0)	(60, 0.0)	(62, 0.0)	(64, 0.0)	(66, 0.0)	(68, 0.0)	(70, 0.0)	(72, 0.0)	(74, 25.048233462090725)	(76, 0.0034209822634012257)	(78, 3.8528100200184305e-05)	(80, 0.0)	(82, 0.0)	(84, 7.322340085776975e-05)	(86, 1.5416836573053066e-05)	(88, 0.0019118436555930832)	(90, 0.008372702768589134)	(92, 0.00022359855270054046)	(94, 0.0)	(96, 0.0)	(98, 0.0)	(100, 0.0)	(102, 0.0)	(104, 0.0)	(106, 0.0)	(108, 0.0)	(110, 0.0)	(112, 0.0)	(114, 0.0)	(116, 0.0)	(118, 0.0)	(120, 0.0)	(122, 0.0)	(124, 0.0)
HC_48hpi_3_R2	(1, 0.0)	(2, 0.0)	(3, 0.0)	(4, 0.00015372490037473518)	(5, 0.0003228222907869439)	(6, 0.0003766260059181012)	(7, 0.0)	(8, 3.074498007494704e-05)	(9, 0.00023058735056210276)	(10, 3.84312250936838e-06)	(12, 0.0)	(14, 0.0)	(16, 0.0)	(18, 0.0)	(20, 0.0)	(22, 0.0)	(24, 0.0)	(26, 0.0)	(28, 0.0)	(30, 0.0)	(32, 0.0)	(34, 0.0)	(36, 0.0)	(38, 0.0)	(40, 0.0)	(42, 0.0)	(44, 0.0)	(46, 0.0)	(48, 0.0)	(50, 0.0)	(52, 0.0)	(54, 0.0)	(56, 0.0)	(58, 0.0)	(60, 0.0)	(62, 0.0)	(64, 0.0)	(66, 7.70134551747805e-06)	(68, 0.0)	(70, 0.0)	(72, 0.0)	(74, 0.0)	(76, 0.0)	(78, 0.0)	(80, 0.0)	(82, 0.0)	(84, 0.0)	(86, 0.0)	(88, 0.0)	(90, 2.6983848701714523e-05)	(92, 0.0)	(94, 0.0)	(96, 0.0005667998710626688)	(98, 0.0006748129052299697)	(100, 0.00018124885707170181)	(102, 0.001369106637093449)	(104, 1.15707376661529e-05)	(106, 0.0012805789821580247)	(108, 0.000864061387858487)	(110, 7.715359405744501e-06)	(112, 7.715903221123396e-05)	(114, 0.00031637447811714897)	(116, 0.0)	(118, 0.0)	(120, 0.0)	(122, 1.9330170170060266e-05)	(124, 0.0003444229659530932)
HC_6hpi_1_R1	(1, 0.0)	(2, 0.0)	(3, 0.0)	(4, 0.0)	(5, 0.0)	(6, 0.0)	(7, 0.0)	(8, 0.0)	(9, 0.0)	(10, 0.0)	(12, 8.052130191042041e-05)	(14, 0.0)	(16, 0.0)	(18, 0.0)	(20, 0.0)	(22, 0.0)	(24, 9.80259327605118e-05)	(26, 0.0)	(28, 0.0)	(30, 0.0)	(32, 0.0)	(34, 0.00040267812466844707)	(36, 0.0013237244942715823)	(38, 0.010110971679087775)	(40, 0.0061329021971971475)	(42, 0.002826761451562672)	(44, 0.0)	(46, 7.0065980783774175e-06)	(48, 2.102111760453434e-05)	(50, 0.0)	(52, 0.0)	(54, 0.0)	(56, 0.0)	(58, 0.0)	(60, 0.0)	(62, 0.0)	(64, 0.0)	(66, 0.0)	(68, 0.0)	(70, 0.0)	(72, 0.0)	(74, 0.0)	(76, 0.0)	(78, 0.0)	(80, 0.0)	(82, 0.0)	(84, 0.0)	(86, 0.0)	(88, 0.0)	(90, 0.0)	(92, 0.0)	(94, 0.0)	(96, 0.0)	(98, 0.0)	(100, 0.0)	(102, 0.0)	(104, 0.0)	(106, 0.0)	(108, 0.0)	(110, 0.0)	(112, 0.0)	(114, 0.0)	(116, 0.0)	(118, 0.0)	(120, 0.0)	(122, 0.0)	(124, 0.0)
HC_6hpi_1_R2	(1, 0.0010992908173857393)	(2, 0.0)	(3, 0.0)	(4, 0.0)	(5, 0.0)	(6, 0.00128133897822669)	(7, 0.0001750463085009139)	(8, 7.001852340036557e-06)	(9, 0.0)	(10, 2.450648319012795e-05)	(12, 0.0)	(14, 0.0)	(16, 0.0)	(18, 0.0)	(20, 0.0)	(22, 0.0)	(24, 0.0)	(26, 0.0)	(28, 0.0)	(30, 50.001064281555685)	(32, 0.0)	(34, 3.151394019144369e-05)	(36, 0.0)	(38, 2.4515691636167106e-05)	(40, 0.0008265933286913346)	(42, 0.0009037229919494044)	(44, 0.0005079438387866125)	(46, 0.004999207728922287)	(48, 0.040223908536276456)	(50, 0.0025857733971148093)	(52, 0.0)	(54, 0.0)	(56, 0.0)	(58, 0.0)	(60, 0.0)	(62, 0.0)	(64, 0.0)	(66, 0.0)	(68, 0.0)	(70, 0.0)	(72, 0.0)	(74, 0.0)	(76, 0.0)	(78, 0.0)	(80, 0.0)	(82, 0.0)	(84, 0.0)	(86, 0.0)	(88, 0.0)	(90, 0.0)	(92, 0.0)	(94, 0.0)	(96, 0.0)	(98, 0.0)	(100, 0.0)	(102, 0.0)	(104, 0.0)	(106, 0.0)	(108, 0.0)	(110, 0.0)	(112, 0.0)	(114, 0.0)	(116, 0.0)	(118, 0.0)	(120, 0.0)	(122, 0.0)	(124, 0.0)
HC_6hpi_2_R1	(1, 0.0)	(2, 0.0)	(3, 0.0)	(4, 0.0)	(5, 0.0)	(6, 0.0)	(7, 0.0)	(8, 0.0)	(9, 0.0)	(10, 0.0)	(12, 8.75481891497537e-05)	(14, 0.0)	(16, 0.0)	(18, 0.0)	(20, 0.0)	(22, 0.0)	(24, 0.00013307324750762563)	(26, 0.0)	(28, 0.0)	(30, 0.0)	(32, 0.0)	(34, 0.0004097893133041393)	(36, 0.0012855284420365558)	(38, 0.009710566273143515)	(40, 0.005948652617920389)	(42, 0.0025821361027472947)	(44, 0.0)	(46, 3.504027231057062e-06)	(48, 2.8033677557691994e-05)	(50, 0.0)	(52, 0.0)	(54, 0.0)	(56, 0.0)	(58, 0.0)	(60, 0.0)	(62, 0.0)	(64, 0.0)	(66, 0.0)	(68, 0.0)	(70, 0.0)	(72, 0.0)	(74, 0.0)	(76, 0.0)	(78, 0.0)	(80, 0.0)	(82, 0.0)	(84, 0.0)	(86, 0.0)	(88, 0.0)	(90, 0.0)	(92, 0.0)	(94, 0.0)	(96, 0.0)	(98, 0.0)	(100, 0.0)	(102, 0.0)	(104, 0.0)	(106, 0.0)	(108, 0.0)	(110, 0.0)	(112, 0.0)	(114, 0.0)	(116, 0.0)	(118, 0.0)	(120, 0.0)	(122, 0.0)	(124, 0.0)
HC_6hpi_2_R2	(1, 0.0010855975454569459)	(2, 0.0)	(3, 0.0)	(4, 0.0)	(5, 0.0)	(6, 0.001015558994137143)	(7, 0.00014708095777158622)	(8, 2.1011565395940887e-05)	(9, 0.0)	(10, 1.750963782995074e-05)	(12, 0.0)	(14, 0.0)	(16, 0.0)	(18, 0.0)	(20, 0.0)	(22, 0.0)	(24, 0.0)	(26, 0.0)	(28, 0.0)	(30, 50.00117314573461)	(32, 0.0)	(34, 5.95420369758151e-05)	(36, 0.0)	(38, 4.5540173719648524e-05)	(40, 0.0007251891000644999)	(42, 0.0008583763163813937)	(44, 0.0005045496008346932)	(46, 0.004705908571309635)	(48, 0.0402248230855933)	(50, 0.002712415134084948)	(52, 0.0)	(54, 0.0)	(56, 0.0)	(58, 0.0)	(60, 0.0)	(62, 0.0)	(64, 0.0)	(66, 0.0)	(68, 0.0)	(70, 0.0)	(72, 0.0)	(74, 0.0)	(76, 0.0)	(78, 0.0)	(80, 0.0)	(82, 0.0)	(84, 0.0)	(86, 0.0)	(88, 0.0)	(90, 0.0)	(92, 0.0)	(94, 0.0)	(96, 0.0)	(98, 0.0)	(100, 0.0)	(102, 0.0)	(104, 0.0)	(106, 0.0)	(108, 0.0)	(110, 0.0)	(112, 0.0)	(114, 0.0)	(116, 0.0)	(118, 0.0)	(120, 0.0)	(122, 0.0)	(124, 0.0)
HC_6hpi_3_R1	(1, 0.0)	(2, 0.0)	(3, 0.0)	(4, 0.0)	(5, 0.0)	(6, 0.0)	(7, 0.0)	(8, 0.0)	(9, 0.0)	(10, 0.0)	(12, 8.869929788474172e-05)	(14, 0.0)	(16, 0.0)	(18, 0.0)	(20, 0.0)	(22, 0.0)	(24, 9.224726980013139e-05)	(26, 0.0)	(28, 0.0)	(30, 0.0)	(32, 0.0)	(34, 0.00030872729479304806)	(36, 0.001373437178433374)	(38, 0.009991093552340943)	(40, 0.005938278112316159)	(42, 0.002719104731572359)	(44, 0.0)	(46, 1.7751027846640917e-05)	(48, 1.4201609816379932e-05)	(50, 0.0)	(52, 0.0)	(54, 0.0)	(56, 0.0)	(58, 0.0)	(60, 0.0)	(62, 0.0)	(64, 0.0)	(66, 0.0)	(68, 0.0)	(70, 0.0)	(72, 0.0)	(74, 0.0)	(76, 0.0)	(78, 0.0)	(80, 0.0)	(82, 0.0)	(84, 0.0)	(86, 0.0)	(88, 0.0)	(90, 0.0)	(92, 0.0)	(94, 0.0)	(96, 0.0)	(98, 0.0)	(100, 0.0)	(102, 0.0)	(104, 0.0)	(106, 0.0)	(108, 0.0)	(110, 0.0)	(112, 0.0)	(114, 0.0)	(116, 0.0)	(118, 0.0)	(120, 0.0)	(122, 0.0)	(124, 0.0)
HC_6hpi_3_R2	(1, 0.0010998712937707973)	(2, 0.0)	(3, 0.0)	(4, 0.0)	(5, 0.0)	(6, 0.0014120928223250882)	(7, 0.00014191887661558675)	(8, 1.4191887661558675e-05)	(9, 0.0)	(10, 1.7739859576948344e-05)	(12, 0.0)	(14, 0.0)	(16, 0.0)	(18, 0.0)	(20, 0.0)	(22, 0.0)	(24, 0.0)	(26, 0.0)	(28, 0.0)	(30, 50.00124179017038)	(32, 0.0)	(34, 2.1291537571934348e-05)	(36, 0.0)	(38, 3.1943105495939074e-05)	(40, 0.0007631379522701579)	(42, 0.0008377398389700742)	(44, 0.000592847644616308)	(46, 0.0050022396471834105)	(48, 0.04037872711042224)	(50, 0.002861796903812698)	(52, 0.0)	(54, 0.0)	(56, 0.0)	(58, 0.0)	(60, 0.0)	(62, 0.0)	(64, 0.0)	(66, 0.0)	(68, 0.0)	(70, 0.0)	(72, 0.0)	(74, 0.0)	(76, 0.0)	(78, 0.0)	(80, 0.0)	(82, 0.0)	(84, 0.0)	(86, 0.0)	(88, 0.0)	(90, 0.0)	(92, 0.0)	(94, 0.0)	(96, 0.0)	(98, 0.0)	(100, 0.0)	(102, 0.0)	(104, 0.0)	(106, 0.0)	(108, 0.0)	(110, 0.0)	(112, 0.0)	(114, 0.0)	(116, 0.0)	(118, 0.0)	(120, 0.0)	(122, 0.0)	(124, 0.0)
HI_24hpi_1_R1	(1, 0.014901920678639265)	(2, 0.0)	(3, 0.0)	(4, 0.0)	(5, 0.021726957913991377)	(6, 0.0)	(7, 0.0)	(8, 0.0)	(9, 0.0)	(10, 0.0)	(12, 0.0)	(14, 0.0)	(16, 0.0)	(18, 0.0)	(20, 0.0)	(22, 0.0)	(24, 0.0)	(26, 0.0)	(28, 0.0)	(30, 0.0)	(32, 0.0)	(34, 0.0)	(36, 0.0)	(38, 0.0)	(40, 0.0)	(42, 0.0)	(44, 0.0)	(46, 0.0)	(48, 0.0)	(50, 0.0)	(52, 0.0006161483560595287)	(54, 0.0002231103035383807)	(56, 0.0)	(58, 0.0)	(60, 0.0)	(62, 0.0)	(64, 0.0)	(66, 0.0)	(68, 0.0)	(70, 0.0)	(72, 0.0)	(74, 25.01273919536498)	(76, 0.0034496904833463088)	(78, 6.0278566402656007e-05)	(80, 1.418490822222531e-05)	(82, 0.0)	(84, 8.867468867558252e-05)	(86, 3.192635087485296e-05)	(88, 0.0016071165533430721)	(90, 0.008015105440149037)	(92, 0.0002519363884038719)	(94, 0.0)	(96, 0.0)	(98, 0.0)	(100, 0.0)	(102, 0.0)	(104, 0.0)	(106, 0.0)	(108, 0.0)	(110, 0.0)	(112, 0.0)	(114, 0.0)	(116, 0.0)	(118, 0.0)	(120, 0.0)	(122, 0.0)	(124, 0.0)
HI_24hpi_1_R2	(1, 0.0)	(2, 0.0)	(3, 0.0)	(4, 0.00011316123913537174)	(5, 0.00025461278805458647)	(6, 0.0003677740271899582)	(7, 0.0)	(8, 2.8290309783842935e-05)	(9, 0.0002475402106086257)	(10, 0.0)	(12, 0.0)	(14, 0.0)	(16, 0.0)	(18, 0.0)	(20, 0.0)	(22, 0.0)	(24, 0.0)	(26, 0.0)	(28, 0.0)	(30, 0.0)	(32, 0.0)	(34, 0.0)	(36, 0.0)	(38, 0.0)	(40, 0.0)	(42, 0.0)	(44, 0.0)	(46, 0.0)	(48, 0.0)	(50, 0.0)	(52, 0.0)	(54, 0.0)	(56, 0.0)	(58, 0.0)	(60, 0.0)	(62, 0.0)	(64, 0.0)	(66, 7.08711420540817e-06)	(68, 0.0)	(70, 0.0)	(72, 0.0)	(74, 0.0)	(76, 0.0)	(78, 0.0)	(80, 0.0)	(82, 0.0)	(84, 0.0)	(86, 0.0)	(88, 0.0)	(90, 3.9028844551411864e-05)	(92, 0.0)	(94, 0.0)	(96, 0.0005678544347745538)	(98, 0.0006992361891712877)	(100, 0.00022363455132519444)	(102, 0.001249632964692792)	(104, 3.5504271607677797e-06)	(106, 0.0011966075997010257)	(108, 0.0009055235337576511)	(110, 1.0654126806766778e-05)	(112, 4.617194774301575e-05)	(114, 0.00031612753010803926)	(116, 0.0)	(118, 0.0)	(120, 0.0)	(122, 2.4909433747009045e-05)	(124, 0.00037039700254801086)
HI_24hpi_2_R1	(1, 0.01657730975410157)	(2, 0.0)	(3, 0.0)	(4, 0.0)	(5, 0.024246661361093467)	(6, 0.0)	(7, 0.0)	(8, 0.0)	(9, 0.0)	(10, 0.0)	(12, 0.0)	(14, 0.0)	(16, 0.0)	(18, 0.0)	(20, 0.0)	(22, 0.0)	(24, 0.0)	(26, 0.0)	(28, 0.0)	(30, 0.0)	(32, 0.0)	(34, 0.0)	(36, 0.0)	(38, 0.0)	(40, 0.0)	(42, 0.0)	(44, 0.0)	(46, 0.0)	(48, 0.0)	(50, 0.0)	(52, 0.0005386553652595412)	(54, 0.0002067132249577655)	(56, 0.0)	(58, 0.0)	(60, 0.0)	(62, 0.0)	(64, 0.0)	(66, 0.0)	(68, 0.0)	(70, 0.0)	(72, 0.0)	(74, 24.987844808331722)	(76, 0.0034992447776907216)	(78, 4.390210570491871e-05)	(80, 6.272485881810372e-06)	(82, 0.0)	(84, 6.587527664479273e-05)	(86, 9.411755847759202e-06)	(88, 0.0018386163589855142)	(90, 0.008390740927213272)	(92, 0.00028557737893252996)	(94, 0.0)	(96, 0.0)	(98, 0.0)	(100, 0.0)	(102, 0.0)	(104, 0.0)	(106, 0.0)	(108, 0.0)	(110, 0.0)	(112, 0.0)	(114, 0.0)	(116, 0.0)	(118, 0.0)	(120, 0.0)	(122, 0.0)	(124, 0.0)
HI_24hpi_2_R2	(1, 0.0)	(2, 0.0)	(3, 0.0)	(4, 0.00019392324618005614)	(5, 0.00041912443529237934)	(6, 0.00043789120105173964)	(7, 0.0)	(8, 6.255588586453422e-05)	(9, 0.0002564791320445903)	(10, 3.1277942932267112e-06)	(12, 0.0)	(14, 0.0)	(16, 0.0)	(18, 0.0)	(20, 0.0)	(22, 0.0)	(24, 0.0)	(26, 0.0)	(28, 0.0)	(30, 0.0)	(32, 0.0)	(34, 0.0)	(36, 0.0)	(38, 0.0)	(40, 0.0)	(42, 0.0)	(44, 0.0)	(46, 0.0)	(48, 0.0)	(50, 0.0)	(52, 0.0)	(54, 0.0)	(56, 0.0)	(58, 0.0)	(60, 0.0)	(62, 0.0)	(64, 0.0)	(66, 3.133908330298143e-06)	(68, 0.0)	(70, 0.0)	(72, 0.0)	(74, 0.0)	(76, 0.0)	(78, 0.0)	(80, 0.0)	(82, 0.0)	(84, 0.0)	(86, 0.0)	(88, 0.0)	(90, 2.5103189011857208e-05)	(92, 0.0)	(94, 0.0)	(96, 0.0006089380428141199)	(98, 0.0007816527944746628)	(100, 0.00016953131153849257)	(102, 0.0014756996229116496)	(104, 9.420269694785147e-06)	(106, 0.0013189695456212723)	(108, 0.0009893171026702297)	(110, 1.2564025883275363e-05)	(112, 8.167417995824941e-05)	(114, 0.0003832779114520581)	(116, 0.0)	(118, 0.0)	(120, 0.0)	(122, 1.574202523169585e-05)	(124, 0.0004097013626887931)
HI_24hpi_3_R1	(1, 0.01687935053116523)	(2, 0.0)	(3, 0.0)	(4, 0.0)	(5, 0.023477274120085934)	(6, 0.0)	(7, 0.0)	(8, 0.0)	(9, 0.0)	(10, 0.0)	(12, 0.0)	(14, 0.0)	(16, 0.0)	(18, 0.0)	(20, 0.0)	(22, 0.0)	(24, 0.0)	(26, 0.0)	(28, 0.0)	(30, 0.0)	(32, 0.0)	(34, 0.0)	(36, 0.0)	(38, 0.0)	(40, 0.0)	(42, 0.0)	(44, 0.0)	(46, 0.0)	(48, 0.0)	(50, 0.0)	(52, 0.0005068653697860635)	(54, 0.00018654970919130824)	(56, 0.0)	(58, 0.0)	(60, 0.0)	(62, 0.0)	(64, 0.0)	(66, 0.0)	(68, 0.0)	(70, 0.0)	(72, 0.0)	(74, 25.01402200020564)	(76, 0.003533362393546797)	(78, 3.655675053705929e-05)	(80, 1.2187490897467736e-05)	(82, 0.0)	(84, 9.346283923607376e-05)	(86, 1.2192462903923595e-05)	(88, 0.0016949685083386963)	(90, 0.008195469758960502)	(92, 0.00022361471396201892)	(94, 0.0)	(96, 0.0)	(98, 0.0)	(100, 0.0)	(102, 0.0)	(104, 0.0)	(106, 0.0)	(108, 0.0)	(110, 0.0)	(112, 0.0)	(114, 0.0)	(116, 0.0)	(118, 0.0)	(120, 0.0)	(122, 0.0)	(124, 0.0)
HI_24hpi_3_R2	(1, 0.0)	(2, 0.0)	(3, 0.0)	(4, 0.00011333856471765623)	(5, 0.0002428683529664062)	(6, 0.0003400156941529687)	(7, 0.0)	(8, 0.0)	(9, 0.00020239029413867185)	(10, 4.047805882773436e-06)	(12, 0.0)	(14, 0.0)	(16, 0.0)	(18, 0.0)	(20, 0.0)	(22, 0.0)	(24, 0.0)	(26, 0.0)	(28, 0.0)	(30, 0.0)	(32, 0.0)	(34, 0.0)	(36, 0.0)	(38, 0.0)	(40, 0.0)	(42, 0.0)	(44, 0.0)	(46, 0.0)	(48, 0.0)	(50, 0.0)	(52, 0.0)	(54, 0.0)	(56, 0.0)	(58, 0.0)	(60, 0.0)	(62, 0.0)	(64, 0.0)	(66, 8.117179604774526e-06)	(68, 0.0)	(70, 0.0)	(72, 0.0)	(74, 0.0)	(76, 0.0)	(78, 0.0)	(80, 0.0)	(82, 0.0)	(84, 0.0)	(86, 0.0)	(88, 0.0)	(90, 1.2195639522262654e-05)	(92, 0.0)	(94, 0.0)	(96, 0.0005896753219210418)	(98, 0.0007605683308213565)	(100, 0.00022778983979215153)	(102, 0.001488946464197611)	(104, 2.0342966962329993e-05)	(106, 0.0013183640420602076)	(108, 0.000927831741457569)	(110, 1.2209630565882188e-05)	(112, 7.32657955662064e-05)	(114, 0.0003622963334878317)	(116, 0.0)	(118, 0.0)	(120, 0.0)	(122, 1.223361856286871e-05)	(124, 0.00037954433947164)
HI_48hpi_1_R1	(1, 0.011508533593253618)	(2, 0.009705841881356437)	(3, 0.012263293790968353)	(4, 0.0)	(5, 0.0)	(6, 0.0)	(7, 0.0)	(8, 0.0)	(9, 0.0)	(10, 0.0)	(12, 0.0)	(14, 0.0)	(16, 0.0)	(18, 0.0)	(20, 0.0)	(22, 0.0)	(24, 0.0)	(26, 0.0)	(28, 0.0)	(30, 0.0)	(32, 0.0)	(34, 0.0)	(36, 0.0)	(38, 0.0)	(40, 1.5605369907659595e-05)	(42, 0.00014671056496490527)	(44, 0.00011550911187385281)	(46, 0.0007181071146056492)	(48, 0.00011240989995237879)	(50, 0.00010305203272008214)	(52, 0.0)	(54, 0.0)	(56, 0.0)	(58, 0.0)	(60, 0.0)	(62, 0.0)	(64, 0.0)	(66, 0.0)	(68, 0.0)	(70, 0.0)	(72, 0.0)	(74, 49.99883385971176)	(76, 0.0221337096178613)	(78, 0.0)	(80, 0.0)	(82, 0.0)	(84, 2.1895216811597883e-05)	(86, 0.0)	(88, 5.005503864342837e-05)	(90, 0.01790561609664515)	(92, 0.02214061027231699)	(94, 0.0)	(96, 0.0)	(98, 0.0)	(100, 0.0)	(102, 0.0)	(104, 0.0)	(106, 0.0)	(108, 0.0)	(110, 0.0)	(112, 0.0)	(114, 0.0)	(116, 0.0)	(118, 0.0)	(120, 0.0)	(122, 0.0)	(124, 0.0)
HI_48hpi_1_R2	(1, 0.03692087281217786)	(2, 0.0)	(3, 0.0)	(4, 0.0)	(5, 0.0)	(6, 0.0)	(7, 0.0)	(8, 0.0)	(9, 0.0)	(10, 0.0)	(12, 0.0)	(14, 0.0)	(16, 0.0)	(18, 0.0)	(20, 0.0)	(22, 0.0)	(24, 0.0)	(26, 0.0)	(28, 0.0)	(30, 0.0)	(32, 0.0)	(34, 0.0)	(36, 0.0)	(38, 0.0)	(40, 0.0)	(42, 0.0)	(44, 0.0)	(46, 0.0)	(48, 0.0)	(50, 0.0)	(52, 0.0)	(54, 0.0)	(56, 0.0)	(58, 0.0)	(60, 0.0)	(62, 0.0)	(64, 0.0)	(66, 0.0)	(68, 0.0)	(70, 0.0)	(72, 0.0)	(74, 0.0)	(76, 0.0)	(78, 0.0)	(80, 0.0)	(82, 0.0)	(84, 0.0)	(86, 0.0)	(88, 0.0)	(90, 0.0)	(92, 0.0)	(94, 0.0)	(96, 0.0)	(98, 0.0)	(100, 0.0)	(102, 0.0)	(104, 0.0)	(106, 0.0)	(108, 0.0)	(110, 0.0)	(112, 0.0)	(114, 0.0)	(116, 0.0)	(118, 0.0)	(120, 0.0)	(122, 0.0)	(124, 0.0)
HI_48hpi_2_R1	(1, 0.010611470473328135)	(2, 0.009174091423277025)	(3, 0.012135249356988875)	(4, 0.0)	(5, 0.0)	(6, 0.0)	(7, 0.0)	(8, 0.0)	(9, 0.0)	(10, 0.0)	(12, 0.0)	(14, 0.0)	(16, 0.0)	(18, 0.0)	(20, 0.0)	(22, 0.0)	(24, 0.0)	(26, 0.0)	(28, 0.0)	(30, 0.0)	(32, 0.0)	(34, 0.0)	(36, 0.0)	(38, 0.0)	(40, 3.930172931932195e-06)	(42, 0.00020832851819305436)	(44, 0.00016117832837080987)	(46, 0.0006565745780849796)	(48, 0.00015334552757938975)	(50, 7.86462897275834e-05)	(52, 0.0)	(54, 0.0)	(56, 0.0)	(58, 0.0)	(60, 0.0)	(62, 0.0)	(64, 0.0)	(66, 0.0)	(68, 0.0)	(70, 0.0)	(72, 0.0)	(74, 49.99882088549963)	(76, 0.021867856723251682)	(78, 0.0)	(80, 0.0)	(82, 0.0)	(84, 3.1510698098640535e-05)	(86, 0.0)	(88, 4.33349625966089e-05)	(90, 0.018206190285931744)	(92, 0.022013954964026666)	(94, 0.0)	(96, 0.0)	(98, 0.0)	(100, 0.0)	(102, 0.0)	(104, 0.0)	(106, 0.0)	(108, 0.0)	(110, 0.0)	(112, 0.0)	(114, 0.0)	(116, 0.0)	(118, 0.0)	(120, 0.0)	(122, 0.0)	(124, 0.0)
HI_48hpi_2_R2	(1, 0.03551818614388588)	(2, 0.0)	(3, 0.0)	(4, 0.0)	(5, 0.0)	(6, 0.0)	(7, 0.0)	(8, 0.0)	(9, 0.0)	(10, 0.0)	(12, 0.0)	(14, 0.0)	(16, 0.0)	(18, 0.0)	(20, 0.0)	(22, 0.0)	(24, 0.0)	(26, 0.0)	(28, 0.0)	(30, 0.0)	(32, 0.0)	(34, 0.0)	(36, 0.0)	(38, 0.0)	(40, 0.0)	(42, 0.0)	(44, 0.0)	(46, 0.0)	(48, 0.0)	(50, 0.0)	(52, 0.0)	(54, 0.0)	(56, 0.0)	(58, 0.0)	(60, 0.0)	(62, 0.0)	(64, 0.0)	(66, 0.0)	(68, 0.0)	(70, 0.0)	(72, 0.0)	(74, 0.0)	(76, 0.0)	(78, 0.0)	(80, 0.0)	(82, 0.0)	(84, 0.0)	(86, 0.0)	(88, 0.0)	(90, 0.0)	(92, 0.0)	(94, 0.0)	(96, 0.0)	(98, 0.0)	(100, 0.0)	(102, 0.0)	(104, 0.0)	(106, 0.0)	(108, 0.0)	(110, 0.0)	(112, 0.0)	(114, 0.0)	(116, 0.0)	(118, 0.0)	(120, 0.0)	(122, 0.0)	(124, 0.0)
HI_48hpi_3_R1	(1, 0.016273851246680814)	(2, 0.0)	(3, 0.0)	(4, 0.0)	(5, 0.023248358923829735)	(6, 0.0)	(7, 0.0)	(8, 0.0)	(9, 0.0)	(10, 0.0)	(12, 0.0)	(14, 0.0)	(16, 0.0)	(18, 0.0)	(20, 0.0)	(22, 0.0)	(24, 0.0)	(26, 0.0)	(28, 0.0)	(30, 0.0)	(32, 0.0)	(34, 0.0)	(36, 0.0)	(38, 0.0)	(40, 0.0)	(42, 0.0)	(44, 0.0)	(46, 0.0)	(48, 0.0)	(50, 0.0)	(52, 0.0005478197629403354)	(54, 0.00018366351051819134)	(56, 0.0)	(58, 0.0)	(60, 0.0)	(62, 0.0)	(64, 0.0)	(66, 0.0)	(68, 0.0)	(70, 0.0)	(72, 0.0)	(74, 24.994028935355434)	(76, 0.003113635444902818)	(78, 4.675658748106085e-05)	(80, 0.0)	(82, 0.0)	(84, 7.795399816078454e-05)	(86, 2.182939770602344e-05)	(88, 0.0018026593841722579)	(90, 0.008318641589221736)	(92, 0.00022147675710612854)	(94, 0.0)	(96, 0.0)	(98, 0.0)	(100, 0.0)	(102, 0.0)	(104, 0.0)	(106, 0.0)	(108, 0.0)	(110, 0.0)	(112, 0.0)	(114, 0.0)	(116, 0.0)	(118, 0.0)	(120, 0.0)	(122, 0.0)	(124, 0.0)
HI_48hpi_3_R2	(1, 0.0)	(2, 0.0)	(3, 0.0)	(4, 0.00015540346874217737)	(5, 0.00027351010498623214)	(6, 0.0003605360474818515)	(7, 0.0)	(8, 2.4864554998748383e-05)	(9, 0.00021134871748936123)	(10, 0.0)	(12, 0.0)	(14, 0.0)	(16, 0.0)	(18, 0.0)	(20, 0.0)	(22, 0.0)	(24, 0.0)	(26, 0.0)	(28, 0.0)	(30, 0.0)	(32, 0.0)	(34, 0.0)	(36, 0.0)	(38, 0.0)	(40, 0.0)	(42, 0.0)	(44, 0.0)	(46, 0.0)	(48, 0.0)	(50, 0.0)	(52, 0.0)	(54, 0.0)	(56, 0.0)	(58, 0.0)	(60, 0.0)	(62, 0.0)	(64, 0.0)	(66, 0.0)	(68, 0.0)	(70, 0.0)	(72, 0.0)	(74, 0.0)	(76, 0.0)	(78, 0.0)	(80, 0.0)	(82, 0.0)	(84, 0.0)	(86, 0.0)	(88, 0.0)	(90, 1.8714604250217625e-05)	(92, 0.0)	(94, 0.0)	(96, 0.0006926326320511133)	(98, 0.0007613425214478613)	(100, 0.0002059538897949473)	(102, 0.0013388156325106503)	(104, 3.12103355647891e-06)	(106, 0.0011361453242235704)	(108, 0.0009083617792079048)	(110, 2.1852461234904437e-05)	(112, 4.9952716631663346e-05)	(114, 0.0003184754940288655)	(116, 0.0)	(118, 0.0)	(120, 0.0)	(122, 1.5647233741194126e-05)	(124, 0.0004793342554721879)
HI_6hpi_1_R1	(1, 0.0)	(2, 0.0)	(3, 0.0)	(4, 0.0)	(5, 0.0)	(6, 0.0)	(7, 0.0)	(8, 0.0)	(9, 0.0)	(10, 0.0)	(12, 7.909889600206056e-05)	(14, 0.0)	(16, 0.0)	(18, 0.0)	(20, 0.0)	(22, 0.0)	(24, 9.667642844696289e-05)	(26, 0.0)	(28, 0.0)	(30, 0.0)	(32, 0.0)	(34, 0.0003926340446768317)	(36, 0.0013391928049068024)	(38, 0.009290194826522024)	(40, 0.005896919732840227)	(42, 0.002470912624689857)	(44, 0.0)	(46, 2.931480426637108e-06)	(48, 1.1726590668782417e-05)	(50, 0.0)	(52, 0.0)	(54, 0.0)	(56, 0.0)	(58, 0.0)	(60, 0.0)	(62, 0.0)	(64, 0.0)	(66, 0.0)	(68, 0.0)	(70, 0.0)	(72, 0.0)	(74, 0.0)	(76, 0.0)	(78, 0.0)	(80, 0.0)	(82, 0.0)	(84, 0.0)	(86, 0.0)	(88, 0.0)	(90, 0.0)	(92, 0.0)	(94, 0.0)	(96, 0.0)	(98, 0.0)	(100, 0.0)	(102, 0.0)	(104, 0.0)	(106, 0.0)	(108, 0.0)	(110, 0.0)	(112, 0.0)	(114, 0.0)	(116, 0.0)	(118, 0.0)	(120, 0.0)	(122, 0.0)	(124, 0.0)
HI_6hpi_1_R2	(1, 0.0010312152367676043)	(2, 0.0)	(3, 0.0)	(4, 0.0)	(5, 0.0)	(6, 0.0011952722062533595)	(7, 0.000152338614522487)	(8, 1.171835496326823e-05)	(9, 0.0)	(10, 1.7577532444902344e-05)	(12, 0.0)	(14, 0.0)	(16, 0.0)	(18, 0.0)	(20, 0.0)	(22, 0.0)	(24, 0.0)	(26, 0.0)	(28, 0.0)	(30, 50.001136680431436)	(32, 0.0)	(34, 3.809136254327472e-05)	(36, 0.0)	(38, 3.8098590771225966e-05)	(40, 0.0006096219206912362)	(42, 0.0007269114245825439)	(44, 0.0005422910513006748)	(46, 0.00482521678224468)	(48, 0.03994369946554011)	(50, 0.0026533029326385607)	(52, 0.0)	(54, 0.0)	(56, 0.0)	(58, 0.0)	(60, 0.0)	(62, 0.0)	(64, 0.0)	(66, 0.0)	(68, 0.0)	(70, 0.0)	(72, 0.0)	(74, 0.0)	(76, 0.0)	(78, 0.0)	(80, 0.0)	(82, 0.0)	(84, 0.0)	(86, 0.0)	(88, 0.0)	(90, 0.0)	(92, 0.0)	(94, 0.0)	(96, 0.0)	(98, 0.0)	(100, 0.0)	(102, 0.0)	(104, 0.0)	(106, 0.0)	(108, 0.0)	(110, 0.0)	(112, 0.0)	(114, 0.0)	(116, 0.0)	(118, 0.0)	(120, 0.0)	(122, 0.0)	(124, 0.0)
HI_6hpi_2_R1	(1, 0.0)	(2, 0.0)	(3, 0.0)	(4, 0.0)	(5, 0.0)	(6, 0.0)	(7, 0.0)	(8, 0.0)	(9, 0.0)	(10, 0.0)	(12, 8.256319203244404e-05)	(14, 0.0)	(16, 0.0)	(18, 0.0)	(20, 0.0)	(22, 0.0)	(24, 9.173688003604893e-05)	(26, 0.0)	(28, 0.0)	(30, 0.0)	(32, 0.0)	(34, 0.0003670050136860757)	(36, 0.0011653450959984374)	(38, 0.009555974779934985)	(40, 0.0057449604643934815)	(42, 0.002575926740888233)	(44, 0.0)	(46, 3.059669740472081e-06)	(48, 2.447866936401204e-05)	(50, 0.0)	(52, 0.0)	(54, 0.0)	(56, 0.0)	(58, 0.0)	(60, 0.0)	(62, 0.0)	(64, 0.0)	(66, 0.0)	(68, 0.0)	(70, 0.0)	(72, 0.0)	(74, 0.0)	(76, 0.0)	(78, 0.0)	(80, 0.0)	(82, 0.0)	(84, 0.0)	(86, 0.0)	(88, 0.0)	(90, 0.0)	(92, 0.0)	(94, 0.0)	(96, 0.0)	(98, 0.0)	(100, 0.0)	(102, 0.0)	(104, 0.0)	(106, 0.0)	(108, 0.0)	(110, 0.0)	(112, 0.0)	(114, 0.0)	(116, 0.0)	(118, 0.0)	(120, 0.0)	(122, 0.0)	(124, 0.0)
HI_6hpi_2_R2	(1, 0.001076379392422974)	(2, 0.0)	(3, 0.0)	(4, 0.0)	(5, 0.0)	(6, 0.0012170426084782491)	(7, 0.00018347376007209787)	(8, 6.115792002403261e-06)	(9, 0.0)	(10, 1.2231584004806522e-05)	(12, 0.0)	(14, 0.0)	(16, 0.0)	(18, 0.0)	(20, 0.0)	(22, 0.0)	(24, 0.0)	(26, 0.0)	(28, 0.0)	(30, 50.001058032016424)	(32, 0.0)	(34, 4.281725159670883e-05)	(36, 0.0)	(38, 2.4471126197016606e-05)	(40, 0.0006944121541093293)	(42, 0.0007831796266833582)	(44, 0.0004986969477085044)	(46, 0.004919948942679107)	(48, 0.04129551521708832)	(50, 0.002744818031416508)	(52, 0.0)	(54, 0.0)	(56, 0.0)	(58, 0.0)	(60, 0.0)	(62, 0.0)	(64, 0.0)	(66, 0.0)	(68, 0.0)	(70, 0.0)	(72, 0.0)	(74, 0.0)	(76, 0.0)	(78, 0.0)	(80, 0.0)	(82, 0.0)	(84, 0.0)	(86, 0.0)	(88, 0.0)	(90, 0.0)	(92, 0.0)	(94, 0.0)	(96, 0.0)	(98, 0.0)	(100, 0.0)	(102, 0.0)	(104, 0.0)	(106, 0.0)	(108, 0.0)	(110, 0.0)	(112, 0.0)	(114, 0.0)	(116, 0.0)	(118, 0.0)	(120, 0.0)	(122, 0.0)	(124, 0.0)
HI_6hpi_3_R1	(1, 0.020440366085141277)	(2, 0.0)	(3, 0.0)	(4, 0.0)	(5, 0.07086961740354489)	(6, 0.0)	(7, 0.0)	(8, 0.0)	(9, 0.0)	(10, 0.0)	(12, 0.0)	(14, 0.0)	(16, 0.0)	(18, 0.0)	(20, 0.0)	(22, 0.0)	(24, 0.0)	(26, 0.0)	(28, 0.0)	(30, 0.0)	(32, 0.0)	(34, 0.0)	(36, 0.0)	(38, 0.0)	(40, 0.0)	(42, 0.0)	(44, 0.0)	(46, 0.0)	(48, 0.0)	(50, 0.0)	(52, 0.0)	(54, 0.0)	(56, 0.0)	(58, 0.0)	(60, 0.0)	(62, 0.0)	(64, 0.0)	(66, 0.0)	(68, 0.0)	(70, 0.0)	(72, 0.0)	(74, 24.964587499808545)	(76, 0.0035511107809030867)	(78, 0.0)	(80, 0.00022562812322090406)	(82, 0.0)	(84, 0.0)	(86, 6.916289886607792e-05)	(88, 0.001408865103459845)	(90, 0.007896929092166629)	(92, 0.00336805966701578)	(94, 0.004733899153236534)	(96, 0.0)	(98, 0.0)	(100, 0.0)	(102, 0.0)	(104, 0.0)	(106, 0.0)	(108, 0.00034613996552081583)	(110, 3.643872000250698e-06)	(112, 0.0)	(114, 8.01778607351377e-05)	(116, 0.0)	(118, 0.0)	(120, 0.00021528966001347423)	(122, 0.0)	(124, 0.00011700193082436344)
HI_6hpi_3_R2	(1, 0.0)	(2, 0.0)	(3, 0.00010165723807885537)	(4, 0.0)	(5, 0.0)	(6, 0.0)	(7, 0.0)	(8, 7.261231291346812e-06)	(9, 7.987354420481493e-05)	(10, 0.0)	(12, 0.0)	(14, 0.0)	(16, 0.0)	(18, 0.0)	(20, 0.0)	(22, 0.0)	(24, 0.0)	(26, 0.0)	(28, 0.0)	(30, 0.0)	(32, 0.0)	(34, 0.0)	(36, 0.0)	(38, 0.0)	(40, 0.0)	(42, 0.0)	(44, 0.0)	(46, 0.0)	(48, 0.0)	(50, 0.0)	(52, 0.0)	(54, 0.0)	(56, 0.0)	(58, 0.0)	(60, 0.0)	(62, 0.0)	(64, 0.0)	(66, 0.0)	(68, 0.0)	(70, 0.0)	(72, 0.0)	(74, 0.0)	(76, 0.0)	(78, 0.0)	(80, 0.0)	(82, 0.0)	(84, 0.0)	(86, 0.0)	(88, 0.0)	(90, 9.830202189419041e-05)	(92, 0.0)	(94, 0.0)	(96, 0.0)	(98, 0.0)	(100, 0.0007794736185514722)	(102, 0.0)	(104, 0.0)	(106, 0.0)	(108, 0.0)	(110, 0.0)	(112, 0.0014868146326611268)	(114, 0.0010131566038349216)	(116, 0.0033422195552500786)	(118, 0.001090077993439845)	(120, 0.00095603204955136)	(122, 0.0)	(124, 0.0)
