Sample	0	1	2	3	4	5	6	7	8	9	10	11	12	13	14	15	16	17	18	19	20	21	22	23	24	25	26	27	28	29	30	31	32	33	34	35	36	37	38	39	40	41	42	43	44	45	46	47	48	49	50	51	52	53	54	55	56	57	58	59	60	61	62	63	64	65	66	67	68	69	70	71	72	73	74	75	76	77	78	79	80	81	82	83	84	85	86	87	88	89	90	91	92	93	94	95	96	97	98	99	100	101	102	103	104	105	106	107	108	109	110	111	112	113	114	115	116	117	118	119	120	121	122	123	124
GC_24hpi_1	(1, 56.4598)	(2, 33.049)	(3, 45.901399999999995)	(4, 45.3219)	(5, 41.9477)	(6, 41.9167)	(7, 41.9871)	(8, 51.575)	(9, 50.020399999999995)	(10, 40.3681)	(11, 56.050900000000006)	(12, 49.4036)	(13, 41.9041)	(14, 44.4824)	(15, 46.0787)	(16, 45.9668)	(17, 45.835300000000004)	(18, 46.0593)	(19, 46.0229)	(20, 45.9988)	(21, 46.0536)	(22, 45.557199999999995)	(23, 45.2643)	(24, 45.2361)	(25, 44.7365)	(26, 44.9559)	(27, 45.5799)	(28, 45.3653)	(29, 45.5484)	(30, 45.4865)	(31, 45.047599999999996)	(32, 45.1966)	(33, 45.375)	(34, 45.4478)	(35, 45.368700000000004)	(36, 45.4381)	(37, 45.359100000000005)	(38, 45.7696)	(39, 45.551)	(40, 45.5661)	(41, 45.6114)	(42, 45.8123)	(43, 45.474)	(44, 45.6579)	(45, 45.9885)	(46, 45.5602)	(47, 45.6914)	(48, 45.8679)	(49, 45.519999999999996)	(50, 45.6047)	(51, 45.772200000000005)	(52, 45.5212)	(53, 45.6663)	(54, 45.7009)	(55, 45.5777)	(56, 45.514500000000005)	(57, 45.851)	(58, 45.6873)	(59, 45.7171)	(60, 45.9385)	(61, 45.658)	(62, 45.763999999999996)	(63, 45.8634)	(64, 45.6287)	(65, 45.6303)	(66, 45.5586)	(67, 45.606700000000004)	(68, 45.904)	(69, 45.9558)	(70, 45.7102)	(71, 45.7433)	(72, 45.9856)	(73, 45.8656)	(74, 45.7352)	(75, 46.001)	(76, 45.6464)	(77, 45.9193)	(78, 46.0326)	(79, 45.8284)	(80, 45.9251)	(81, 45.852399999999996)	(82, 45.5705)	(83, 45.6608)	(84, 45.8282)	(85, 45.718199999999996)	(86, 45.6761)	(87, 45.9795)	(88, 45.993)	(89, 45.7411)	(90, 46.1602)	(91, 45.7435)	(92, 45.8854)	(93, 45.8969)	(94, 45.6243)	(95, 45.942499999999995)	(96, 45.9005)	(97, 45.6184)	(98, 45.8286)	(99, 45.9188)	(100, 45.689099999999996)	(101, 45.720499999999994)	(102, 45.9112)	(103, 45.7806)	(104, 45.692)	(105, 45.7911)	(106, 45.6883)	(107, 45.8552)	(108, 46.1635)	(109, 45.7476)	(110, 45.923199999999994)	(111, 46.0004)	(112, 45.8302)	(113, 45.799800000000005)	(114, 45.7361)	(115, 45.7872)	(116, 45.5758)	(117, 45.8832)	(118, 45.7798)	(119, 45.7813)	(120, 46.2338)	(121, 45.8709)	(122, 45.887499999999996)	(123, 46.1531)	(124, 45.8629)	(125, 45.9816)
GC_24hpi_2	(1, 56.21810000000001)	(2, 33.0655)	(3, 45.7706)	(4, 45.382)	(5, 42.0459)	(6, 41.948)	(7, 42.1522)	(8, 51.7308)	(9, 50.134699999999995)	(10, 40.3905)	(11, 56.1384)	(12, 49.4052)	(13, 41.8597)	(14, 44.4582)	(15, 45.9617)	(16, 46.049800000000005)	(17, 45.788000000000004)	(18, 45.9322)	(19, 45.9834)	(20, 46.0584)	(21, 45.9647)	(22, 45.5133)	(23, 45.2712)	(24, 45.1656)	(25, 44.6744)	(26, 44.9044)	(27, 45.5377)	(28, 45.3204)	(29, 45.5698)	(30, 45.419599999999996)	(31, 45.065)	(32, 45.1404)	(33, 45.1827)	(34, 45.45)	(35, 45.3774)	(36, 45.333800000000004)	(37, 45.3455)	(38, 45.7714)	(39, 45.4458)	(40, 45.510099999999994)	(41, 45.6487)	(42, 45.6667)	(43, 45.4531)	(44, 45.6601)	(45, 45.926)	(46, 45.554)	(47, 45.6688)	(48, 45.7985)	(49, 45.4965)	(50, 45.5249)	(51, 45.6171)	(52, 45.4135)	(53, 45.618199999999995)	(54, 45.5657)	(55, 45.5349)	(56, 45.445)	(57, 45.7936)	(58, 45.6547)	(59, 45.6633)	(60, 45.918)	(61, 45.5773)	(62, 45.7143)	(63, 45.7537)	(64, 45.542100000000005)	(65, 45.5107)	(66, 45.3609)	(67, 45.5901)	(68, 45.8363)	(69, 45.792300000000004)	(70, 45.6492)	(71, 45.6291)	(72, 45.852399999999996)	(73, 45.792500000000004)	(74, 45.6921)	(75, 45.941500000000005)	(76, 45.5341)	(77, 45.925700000000006)	(78, 45.9106)	(79, 45.710899999999995)	(80, 45.894400000000005)	(81, 45.6877)	(82, 45.4381)	(83, 45.488099999999996)	(84, 45.5965)	(85, 45.6426)	(86, 45.5916)	(87, 45.834)	(88, 45.966699999999996)	(89, 45.5876)	(90, 46.0708)	(91, 45.656600000000005)	(92, 45.787499999999994)	(93, 45.804899999999996)	(94, 45.469)	(95, 45.765299999999996)	(96, 45.6861)	(97, 45.5037)	(98, 45.7593)	(99, 45.6988)	(100, 45.6123)	(101, 45.5522)	(102, 45.6927)	(103, 45.6362)	(104, 45.6079)	(105, 45.6068)	(106, 45.543499999999995)	(107, 45.7293)	(108, 46.1057)	(109, 45.5951)	(110, 45.8762)	(111, 45.8562)	(112, 45.704899999999995)	(113, 45.6563)	(114, 45.486599999999996)	(115, 45.652)	(116, 45.3984)	(117, 45.631899999999995)	(118, 45.6734)	(119, 45.6626)	(120, 46.0614)	(121, 45.818799999999996)	(122, 45.8251)	(123, 46.076699999999995)	(124, 45.7166)	(125, 45.903)
GC_24hpi_3	(1, 56.7669)	(2, 31.9638)	(3, 45.3835)	(4, 45.1924)	(5, 41.9055)	(6, 41.9412)	(7, 42.1449)	(8, 51.5282)	(9, 50.09479999999999)	(10, 40.3223)	(11, 56.2702)	(12, 49.4567)	(13, 41.794)	(14, 44.4965)	(15, 46.0589)	(16, 46.0008)	(17, 45.812599999999996)	(18, 46.0759)	(19, 45.9861)	(20, 45.933)	(21, 46.0079)	(22, 45.5596)	(23, 45.209700000000005)	(24, 45.1716)	(25, 44.6319)	(26, 44.7662)	(27, 45.4908)	(28, 45.3013)	(29, 45.530300000000004)	(30, 45.4602)	(31, 45.0708)	(32, 45.1303)	(33, 45.3024)	(34, 45.484)	(35, 45.366099999999996)	(36, 45.4442)	(37, 45.352399999999996)	(38, 45.785)	(39, 45.4972)	(40, 45.5552)	(41, 45.6231)	(42, 45.7625)	(43, 45.4739)	(44, 45.5946)	(45, 46.0136)	(46, 45.5751)	(47, 45.6487)	(48, 45.9625)	(49, 45.5445)	(50, 45.5673)	(51, 45.7851)	(52, 45.523)	(53, 45.671299999999995)	(54, 45.6927)	(55, 45.6231)	(56, 45.501200000000004)	(57, 45.9009)	(58, 45.7394)	(59, 45.6746)	(60, 46.0077)	(61, 45.6965)	(62, 45.789699999999996)	(63, 45.9099)	(64, 45.6294)	(65, 45.6277)	(66, 45.6183)	(67, 45.713)	(68, 45.915299999999995)	(69, 45.9443)	(70, 45.7673)	(71, 45.7138)	(72, 46.0201)	(73, 45.9589)	(74, 45.7412)	(75, 46.1196)	(76, 45.685500000000005)	(77, 45.9713)	(78, 46.015499999999996)	(79, 45.8192)	(80, 45.9707)	(81, 45.894400000000005)	(82, 45.5942)	(83, 45.7276)	(84, 45.8102)	(85, 45.7545)	(86, 45.6849)	(87, 46.0103)	(88, 46.1081)	(89, 45.6763)	(90, 46.21)	(91, 45.8225)	(92, 45.9029)	(93, 45.9156)	(94, 45.5854)	(95, 45.9013)	(96, 45.9233)	(97, 45.612700000000004)	(98, 45.8604)	(99, 45.929199999999994)	(100, 45.7231)	(101, 45.7361)	(102, 45.9047)	(103, 45.8173)	(104, 45.712199999999996)	(105, 45.791199999999996)	(106, 45.6907)	(107, 45.812799999999996)	(108, 46.146)	(109, 45.754099999999994)	(110, 45.9668)	(111, 46.0152)	(112, 45.9115)	(113, 45.775)	(114, 45.7342)	(115, 45.8084)	(116, 45.5576)	(117, 45.8981)	(118, 45.8078)	(119, 45.826)	(120, 46.2937)	(121, 45.943)	(122, 45.9442)	(123, 46.1757)	(124, 45.857)	(125, 46.0127)
GC_48hpi_1	(1, 55.3786)	(2, 33.716)	(3, 45.9274)	(4, 46.6378)	(5, 43.5222)	(6, 42.9832)	(7, 43.4699)	(8, 53.2868)	(9, 50.3157)	(10, 41.8099)	(11, 57.1392)	(12, 49.9469)	(13, 42.6573)	(14, 45.4366)	(15, 46.9542)	(16, 46.9599)	(17, 46.696799999999996)	(18, 46.7022)	(19, 46.676899999999996)	(20, 46.6712)	(21, 46.6285)	(22, 46.3399)	(23, 45.8784)	(24, 45.9119)	(25, 45.6527)	(26, 45.7634)	(27, 46.4106)	(28, 46.0599)	(29, 46.3615)	(30, 46.257999999999996)	(31, 45.875)	(32, 46.0584)	(33, 46.209)	(34, 46.3971)	(35, 46.2731)	(36, 46.148)	(37, 46.3568)	(38, 46.615)	(39, 46.3335)	(40, 46.3311)	(41, 46.5272)	(42, 46.515)	(43, 46.2802)	(44, 46.409099999999995)	(45, 46.6571)	(46, 46.4443)	(47, 46.408)	(48, 46.7314)	(49, 46.4439)	(50, 46.4816)	(51, 46.5661)	(52, 46.488600000000005)	(53, 46.5038)	(54, 46.5017)	(55, 46.5516)	(56, 46.4592)	(57, 46.678999999999995)	(58, 46.706399999999995)	(59, 46.6839)	(60, 46.907)	(61, 46.6215)	(62, 46.7258)	(63, 46.6683)	(64, 46.6886)	(65, 46.5014)	(66, 46.6671)	(67, 46.792899999999996)	(68, 46.945)	(69, 46.760200000000005)	(70, 46.8279)	(71, 46.6964)	(72, 46.7375)	(73, 46.910000000000004)	(74, 46.738800000000005)	(75, 46.7378)	(76, 46.5667)	(77, 46.9702)	(78, 46.8919)	(79, 46.7766)	(80, 46.8262)	(81, 46.766200000000005)	(82, 46.5892)	(83, 46.7098)	(84, 46.5668)	(85, 46.8652)	(86, 46.611999999999995)	(87, 46.7264)	(88, 46.8552)	(89, 46.5952)	(90, 47.1402)	(91, 46.7629)	(92, 46.805099999999996)	(93, 46.6427)	(94, 46.4563)	(95, 46.780100000000004)	(96, 46.711000000000006)	(97, 46.6643)	(98, 46.609)	(99, 46.768)	(100, 46.6499)	(101, 46.6086)	(102, 46.7768)	(103, 46.588)	(104, 46.6369)	(105, 46.5494)	(106, 46.711200000000005)	(107, 46.806599999999996)	(108, 46.9458)	(109, 46.7333)	(110, 47.0059)	(111, 46.9567)	(112, 46.8916)	(113, 46.8074)	(114, 46.828599999999994)	(115, 46.8921)	(116, 46.5778)	(117, 46.835)	(118, 47.0143)	(119, 46.8937)	(120, 47.014)	(121, 46.9625)	(122, 46.9717)	(123, 47.0939)	(124, 46.9202)	(125, 46.9517)
GC_48hpi_2	(1, 55.588)	(2, 33.043299999999995)	(3, 45.6188)	(4, 46.3919)	(5, 43.4645)	(6, 42.817499999999995)	(7, 43.1111)	(8, 53.125299999999996)	(9, 50.4595)	(10, 41.4593)	(11, 57.3032)	(12, 50.179300000000005)	(13, 42.6421)	(14, 45.4465)	(15, 47.0987)	(16, 46.936099999999996)	(17, 46.718399999999995)	(18, 46.852)	(19, 46.7335)	(20, 46.6825)	(21, 46.7634)	(22, 46.405499999999996)	(23, 45.9221)	(24, 46.043)	(25, 45.6745)	(26, 45.642500000000005)	(27, 46.395399999999995)	(28, 45.9698)	(29, 46.2987)	(30, 46.2883)	(31, 45.7579)	(32, 46.0795)	(33, 46.421)	(34, 46.387499999999996)	(35, 46.2351)	(36, 46.1301)	(37, 46.3492)	(38, 46.629)	(39, 46.407199999999996)	(40, 46.292)	(41, 46.5291)	(42, 46.5187)	(43, 46.2636)	(44, 46.4368)	(45, 46.6575)	(46, 46.4507)	(47, 46.3644)	(48, 46.7932)	(49, 46.4176)	(50, 46.5802)	(51, 46.717)	(52, 46.5152)	(53, 46.4974)	(54, 46.714299999999994)	(55, 46.6492)	(56, 46.5325)	(57, 46.6734)	(58, 46.7733)	(59, 46.8105)	(60, 47.0196)	(61, 46.752300000000005)	(62, 46.9022)	(63, 46.7777)	(64, 46.8661)	(65, 46.5344)	(66, 46.9059)	(67, 46.926899999999996)	(68, 47.1231)	(69, 46.9299)	(70, 46.902300000000004)	(71, 46.8269)	(72, 46.9321)	(73, 47.036899999999996)	(74, 46.9696)	(75, 46.8662)	(76, 46.638400000000004)	(77, 47.1103)	(78, 47.0428)	(79, 46.9186)	(80, 46.8859)	(81, 46.997299999999996)	(82, 46.7127)	(83, 46.8007)	(84, 46.721000000000004)	(85, 47.0137)	(86, 46.7395)	(87, 46.8724)	(88, 46.881099999999996)	(89, 46.5949)	(90, 47.3471)	(91, 46.8788)	(92, 46.9338)	(93, 46.7636)	(94, 46.5283)	(95, 46.8746)	(96, 46.9219)	(97, 46.755)	(98, 46.6529)	(99, 46.904)	(100, 46.7426)	(101, 46.7617)	(102, 47.0076)	(103, 46.612700000000004)	(104, 46.83)	(105, 46.6868)	(106, 46.8951)	(107, 46.956199999999995)	(108, 46.9883)	(109, 46.8673)	(110, 47.1027)	(111, 47.0649)	(112, 46.9854)	(113, 46.9354)	(114, 47.1072)	(115, 46.9995)	(116, 46.7483)	(117, 47.0916)	(118, 47.1641)	(119, 47.1261)	(120, 47.154)	(121, 47.0858)	(122, 47.049099999999996)	(123, 47.2834)	(124, 47.1319)	(125, 46.9592)
GC_48hpi_3	(1, 54.1439)	(2, 34.1895)	(3, 45.8528)	(4, 46.8138)	(5, 43.7911)	(6, 43.1776)	(7, 43.0826)	(8, 53.592)	(9, 50.67)	(10, 41.5322)	(11, 57.3426)	(12, 50.12760000000001)	(13, 42.6201)	(14, 45.4017)	(15, 46.933)	(16, 46.9627)	(17, 46.7492)	(18, 46.7194)	(19, 46.6945)	(20, 46.7436)	(21, 46.6314)	(22, 46.3304)	(23, 45.971000000000004)	(24, 45.9491)	(25, 45.636900000000004)	(26, 45.821)	(27, 46.4588)	(28, 46.0576)	(29, 46.3908)	(30, 46.3167)	(31, 45.839200000000005)	(32, 46.091300000000004)	(33, 46.2008)	(34, 46.2925)	(35, 46.3004)	(36, 46.0875)	(37, 46.271)	(38, 46.656)	(39, 46.274300000000004)	(40, 46.2141)	(41, 46.5561)	(42, 46.4704)	(43, 46.2017)	(44, 46.4142)	(45, 46.6113)	(46, 46.3936)	(47, 46.4103)	(48, 46.6467)	(49, 46.3596)	(50, 46.4617)	(51, 46.503699999999995)	(52, 46.3724)	(53, 46.4537)	(54, 46.4981)	(55, 46.4779)	(56, 46.4852)	(57, 46.597899999999996)	(58, 46.6205)	(59, 46.7471)	(60, 46.9184)	(61, 46.5421)	(62, 46.7325)	(63, 46.571200000000005)	(64, 46.6361)	(65, 46.4719)	(66, 46.6218)	(67, 46.6986)	(68, 46.8916)	(69, 46.6845)	(70, 46.7316)	(71, 46.6635)	(72, 46.6268)	(73, 46.7453)	(74, 46.7322)	(75, 46.664)	(76, 46.449400000000004)	(77, 46.9501)	(78, 46.8266)	(79, 46.6202)	(80, 46.7877)	(81, 46.695)	(82, 46.4954)	(83, 46.6023)	(84, 46.428399999999996)	(85, 46.701100000000004)	(86, 46.6136)	(87, 46.6506)	(88, 46.6995)	(89, 46.529199999999996)	(90, 47.0878)	(91, 46.6679)	(92, 46.748200000000004)	(93, 46.6004)	(94, 46.365899999999996)	(95, 46.7038)	(96, 46.6202)	(97, 46.498)	(98, 46.5807)	(99, 46.6261)	(100, 46.5545)	(101, 46.5358)	(102, 46.6661)	(103, 46.4365)	(104, 46.6476)	(105, 46.4574)	(106, 46.6104)	(107, 46.7457)	(108, 46.8446)	(109, 46.5863)	(110, 46.9734)	(111, 46.882200000000005)	(112, 46.8309)	(113, 46.7638)	(114, 46.7366)	(115, 46.7717)	(116, 46.5408)	(117, 46.7348)	(118, 46.8866)	(119, 46.8379)	(120, 46.9135)	(121, 46.8992)	(122, 46.9093)	(123, 47.043800000000005)	(124, 46.829)	(125, 46.881099999999996)
GC_6hpi_1	(1, 56.432)	(2, 31.9077)	(3, 45.679199999999994)	(4, 45.1669)	(5, 41.9778)	(6, 42.1773)	(7, 42.450900000000004)	(8, 51.8786)	(9, 50.078900000000004)	(10, 40.644400000000005)	(11, 56.424099999999996)	(12, 49.5433)	(13, 41.9806)	(14, 44.5749)	(15, 46.2335)	(16, 46.0728)	(17, 45.9596)	(18, 46.1884)	(19, 46.0469)	(20, 46.0149)	(21, 46.124500000000005)	(22, 45.6621)	(23, 45.31)	(24, 45.238099999999996)	(25, 44.733000000000004)	(26, 44.8551)	(27, 45.6006)	(28, 45.435199999999995)	(29, 45.5719)	(30, 45.544200000000004)	(31, 45.1363)	(32, 45.2675)	(33, 45.507)	(34, 45.5116)	(35, 45.4433)	(36, 45.5399)	(37, 45.4366)	(38, 45.844699999999996)	(39, 45.693400000000004)	(40, 45.6193)	(41, 45.6953)	(42, 45.8144)	(43, 45.630500000000005)	(44, 45.6801)	(45, 46.003)	(46, 45.678999999999995)	(47, 45.6069)	(48, 45.9173)	(49, 45.6659)	(50, 45.6143)	(51, 45.9042)	(52, 45.6644)	(53, 45.799099999999996)	(54, 45.8822)	(55, 45.7058)	(56, 45.5799)	(57, 45.9128)	(58, 45.6939)	(59, 45.6803)	(60, 45.9875)	(61, 45.801199999999994)	(62, 45.7885)	(63, 45.9347)	(64, 45.744600000000005)	(65, 45.6704)	(66, 45.7649)	(67, 45.8081)	(68, 45.894400000000005)	(69, 45.9412)	(70, 45.8021)	(71, 45.7811)	(72, 46.0009)	(73, 46.0156)	(74, 45.7814)	(75, 46.1391)	(76, 45.7568)	(77, 45.9392)	(78, 46.0752)	(79, 45.8342)	(80, 46.021)	(81, 46.037)	(82, 45.6824)	(83, 45.7509)	(84, 45.8505)	(85, 45.8801)	(86, 45.7117)	(87, 46.0623)	(88, 46.0874)	(89, 45.6357)	(90, 46.1721)	(91, 45.8988)	(92, 45.9178)	(93, 46.002500000000005)	(94, 45.7143)	(95, 45.887)	(96, 46.0073)	(97, 45.7286)	(98, 45.9125)	(99, 46.0598)	(100, 45.783)	(101, 45.7996)	(102, 46.018100000000004)	(103, 45.864399999999996)	(104, 45.8145)	(105, 45.9206)	(106, 45.8281)	(107, 45.8245)	(108, 46.1679)	(109, 45.8707)	(110, 45.9534)	(111, 46.071600000000004)	(112, 45.9308)	(113, 45.8615)	(114, 45.9075)	(115, 45.954699999999995)	(116, 45.7196)	(117, 46.0495)	(118, 45.9131)	(119, 45.8509)	(120, 46.2284)	(121, 46.0048)	(122, 45.9522)	(123, 46.14)	(124, 45.9694)	(125, 45.9685)
GC_6hpi_2	(1, 56.4311)	(2, 31.8495)	(3, 45.5359)	(4, 45.0797)	(5, 41.9383)	(6, 42.0765)	(7, 42.2599)	(8, 51.7848)	(9, 49.9744)	(10, 40.4595)	(11, 56.326699999999995)	(12, 49.4255)	(13, 41.8846)	(14, 44.4595)	(15, 46.181)	(16, 45.9668)	(17, 45.8967)	(18, 46.1209)	(19, 45.9798)	(20, 45.917)	(21, 46.0271)	(22, 45.5882)	(23, 45.236599999999996)	(24, 45.1743)	(25, 44.650800000000004)	(26, 44.807399999999994)	(27, 45.5011)	(28, 45.332899999999995)	(29, 45.4748)	(30, 45.4931)	(31, 45.0309)	(32, 45.1078)	(33, 45.4257)	(34, 45.384)	(35, 45.3474)	(36, 45.469300000000004)	(37, 45.3193)	(38, 45.697900000000004)	(39, 45.6241)	(40, 45.5136)	(41, 45.566)	(42, 45.7575)	(43, 45.5069)	(44, 45.5341)	(45, 45.8982)	(46, 45.5781)	(47, 45.5208)	(48, 45.8395)	(49, 45.5437)	(50, 45.5334)	(51, 45.824999999999996)	(52, 45.550200000000004)	(53, 45.613)	(54, 45.7752)	(55, 45.5723)	(56, 45.4762)	(57, 45.7907)	(58, 45.6191)	(59, 45.569700000000005)	(60, 45.9243)	(61, 45.7229)	(62, 45.6849)	(63, 45.8592)	(64, 45.6003)	(65, 45.6193)	(66, 45.6883)	(67, 45.6936)	(68, 45.8223)	(69, 45.873999999999995)	(70, 45.7329)	(71, 45.7053)	(72, 45.9887)	(73, 45.874700000000004)	(74, 45.675900000000006)	(75, 46.0598)	(76, 45.6522)	(77, 45.786500000000004)	(78, 45.969100000000005)	(79, 45.7756)	(80, 45.915800000000004)	(81, 45.977000000000004)	(82, 45.643299999999996)	(83, 45.7062)	(84, 45.791)	(85, 45.7395)	(86, 45.6339)	(87, 45.9503)	(88, 45.962199999999996)	(89, 45.595)	(90, 46.085100000000004)	(91, 45.7841)	(92, 45.8119)	(93, 45.9107)	(94, 45.628600000000006)	(95, 45.844)	(96, 45.9214)	(97, 45.6353)	(98, 45.811800000000005)	(99, 45.984700000000004)	(100, 45.7335)	(101, 45.7173)	(102, 45.9632)	(103, 45.759100000000004)	(104, 45.7187)	(105, 45.8525)	(106, 45.7128)	(107, 45.736)	(108, 46.043800000000005)	(109, 45.7479)	(110, 45.8576)	(111, 45.987)	(112, 45.818999999999996)	(113, 45.7626)	(114, 45.8643)	(115, 45.8639)	(116, 45.618900000000004)	(117, 45.9724)	(118, 45.7982)	(119, 45.7281)	(120, 46.1194)	(121, 45.8966)	(122, 45.8271)	(123, 46.0636)	(124, 45.8985)	(125, 45.887299999999996)
GC_6hpi_3	(1, 56.4183)	(2, 31.3562)	(3, 45.3923)	(4, 45.0545)	(5, 42.087799999999994)	(6, 42.1086)	(7, 42.2466)	(8, 51.8406)	(9, 50.0793)	(10, 40.4999)	(11, 56.441399999999994)	(12, 49.4489)	(13, 41.8531)	(14, 44.5531)	(15, 46.2317)	(16, 46.0103)	(17, 45.901199999999996)	(18, 46.1151)	(19, 46.0335)	(20, 45.9774)	(21, 46.1117)	(22, 45.643)	(23, 45.2256)	(24, 45.2066)	(25, 44.7)	(26, 44.840799999999994)	(27, 45.5682)	(28, 45.374900000000004)	(29, 45.5058)	(30, 45.529199999999996)	(31, 45.0523)	(32, 45.1651)	(33, 45.421800000000005)	(34, 45.4277)	(35, 45.3585)	(36, 45.4513)	(37, 45.324)	(38, 45.765899999999995)	(39, 45.6206)	(40, 45.5458)	(41, 45.5978)	(42, 45.7835)	(43, 45.5331)	(44, 45.6364)	(45, 46.001999999999995)	(46, 45.5494)	(47, 45.5439)	(48, 45.832)	(49, 45.5317)	(50, 45.4951)	(51, 45.7712)	(52, 45.566)	(53, 45.6953)	(54, 45.750800000000005)	(55, 45.6132)	(56, 45.4648)	(57, 45.8147)	(58, 45.6077)	(59, 45.6044)	(60, 45.8926)	(61, 45.6707)	(62, 45.7129)	(63, 45.8779)	(64, 45.5992)	(65, 45.574)	(66, 45.6404)	(67, 45.6257)	(68, 45.8175)	(69, 45.835)	(70, 45.6808)	(71, 45.6662)	(72, 45.926)	(73, 45.8632)	(74, 45.6401)	(75, 45.974399999999996)	(76, 45.58)	(77, 45.7543)	(78, 45.941700000000004)	(79, 45.73)	(80, 45.8055)	(81, 45.8964)	(82, 45.5432)	(83, 45.596599999999995)	(84, 45.7279)	(85, 45.7468)	(86, 45.5463)	(87, 45.934999999999995)	(88, 45.9124)	(89, 45.5371)	(90, 46.0592)	(91, 45.696999999999996)	(92, 45.778)	(93, 45.8295)	(94, 45.5427)	(95, 45.7807)	(96, 45.8424)	(97, 45.5899)	(98, 45.7603)	(99, 45.8854)	(100, 45.5937)	(101, 45.6366)	(102, 45.8456)	(103, 45.7077)	(104, 45.630900000000004)	(105, 45.792699999999996)	(106, 45.6905)	(107, 45.7173)	(108, 46.081)	(109, 45.6836)	(110, 45.8052)	(111, 45.949)	(112, 45.7571)	(113, 45.6982)	(114, 45.7629)	(115, 45.777699999999996)	(116, 45.5751)	(117, 45.9052)	(118, 45.7745)	(119, 45.71)	(120, 46.1243)	(121, 45.8577)	(122, 45.7419)	(123, 46.0739)	(124, 45.8063)	(125, 45.8184)
GI_24hpi_1	(1, 55.706)	(2, 33.6063)	(3, 45.8006)	(4, 45.5195)	(5, 42.1149)	(6, 41.9943)	(7, 42.018)	(8, 51.7146)	(9, 50.214800000000004)	(10, 40.346)	(11, 56.0504)	(12, 49.4759)	(13, 41.8515)	(14, 44.4837)	(15, 46.005)	(16, 46.0903)	(17, 45.8735)	(18, 46.0364)	(19, 45.9835)	(20, 46.1458)	(21, 46.0364)	(22, 45.559)	(23, 45.448100000000004)	(24, 45.3048)	(25, 44.756)	(26, 45.0075)	(27, 45.7204)	(28, 45.4223)	(29, 45.664500000000004)	(30, 45.486399999999996)	(31, 45.1135)	(32, 45.2787)	(33, 45.2554)	(34, 45.4882)	(35, 45.488299999999995)	(36, 45.4337)	(37, 45.4495)	(38, 45.9311)	(39, 45.558)	(40, 45.6258)	(41, 45.7237)	(42, 45.7763)	(43, 45.5833)	(44, 45.7966)	(45, 46.107)	(46, 45.7226)	(47, 45.816)	(48, 45.9105)	(49, 45.6141)	(50, 45.6563)	(51, 45.7922)	(52, 45.5123)	(53, 45.7944)	(54, 45.7181)	(55, 45.6723)	(56, 45.6323)	(57, 45.9619)	(58, 45.7744)	(59, 45.821600000000004)	(60, 46.0682)	(61, 45.7269)	(62, 45.8999)	(63, 45.8971)	(64, 45.6835)	(65, 45.602399999999996)	(66, 45.4837)	(67, 45.7055)	(68, 46.0149)	(69, 45.9915)	(70, 45.79)	(71, 45.754099999999994)	(72, 46.0279)	(73, 45.9185)	(74, 45.8674)	(75, 46.1539)	(76, 45.6395)	(77, 46.0923)	(78, 46.1093)	(79, 45.879799999999996)	(80, 46.1079)	(81, 45.8778)	(82, 45.5794)	(83, 45.6246)	(84, 45.7275)	(85, 45.831300000000006)	(86, 45.7839)	(87, 45.9719)	(88, 46.141799999999996)	(89, 45.759899999999995)	(90, 46.2335)	(91, 45.8025)	(92, 45.9683)	(93, 46.002900000000004)	(94, 45.6638)	(95, 45.871)	(96, 45.8339)	(97, 45.6445)	(98, 45.9592)	(99, 45.8784)	(100, 45.670899999999996)	(101, 45.738)	(102, 45.8476)	(103, 45.7913)	(104, 45.819900000000004)	(105, 45.7602)	(106, 45.711600000000004)	(107, 45.9042)	(108, 46.2832)	(109, 45.784000000000006)	(110, 46.057900000000004)	(111, 46.0317)	(112, 45.8907)	(113, 45.8317)	(114, 45.628299999999996)	(115, 45.7996)	(116, 45.6277)	(117, 45.8355)	(118, 45.8145)	(119, 45.8719)	(120, 46.3341)	(121, 45.9915)	(122, 46.0458)	(123, 46.260400000000004)	(124, 45.8331)	(125, 46.0901)
GI_24hpi_2	(1, 55.36109999999999)	(2, 33.179199999999994)	(3, 45.6569)	(4, 45.1714)	(5, 42.0034)	(6, 41.7618)	(7, 41.8613)	(8, 51.5898)	(9, 50.0104)	(10, 40.2304)	(11, 55.846799999999995)	(12, 49.1725)	(13, 41.674099999999996)	(14, 44.290099999999995)	(15, 45.8033)	(16, 45.7947)	(17, 45.6588)	(18, 45.7573)	(19, 45.7696)	(20, 45.8626)	(21, 45.8261)	(22, 45.3428)	(23, 45.1753)	(24, 44.9979)	(25, 44.5042)	(26, 44.771100000000004)	(27, 45.4336)	(28, 45.155)	(29, 45.4217)	(30, 45.237100000000005)	(31, 44.838499999999996)	(32, 44.996700000000004)	(33, 45.0766)	(34, 45.2092)	(35, 45.2362)	(36, 45.1785)	(37, 45.158)	(38, 45.647)	(39, 45.3258)	(40, 45.3679)	(41, 45.4589)	(42, 45.4876)	(43, 45.2771)	(44, 45.5245)	(45, 45.8161)	(46, 45.4164)	(47, 45.4977)	(48, 45.6085)	(49, 45.3539)	(50, 45.3702)	(51, 45.498)	(52, 45.2789)	(53, 45.506099999999996)	(54, 45.500299999999996)	(55, 45.417699999999996)	(56, 45.3418)	(57, 45.6188)	(58, 45.4461)	(59, 45.543299999999995)	(60, 45.7387)	(61, 45.439)	(62, 45.6071)	(63, 45.576)	(64, 45.407399999999996)	(65, 45.3956)	(66, 45.250299999999996)	(67, 45.4184)	(68, 45.6825)	(69, 45.7213)	(70, 45.4785)	(71, 45.528800000000004)	(72, 45.7104)	(73, 45.6431)	(74, 45.5485)	(75, 45.807500000000005)	(76, 45.387499999999996)	(77, 45.7735)	(78, 45.782000000000004)	(79, 45.5807)	(80, 45.7406)	(81, 45.6019)	(82, 45.3364)	(83, 45.382099999999994)	(84, 45.4887)	(85, 45.4926)	(86, 45.4841)	(87, 45.6858)	(88, 45.7857)	(89, 45.4601)	(90, 45.919900000000005)	(91, 45.4903)	(92, 45.6671)	(93, 45.661699999999996)	(94, 45.3561)	(95, 45.6248)	(96, 45.5884)	(97, 45.37)	(98, 45.6663)	(99, 45.5735)	(100, 45.3774)	(101, 45.479)	(102, 45.5411)	(103, 45.5152)	(104, 45.4872)	(105, 45.480599999999995)	(106, 45.454299999999996)	(107, 45.6346)	(108, 45.9152)	(109, 45.473400000000005)	(110, 45.747)	(111, 45.7121)	(112, 45.5664)	(113, 45.5285)	(114, 45.400800000000004)	(115, 45.5225)	(116, 45.303399999999996)	(117, 45.5653)	(118, 45.5167)	(119, 45.5663)	(120, 45.9727)	(121, 45.6591)	(122, 45.6758)	(123, 45.9065)	(124, 45.5747)	(125, 45.756)
GI_24hpi_3	(1, 57.2851)	(2, 33.838499999999996)	(3, 46.1348)	(4, 46.0735)	(5, 42.722500000000004)	(6, 42.4205)	(7, 42.8755)	(8, 52.2675)	(9, 50.3785)	(10, 41.03)	(11, 56.7337)	(12, 49.988)	(13, 42.538599999999995)	(14, 45.123000000000005)	(15, 46.7536)	(16, 46.85)	(17, 46.402100000000004)	(18, 46.6723)	(19, 46.6034)	(20, 46.5467)	(21, 46.5795)	(22, 46.1731)	(23, 45.7742)	(24, 45.774300000000004)	(25, 45.467400000000005)	(26, 45.474)	(27, 46.2149)	(28, 45.7916)	(29, 46.1823)	(30, 46.1637)	(31, 45.7413)	(32, 45.8828)	(33, 46.0406)	(34, 46.2793)	(35, 46.083600000000004)	(36, 45.9905)	(37, 46.246500000000005)	(38, 46.5856)	(39, 46.1624)	(40, 46.2427)	(41, 46.395399999999995)	(42, 46.4206)	(43, 46.1379)	(44, 46.2531)	(45, 46.6002)	(46, 46.3339)	(47, 46.2317)	(48, 46.6123)	(49, 46.2647)	(50, 46.3142)	(51, 46.4804)	(52, 46.3165)	(53, 46.2466)	(54, 46.4179)	(55, 46.4589)	(56, 46.201100000000004)	(57, 46.4585)	(58, 46.529399999999995)	(59, 46.586800000000004)	(60, 46.866)	(61, 46.5306)	(62, 46.6402)	(63, 46.4924)	(64, 46.5871)	(65, 46.274300000000004)	(66, 46.4484)	(67, 46.647499999999994)	(68, 46.7973)	(69, 46.7076)	(70, 46.6292)	(71, 46.422200000000004)	(72, 46.5862)	(73, 46.8225)	(74, 46.6483)	(75, 46.6402)	(76, 46.37)	(77, 46.897800000000004)	(78, 46.7572)	(79, 46.6179)	(80, 46.7016)	(81, 46.6875)	(82, 46.3043)	(83, 46.399)	(84, 46.4164)	(85, 46.6905)	(86, 46.3527)	(87, 46.6613)	(88, 46.793800000000005)	(89, 46.3159)	(90, 47.104800000000004)	(91, 46.594)	(92, 46.5815)	(93, 46.6208)	(94, 46.2926)	(95, 46.5625)	(96, 46.541700000000006)	(97, 46.4221)	(98, 46.3801)	(99, 46.5002)	(100, 46.4299)	(101, 46.423199999999994)	(102, 46.5133)	(103, 46.378)	(104, 46.4676)	(105, 46.3218)	(106, 46.4837)	(107, 46.6198)	(108, 46.7115)	(109, 46.5123)	(110, 46.8499)	(111, 46.7409)	(112, 46.7225)	(113, 46.6093)	(114, 46.644600000000004)	(115, 46.6823)	(116, 46.415299999999995)	(117, 46.6889)	(118, 46.8716)	(119, 46.69)	(120, 46.9716)	(121, 46.8887)	(122, 46.8062)	(123, 47.1018)	(124, 46.8292)	(125, 46.8234)
GI_48hpi_1	(1, 53.9296)	(2, 33.3849)	(3, 45.3888)	(4, 46.551700000000004)	(5, 43.541999999999994)	(6, 43.0481)	(7, 42.9222)	(8, 53.345299999999995)	(9, 50.53959999999999)	(10, 41.2659)	(11, 57.2408)	(12, 49.8539)	(13, 42.270799999999994)	(14, 45.2466)	(15, 46.5959)	(16, 46.5598)	(17, 46.536899999999996)	(18, 46.4113)	(19, 46.3451)	(20, 46.408899999999996)	(21, 46.3206)	(22, 46.0259)	(23, 45.5754)	(24, 45.5986)	(25, 45.3307)	(26, 45.4714)	(27, 46.0221)	(28, 45.852)	(29, 46.079)	(30, 45.9957)	(31, 45.5681)	(32, 45.738)	(33, 45.8685)	(34, 45.9527)	(35, 45.9894)	(36, 45.8768)	(37, 45.9148)	(38, 46.2846)	(39, 45.9771)	(40, 45.8733)	(41, 46.283)	(42, 46.2432)	(43, 45.9017)	(44, 46.0497)	(45, 46.340399999999995)	(46, 46.0783)	(47, 46.206)	(48, 46.393299999999996)	(49, 46.0744)	(50, 46.1327)	(51, 46.2128)	(52, 46.1068)	(53, 46.1705)	(54, 46.1262)	(55, 46.1473)	(56, 46.1777)	(57, 46.3624)	(58, 46.3485)	(59, 46.2842)	(60, 46.5553)	(61, 46.2548)	(62, 46.4261)	(63, 46.348299999999995)	(64, 46.2588)	(65, 46.3403)	(66, 46.3086)	(67, 46.366600000000005)	(68, 46.5679)	(69, 46.4457)	(70, 46.4238)	(71, 46.4246)	(72, 46.3326)	(73, 46.4385)	(74, 46.3405)	(75, 46.417)	(76, 46.2127)	(77, 46.5347)	(78, 46.4462)	(79, 46.3178)	(80, 46.5074)	(81, 46.3518)	(82, 46.2594)	(83, 46.4322)	(84, 46.2187)	(85, 46.348099999999995)	(86, 46.352399999999996)	(87, 46.4321)	(88, 46.4973)	(89, 46.306799999999996)	(90, 46.717)	(91, 46.337)	(92, 46.4704)	(93, 46.3113)	(94, 46.1071)	(95, 46.4661)	(96, 46.3709)	(97, 46.207)	(98, 46.3052)	(99, 46.475300000000004)	(100, 46.400200000000005)	(101, 46.316)	(102, 46.4638)	(103, 46.2783)	(104, 46.314699999999995)	(105, 46.2178)	(106, 46.2413)	(107, 46.4502)	(108, 46.631299999999996)	(109, 46.2944)	(110, 46.5996)	(111, 46.6404)	(112, 46.5422)	(113, 46.4181)	(114, 46.422799999999995)	(115, 46.461999999999996)	(116, 46.2387)	(117, 46.4595)	(118, 46.517399999999995)	(119, 46.5082)	(120, 46.616099999999996)	(121, 46.5608)	(122, 46.6597)	(123, 46.6941)	(124, 46.4588)	(125, 46.583000000000006)
GI_48hpi_2	(1, 54.19969999999999)	(2, 33.0128)	(3, 45.3037)	(4, 46.2916)	(5, 43.0566)	(6, 42.8568)	(7, 42.8192)	(8, 53.086)	(9, 50.4024)	(10, 41.051700000000004)	(11, 57.008700000000005)	(12, 49.6807)	(13, 42.1016)	(14, 45.0232)	(15, 46.4538)	(16, 46.3552)	(17, 46.3086)	(18, 46.2971)	(19, 46.257)	(20, 46.27)	(21, 46.2038)	(22, 45.8652)	(23, 45.457300000000004)	(24, 45.4517)	(25, 45.1032)	(26, 45.280300000000004)	(27, 45.8804)	(28, 45.6861)	(29, 45.901599999999995)	(30, 45.797399999999996)	(31, 45.4011)	(32, 45.519999999999996)	(33, 45.7102)	(34, 45.8296)	(35, 45.7662)	(36, 45.751999999999995)	(37, 45.7134)	(38, 46.1282)	(39, 45.8811)	(40, 45.754099999999994)	(41, 46.0777)	(42, 46.0877)	(43, 45.7571)	(44, 45.921)	(45, 46.2076)	(46, 45.9561)	(47, 46.021699999999996)	(48, 46.2072)	(49, 45.9388)	(50, 45.961)	(51, 46.0676)	(52, 45.927099999999996)	(53, 46.0408)	(54, 46.0127)	(55, 45.9917)	(56, 46.0124)	(57, 46.2371)	(58, 46.1479)	(59, 46.1123)	(60, 46.347100000000005)	(61, 46.0779)	(62, 46.2466)	(63, 46.224)	(64, 46.0942)	(65, 46.096900000000005)	(66, 46.133)	(67, 46.156000000000006)	(68, 46.3994)	(69, 46.2629)	(70, 46.2336)	(71, 46.258300000000006)	(72, 46.2645)	(73, 46.2934)	(74, 46.1389)	(75, 46.346)	(76, 46.0708)	(77, 46.317099999999996)	(78, 46.341)	(79, 46.163900000000005)	(80, 46.3579)	(81, 46.2416)	(82, 46.0862)	(83, 46.2353)	(84, 46.1311)	(85, 46.172999999999995)	(86, 46.1903)	(87, 46.3096)	(88, 46.3374)	(89, 46.143499999999996)	(90, 46.5507)	(91, 46.2083)	(92, 46.3316)	(93, 46.187)	(94, 45.9848)	(95, 46.295700000000004)	(96, 46.259)	(97, 46.0287)	(98, 46.169700000000006)	(99, 46.3238)	(100, 46.1867)	(101, 46.1378)	(102, 46.3011)	(103, 46.1588)	(104, 46.1542)	(105, 46.138600000000004)	(106, 46.1455)	(107, 46.2753)	(108, 46.5127)	(109, 46.1451)	(110, 46.3911)	(111, 46.4656)	(112, 46.381)	(113, 46.2886)	(114, 46.2634)	(115, 46.2857)	(116, 46.0739)	(117, 46.3206)	(118, 46.2845)	(119, 46.3078)	(120, 46.5253)	(121, 46.3602)	(122, 46.4704)	(123, 46.497)	(124, 46.2704)	(125, 46.3382)
GI_48hpi_3	(1, 54.1455)	(2, 32.8278)	(3, 45.3557)	(4, 46.07)	(5, 42.910900000000005)	(6, 42.6726)	(7, 42.5745)	(8, 52.857)	(9, 50.35079999999999)	(10, 40.9015)	(11, 56.85059999999999)	(12, 49.5655)	(13, 41.9927)	(14, 44.8166)	(15, 46.3913)	(16, 46.1948)	(17, 46.2481)	(18, 46.274300000000004)	(19, 46.1421)	(20, 46.147)	(21, 46.1542)	(22, 45.7768)	(23, 45.3551)	(24, 45.372299999999996)	(25, 44.9725)	(26, 45.1772)	(27, 45.8014)	(28, 45.5939)	(29, 45.7847)	(30, 45.6964)	(31, 45.2759)	(32, 45.432)	(33, 45.6589)	(34, 45.6807)	(35, 45.6958)	(36, 45.647999999999996)	(37, 45.641799999999996)	(38, 45.984700000000004)	(39, 45.8507)	(40, 45.6691)	(41, 45.9325)	(42, 46.0144)	(43, 45.6406)	(44, 45.8215)	(45, 46.1201)	(46, 45.799099999999996)	(47, 45.9227)	(48, 46.1487)	(49, 45.7853)	(50, 45.917)	(51, 46.0364)	(52, 45.8527)	(53, 45.9017)	(54, 45.98)	(55, 45.8799)	(56, 45.906400000000005)	(57, 46.1351)	(58, 46.0364)	(59, 46.006099999999996)	(60, 46.2787)	(61, 45.9808)	(62, 46.1292)	(63, 46.1372)	(64, 45.9862)	(65, 46.0328)	(66, 46.096900000000005)	(67, 46.0629)	(68, 46.361000000000004)	(69, 46.2534)	(70, 46.145199999999996)	(71, 46.2095)	(72, 46.193400000000004)	(73, 46.1832)	(74, 46.0658)	(75, 46.2411)	(76, 46.0064)	(77, 46.2528)	(78, 46.292)	(79, 46.1107)	(80, 46.2817)	(81, 46.2408)	(82, 46.0203)	(83, 46.1425)	(84, 46.0833)	(85, 46.069500000000005)	(86, 46.0891)	(87, 46.2748)	(88, 46.2158)	(89, 46.067099999999996)	(90, 46.4797)	(91, 46.1669)	(92, 46.2528)	(93, 46.0997)	(94, 45.9372)	(95, 46.245799999999996)	(96, 46.2014)	(97, 45.9611)	(98, 46.1292)	(99, 46.306999999999995)	(100, 46.1387)	(101, 46.1128)	(102, 46.3301)	(103, 46.0809)	(104, 46.0652)	(105, 46.072)	(106, 46.06)	(107, 46.2037)	(108, 46.3725)	(109, 46.0867)	(110, 46.2835)	(111, 46.4103)	(112, 46.2909)	(113, 46.2341)	(114, 46.2421)	(115, 46.2029)	(116, 46.0259)	(117, 46.276)	(118, 46.191700000000004)	(119, 46.2658)	(120, 46.4508)	(121, 46.259)	(122, 46.3649)	(123, 46.4016)	(124, 46.1842)	(125, 46.2413)
GI_6hpi_1	(1, 56.604699999999994)	(2, 31.7639)	(3, 45.630500000000005)	(4, 45.3129)	(5, 42.247099999999996)	(6, 42.351299999999995)	(7, 42.497299999999996)	(8, 52.038700000000006)	(9, 50.2011)	(10, 40.7478)	(11, 56.6425)	(12, 49.6342)	(13, 42.0734)	(14, 44.7322)	(15, 46.4251)	(16, 46.2299)	(17, 46.14)	(18, 46.331)	(19, 46.2288)	(20, 46.1352)	(21, 46.2641)	(22, 45.8427)	(23, 45.4563)	(24, 45.4042)	(25, 44.9185)	(26, 45.096799999999995)	(27, 45.7447)	(28, 45.575500000000005)	(29, 45.744)	(30, 45.7496)	(31, 45.2924)	(32, 45.3613)	(33, 45.6407)	(34, 45.6404)	(35, 45.5557)	(36, 45.6776)	(37, 45.5278)	(38, 45.9422)	(39, 45.809)	(40, 45.7234)	(41, 45.8052)	(42, 45.9205)	(43, 45.698100000000004)	(44, 45.785599999999995)	(45, 46.1128)	(46, 45.7569)	(47, 45.7387)	(48, 45.996900000000004)	(49, 45.7437)	(50, 45.696)	(51, 45.9938)	(52, 45.743)	(53, 45.8504)	(54, 45.951)	(55, 45.7879)	(56, 45.6662)	(57, 45.984700000000004)	(58, 45.767799999999994)	(59, 45.781)	(60, 46.078599999999994)	(61, 45.8505)	(62, 45.8433)	(63, 46.0309)	(64, 45.827)	(65, 45.7841)	(66, 45.8247)	(67, 45.812000000000005)	(68, 45.9732)	(69, 46.0388)	(70, 45.8563)	(71, 45.8705)	(72, 46.0501)	(73, 46.055)	(74, 45.8172)	(75, 46.1952)	(76, 45.7857)	(77, 45.9524)	(78, 46.132600000000004)	(79, 45.9176)	(80, 46.0426)	(81, 46.0952)	(82, 45.7824)	(83, 45.7994)	(84, 45.9286)	(85, 45.9404)	(86, 45.7806)	(87, 46.1372)	(88, 46.130300000000005)	(89, 45.7475)	(90, 46.2509)	(91, 45.9794)	(92, 45.9403)	(93, 46.0387)	(94, 45.7438)	(95, 45.9812)	(96, 46.043800000000005)	(97, 45.764500000000005)	(98, 45.9723)	(99, 46.0986)	(100, 45.8481)	(101, 45.8558)	(102, 46.0542)	(103, 45.9038)	(104, 45.8507)	(105, 45.9641)	(106, 45.8789)	(107, 45.9045)	(108, 46.2449)	(109, 45.893)	(110, 46.0283)	(111, 46.1402)	(112, 46.0043)	(113, 45.8903)	(114, 45.9702)	(115, 46.0193)	(116, 45.744299999999996)	(117, 46.0959)	(118, 45.9789)	(119, 45.9009)	(120, 46.319700000000005)	(121, 46.052)	(122, 45.9955)	(123, 46.2368)	(124, 46.0559)	(125, 46.0271)
GI_6hpi_2	(1, 56.19499999999999)	(2, 31.6353)	(3, 45.1048)	(4, 44.9137)	(5, 42.018699999999995)	(6, 41.924499999999995)	(7, 42.03)	(8, 51.6378)	(9, 49.9079)	(10, 40.417199999999994)	(11, 56.175)	(12, 49.3556)	(13, 41.775)	(14, 44.4016)	(15, 46.128099999999996)	(16, 45.8168)	(17, 45.7765)	(18, 46.037099999999995)	(19, 45.8597)	(20, 45.8474)	(21, 45.9411)	(22, 45.4918)	(23, 45.1428)	(24, 45.0393)	(25, 44.5969)	(26, 44.714)	(27, 45.3978)	(28, 45.2435)	(29, 45.3482)	(30, 45.4061)	(31, 44.948100000000004)	(32, 45.020900000000005)	(33, 45.3069)	(34, 45.285799999999995)	(35, 45.2171)	(36, 45.3575)	(37, 45.1657)	(38, 45.583)	(39, 45.476299999999995)	(40, 45.372800000000005)	(41, 45.4429)	(42, 45.594)	(43, 45.3652)	(44, 45.459500000000006)	(45, 45.7624)	(46, 45.3959)	(47, 45.399)	(48, 45.6608)	(49, 45.3797)	(50, 45.359899999999996)	(51, 45.643899999999995)	(52, 45.3901)	(53, 45.5185)	(54, 45.6207)	(55, 45.4221)	(56, 45.3481)	(57, 45.6151)	(58, 45.4202)	(59, 45.4142)	(60, 45.7041)	(61, 45.4917)	(62, 45.5227)	(63, 45.6931)	(64, 45.467999999999996)	(65, 45.4582)	(66, 45.4923)	(67, 45.4712)	(68, 45.6542)	(69, 45.685199999999995)	(70, 45.4752)	(71, 45.528400000000005)	(72, 45.734700000000004)	(73, 45.665499999999994)	(74, 45.4588)	(75, 45.8191)	(76, 45.4349)	(77, 45.6063)	(78, 45.7474)	(79, 45.5214)	(80, 45.6691)	(81, 45.7128)	(82, 45.3889)	(83, 45.4671)	(84, 45.6123)	(85, 45.5343)	(86, 45.4188)	(87, 45.744)	(88, 45.772200000000005)	(89, 45.3903)	(90, 45.8571)	(91, 45.5274)	(92, 45.5847)	(93, 45.6952)	(94, 45.401)	(95, 45.5983)	(96, 45.6738)	(97, 45.3909)	(98, 45.622299999999996)	(99, 45.7689)	(100, 45.419399999999996)	(101, 45.5055)	(102, 45.7163)	(103, 45.561)	(104, 45.4718)	(105, 45.6304)	(106, 45.480599999999995)	(107, 45.5279)	(108, 45.8698)	(109, 45.5209)	(110, 45.6626)	(111, 45.7609)	(112, 45.604499999999994)	(113, 45.529599999999995)	(114, 45.6225)	(115, 45.6265)	(116, 45.4356)	(117, 45.7672)	(118, 45.5492)	(119, 45.5403)	(120, 45.9516)	(121, 45.658500000000004)	(122, 45.6138)	(123, 45.868199999999995)	(124, 45.6422)	(125, 45.6465)
GI_6hpi_3	(1, 56.2769)	(2, 31.717699999999997)	(3, 45.3159)	(4, 45.0128)	(5, 41.9885)	(6, 42.065999999999995)	(7, 42.1754)	(8, 51.77890000000001)	(9, 49.977)	(10, 40.4171)	(11, 56.3306)	(12, 49.3356)	(13, 41.7498)	(14, 44.3957)	(15, 46.1124)	(16, 45.8525)	(17, 45.8096)	(18, 46.028000000000006)	(19, 45.8743)	(20, 45.852900000000005)	(21, 45.968599999999995)	(22, 45.5192)	(23, 45.1017)	(24, 45.0917)	(25, 44.584)	(26, 44.7228)	(27, 45.407399999999996)	(28, 45.273)	(29, 45.391)	(30, 45.4526)	(31, 45.002900000000004)	(32, 45.076100000000004)	(33, 45.3367)	(34, 45.3263)	(35, 45.2762)	(36, 45.3636)	(37, 45.217800000000004)	(38, 45.6378)	(39, 45.4959)	(40, 45.4264)	(41, 45.488800000000005)	(42, 45.6402)	(43, 45.397)	(44, 45.4992)	(45, 45.8432)	(46, 45.4603)	(47, 45.4444)	(48, 45.7598)	(49, 45.4465)	(50, 45.4202)	(51, 45.7271)	(52, 45.485)	(53, 45.56)	(54, 45.6892)	(55, 45.5043)	(56, 45.3951)	(57, 45.704699999999995)	(58, 45.508700000000005)	(59, 45.4979)	(60, 45.8147)	(61, 45.5874)	(62, 45.6111)	(63, 45.7822)	(64, 45.554)	(65, 45.5721)	(66, 45.6014)	(67, 45.5542)	(68, 45.7569)	(69, 45.759899999999995)	(70, 45.5684)	(71, 45.6211)	(72, 45.8151)	(73, 45.7813)	(74, 45.5643)	(75, 45.910000000000004)	(76, 45.5176)	(77, 45.7254)	(78, 45.8486)	(79, 45.631)	(80, 45.7915)	(81, 45.8212)	(82, 45.5123)	(83, 45.594699999999996)	(84, 45.7064)	(85, 45.6598)	(86, 45.5057)	(87, 45.8831)	(88, 45.865)	(89, 45.510400000000004)	(90, 45.9712)	(91, 45.6609)	(92, 45.6702)	(93, 45.7689)	(94, 45.487899999999996)	(95, 45.7322)	(96, 45.774300000000004)	(97, 45.4854)	(98, 45.718399999999995)	(99, 45.890100000000004)	(100, 45.5371)	(101, 45.6274)	(102, 45.7978)	(103, 45.622299999999996)	(104, 45.5994)	(105, 45.7288)	(106, 45.6015)	(107, 45.6486)	(108, 45.9662)	(109, 45.6378)	(110, 45.7841)	(111, 45.880500000000005)	(112, 45.718399999999995)	(113, 45.6323)	(114, 45.7011)	(115, 45.7228)	(116, 45.5391)	(117, 45.866)	(118, 45.6736)	(119, 45.635)	(120, 46.042699999999996)	(121, 45.745799999999996)	(122, 45.7366)	(123, 45.998)	(124, 45.7619)	(125, 45.8151)
HC_24hpi_1	(1, 55.9225)	(2, 32.1036)	(3, 45.2086)	(4, 45.2018)	(5, 42.097)	(6, 42.0206)	(7, 42.0854)	(8, 51.856)	(9, 50.1575)	(10, 40.3621)	(11, 56.3518)	(12, 49.3803)	(13, 41.7053)	(14, 44.563)	(15, 46.0866)	(16, 45.845200000000006)	(17, 45.7823)	(18, 45.9518)	(19, 45.8943)	(20, 45.9452)	(21, 45.927800000000005)	(22, 45.4769)	(23, 45.0498)	(24, 45.036)	(25, 44.6479)	(26, 44.721)	(27, 45.4664)	(28, 45.2826)	(29, 45.4586)	(30, 45.3839)	(31, 45.0387)	(32, 45.1034)	(33, 45.3207)	(34, 45.376)	(35, 45.31)	(36, 45.2656)	(37, 45.1698)	(38, 45.6139)	(39, 45.4197)	(40, 45.3607)	(41, 45.5994)	(42, 45.651399999999995)	(43, 45.306999999999995)	(44, 45.5674)	(45, 45.9082)	(46, 45.422200000000004)	(47, 45.445600000000006)	(48, 45.7085)	(49, 45.4353)	(50, 45.4183)	(51, 45.6417)	(52, 45.4713)	(53, 45.521699999999996)	(54, 45.5863)	(55, 45.5146)	(56, 45.3318)	(57, 45.7134)	(58, 45.5024)	(59, 45.4777)	(60, 45.7963)	(61, 45.5052)	(62, 45.684999999999995)	(63, 45.7145)	(64, 45.5257)	(65, 45.571)	(66, 45.582699999999996)	(67, 45.5264)	(68, 45.8365)	(69, 45.779199999999996)	(70, 45.5248)	(71, 45.6048)	(72, 45.7812)	(73, 45.7137)	(74, 45.5715)	(75, 45.856700000000004)	(76, 45.4534)	(77, 45.6822)	(78, 45.7869)	(79, 45.6162)	(80, 45.7312)	(81, 45.7137)	(82, 45.453500000000005)	(83, 45.4767)	(84, 45.5968)	(85, 45.6586)	(86, 45.550000000000004)	(87, 45.7237)	(88, 45.824799999999996)	(89, 45.5122)	(90, 45.9464)	(91, 45.562000000000005)	(92, 45.675)	(93, 45.635)	(94, 45.3692)	(95, 45.7044)	(96, 45.6383)	(97, 45.3422)	(98, 45.596)	(99, 45.6958)	(100, 45.4305)	(101, 45.4726)	(102, 45.7024)	(103, 45.5185)	(104, 45.555800000000005)	(105, 45.582499999999996)	(106, 45.5476)	(107, 45.5621)	(108, 45.8397)	(109, 45.4976)	(110, 45.678999999999995)	(111, 45.7573)	(112, 45.6526)	(113, 45.531)	(114, 45.542899999999996)	(115, 45.6322)	(116, 45.416000000000004)	(117, 45.7499)	(118, 45.5235)	(119, 45.6353)	(120, 45.9284)	(121, 45.7324)	(122, 45.792699999999996)	(123, 45.8803)	(124, 45.6266)	(125, 45.6407)
HC_24hpi_2	(1, 55.49849999999999)	(2, 32.7915)	(3, 45.2607)	(4, 45.319900000000004)	(5, 42.1415)	(6, 42.066199999999995)	(7, 42.0777)	(8, 52.0308)	(9, 50.2647)	(10, 40.3364)	(11, 56.3678)	(12, 49.4112)	(13, 41.727199999999996)	(14, 44.6111)	(15, 46.0496)	(16, 45.8361)	(17, 45.745999999999995)	(18, 45.9046)	(19, 45.9034)	(20, 45.9652)	(21, 45.962599999999995)	(22, 45.4759)	(23, 45.1261)	(24, 45.097300000000004)	(25, 44.7034)	(26, 44.8419)	(27, 45.5401)	(28, 45.34)	(29, 45.4965)	(30, 45.4251)	(31, 45.096399999999996)	(32, 45.1896)	(33, 45.376)	(34, 45.4484)	(35, 45.378)	(36, 45.3179)	(37, 45.246900000000004)	(38, 45.6706)	(39, 45.4395)	(40, 45.380900000000004)	(41, 45.7121)	(42, 45.7128)	(43, 45.3513)	(44, 45.685700000000004)	(45, 46.0554)	(46, 45.4926)	(47, 45.5735)	(48, 45.7694)	(49, 45.4897)	(50, 45.481100000000005)	(51, 45.7235)	(52, 45.4827)	(53, 45.6285)	(54, 45.645799999999994)	(55, 45.582699999999996)	(56, 45.4436)	(57, 45.844)	(58, 45.6293)	(59, 45.5955)	(60, 45.9015)	(61, 45.5994)	(62, 45.7767)	(63, 45.808)	(64, 45.5822)	(65, 45.6548)	(66, 45.6464)	(67, 45.6111)	(68, 45.9588)	(69, 45.8741)	(70, 45.6095)	(71, 45.736399999999996)	(72, 45.9126)	(73, 45.825700000000005)	(74, 45.7289)	(75, 45.9486)	(76, 45.577)	(77, 45.852599999999995)	(78, 45.919)	(79, 45.7499)	(80, 45.8629)	(81, 45.8367)	(82, 45.5732)	(83, 45.5979)	(84, 45.6431)	(85, 45.797900000000006)	(86, 45.6697)	(87, 45.8588)	(88, 45.9399)	(89, 45.6417)	(90, 46.1291)	(91, 45.6775)	(92, 45.8569)	(93, 45.8119)	(94, 45.461800000000004)	(95, 45.8296)	(96, 45.8242)	(97, 45.4917)	(98, 45.7497)	(99, 45.813199999999995)	(100, 45.5689)	(101, 45.6306)	(102, 45.7762)	(103, 45.6235)	(104, 45.726299999999995)	(105, 45.711800000000004)	(106, 45.646100000000004)	(107, 45.7618)	(108, 46.0111)	(109, 45.633)	(110, 45.8611)	(111, 45.915499999999994)	(112, 45.773)	(113, 45.6741)	(114, 45.6746)	(115, 45.7594)	(116, 45.5058)	(117, 45.811099999999996)	(118, 45.6869)	(119, 45.7366)	(120, 46.0779)	(121, 45.8705)	(122, 45.9619)	(123, 46.0722)	(124, 45.7538)	(125, 45.8168)
HC_24hpi_3	(1, 57.14280000000001)	(2, 32.5335)	(3, 45.360099999999996)	(4, 44.973400000000005)	(5, 41.5261)	(6, 41.3195)	(7, 41.5041)	(8, 51.01090000000001)	(9, 49.605)	(10, 40.134100000000004)	(11, 55.728)	(12, 49.0687)	(13, 41.6384)	(14, 44.2621)	(15, 45.811)	(16, 45.6274)	(17, 45.4855)	(18, 45.7663)	(19, 45.758500000000005)	(20, 45.675399999999996)	(21, 45.7515)	(22, 45.263)	(23, 44.9876)	(24, 44.9303)	(25, 44.5372)	(26, 44.5264)	(27, 45.3031)	(28, 45.0542)	(29, 45.3023)	(30, 45.18)	(31, 44.8443)	(32, 44.9628)	(33, 45.1727)	(34, 45.2541)	(35, 45.1094)	(36, 45.1006)	(37, 44.9891)	(38, 45.3671)	(39, 45.226699999999994)	(40, 45.2098)	(41, 45.4223)	(42, 45.4662)	(43, 45.141999999999996)	(44, 45.3622)	(45, 45.716)	(46, 45.2739)	(47, 45.281)	(48, 45.556799999999996)	(49, 45.279199999999996)	(50, 45.2817)	(51, 45.5255)	(52, 45.2899)	(53, 45.3906)	(54, 45.4857)	(55, 45.3759)	(56, 45.203500000000005)	(57, 45.562999999999995)	(58, 45.3288)	(59, 45.3009)	(60, 45.6374)	(61, 45.4714)	(62, 45.4421)	(63, 45.549299999999995)	(64, 45.4112)	(65, 45.287)	(66, 45.3739)	(67, 45.3842)	(68, 45.6139)	(69, 45.650200000000005)	(70, 45.3774)	(71, 45.4151)	(72, 45.7361)	(73, 45.6408)	(74, 45.473200000000006)	(75, 45.820499999999996)	(76, 45.447700000000005)	(77, 45.6661)	(78, 45.7196)	(79, 45.585300000000004)	(80, 45.6733)	(81, 45.6988)	(82, 45.3853)	(83, 45.312799999999996)	(84, 45.4236)	(85, 45.5334)	(86, 45.448699999999995)	(87, 45.6669)	(88, 45.7658)	(89, 45.3629)	(90, 45.8953)	(91, 45.5545)	(92, 45.6302)	(93, 45.693400000000004)	(94, 45.298100000000005)	(95, 45.6314)	(96, 45.6231)	(97, 45.3538)	(98, 45.5189)	(99, 45.6057)	(100, 45.3945)	(101, 45.4401)	(102, 45.6157)	(103, 45.4709)	(104, 45.569500000000005)	(105, 45.5488)	(106, 45.460899999999995)	(107, 45.5297)	(108, 45.8282)	(109, 45.4569)	(110, 45.5835)	(111, 45.725500000000004)	(112, 45.5726)	(113, 45.5042)	(114, 45.5034)	(115, 45.5754)	(116, 45.2937)	(117, 45.643499999999996)	(118, 45.519999999999996)	(119, 45.4651)	(120, 45.8782)	(121, 45.724900000000005)	(122, 45.713300000000004)	(123, 45.8588)	(124, 45.6162)	(125, 45.5783)
HC_48hpi_1	(1, 54.722899999999996)	(2, 34.2015)	(3, 45.676)	(4, 45.3151)	(5, 42.0433)	(6, 41.7307)	(7, 41.778)	(8, 51.759)	(9, 50.06)	(10, 40.0465)	(11, 55.6588)	(12, 49.1714)	(13, 41.5219)	(14, 44.2425)	(15, 45.7579)	(16, 45.670100000000005)	(17, 45.4324)	(18, 45.6727)	(19, 45.7395)	(20, 45.9361)	(21, 45.7042)	(22, 45.2911)	(23, 45.0408)	(24, 44.994299999999996)	(25, 44.473800000000004)	(26, 44.7821)	(27, 45.4833)	(28, 45.0883)	(29, 45.3483)	(30, 45.1214)	(31, 44.829)	(32, 45.0721)	(33, 44.984)	(34, 45.1081)	(35, 45.157399999999996)	(36, 45.049)	(37, 45.088699999999996)	(38, 45.4416)	(39, 45.176100000000005)	(40, 45.1313)	(41, 45.4332)	(42, 45.433099999999996)	(43, 45.152)	(44, 45.5541)	(45, 45.7924)	(46, 45.3239)	(47, 45.4164)	(48, 45.4433)	(49, 45.224599999999995)	(50, 45.347500000000004)	(51, 45.351200000000006)	(52, 45.1527)	(53, 45.4051)	(54, 45.3089)	(55, 45.313700000000004)	(56, 45.2757)	(57, 45.5552)	(58, 45.3428)	(59, 45.4527)	(60, 45.6738)	(61, 45.263999999999996)	(62, 45.5946)	(63, 45.4944)	(64, 45.2611)	(65, 45.2194)	(66, 45.198899999999995)	(67, 45.3573)	(68, 45.7691)	(69, 45.658300000000004)	(70, 45.291599999999995)	(71, 45.4762)	(72, 45.6904)	(73, 45.5024)	(74, 45.561299999999996)	(75, 45.6503)	(76, 45.2104)	(77, 45.7075)	(78, 45.6884)	(79, 45.6241)	(80, 45.6388)	(81, 45.5346)	(82, 45.195800000000006)	(83, 45.0921)	(84, 45.2613)	(85, 45.4302)	(86, 45.440999999999995)	(87, 45.4437)	(88, 45.6184)	(89, 45.5043)	(90, 45.762)	(91, 45.3347)	(92, 45.607)	(93, 45.6428)	(94, 45.2064)	(95, 45.4457)	(96, 45.366099999999996)	(97, 45.265499999999996)	(98, 45.3778)	(99, 45.3665)	(100, 45.205400000000004)	(101, 45.2703)	(102, 45.453500000000005)	(103, 45.299499999999995)	(104, 45.490399999999994)	(105, 45.339)	(106, 45.3203)	(107, 45.5248)	(108, 45.837)	(109, 45.3676)	(110, 45.5544)	(111, 45.6596)	(112, 45.4148)	(113, 45.4966)	(114, 45.2872)	(115, 45.354499999999994)	(116, 45.1594)	(117, 45.4159)	(118, 45.3362)	(119, 45.5402)	(120, 45.8446)	(121, 45.5379)	(122, 45.7075)	(123, 45.7997)	(124, 45.3448)	(125, 45.508500000000005)
HC_48hpi_2	(1, 55.0833)	(2, 35.0931)	(3, 46.0186)	(4, 45.4868)	(5, 42.1035)	(6, 41.5885)	(7, 41.7505)	(8, 51.6363)	(9, 49.682700000000004)	(10, 40.342299999999994)	(11, 55.445100000000004)	(12, 48.8624)	(13, 41.6169)	(14, 44.2096)	(15, 45.6401)	(16, 45.708)	(17, 45.4375)	(18, 45.5939)	(19, 45.7202)	(20, 45.8861)	(21, 45.637100000000004)	(22, 45.2153)	(23, 45.0231)	(24, 44.9735)	(25, 44.5942)	(26, 44.9091)	(27, 45.5178)	(28, 45.1993)	(29, 45.4786)	(30, 45.1621)	(31, 44.9301)	(32, 45.0656)	(33, 44.939)	(34, 45.230399999999996)	(35, 45.216)	(36, 45.129999999999995)	(37, 45.1107)	(38, 45.467800000000004)	(39, 45.1868)	(40, 45.184400000000004)	(41, 45.4714)	(42, 45.4075)	(43, 45.1167)	(44, 45.5557)	(45, 45.7795)	(46, 45.3324)	(47, 45.4895)	(48, 45.462399999999995)	(49, 45.2937)	(50, 45.3775)	(51, 45.3805)	(52, 45.1599)	(53, 45.3753)	(54, 45.2237)	(55, 45.314)	(56, 45.306400000000004)	(57, 45.551199999999994)	(58, 45.3784)	(59, 45.5114)	(60, 45.7012)	(61, 45.2918)	(62, 45.5936)	(63, 45.459500000000006)	(64, 45.2988)	(65, 45.2356)	(66, 45.1787)	(67, 45.3254)	(68, 45.718199999999996)	(69, 45.6199)	(70, 45.3657)	(71, 45.4464)	(72, 45.653)	(73, 45.501599999999996)	(74, 45.5436)	(75, 45.6385)	(76, 45.2855)	(77, 45.757)	(78, 45.660000000000004)	(79, 45.628800000000005)	(80, 45.6684)	(81, 45.5092)	(82, 45.2468)	(83, 45.2196)	(84, 45.233200000000004)	(85, 45.4189)	(86, 45.4513)	(87, 45.4531)	(88, 45.705400000000004)	(89, 45.567099999999996)	(90, 45.793)	(91, 45.4316)	(92, 45.683)	(93, 45.6591)	(94, 45.245000000000005)	(95, 45.536100000000005)	(96, 45.4043)	(97, 45.2546)	(98, 45.4243)	(99, 45.3718)	(100, 45.2936)	(101, 45.3273)	(102, 45.4341)	(103, 45.387899999999995)	(104, 45.487)	(105, 45.33)	(106, 45.3587)	(107, 45.543099999999995)	(108, 45.833600000000004)	(109, 45.414100000000005)	(110, 45.6338)	(111, 45.6348)	(112, 45.4891)	(113, 45.496700000000004)	(114, 45.2499)	(115, 45.3731)	(116, 45.1575)	(117, 45.3501)	(118, 45.4175)	(119, 45.5279)	(120, 45.7986)	(121, 45.6397)	(122, 45.7584)	(123, 45.8379)	(124, 45.4652)	(125, 45.569199999999995)
HC_48hpi_3	(1, 55.0003)	(2, 34.3909)	(3, 45.7368)	(4, 45.326100000000004)	(5, 42.0953)	(6, 41.5929)	(7, 41.6092)	(8, 51.605199999999996)	(9, 49.6257)	(10, 40.1616)	(11, 55.5701)	(12, 48.8138)	(13, 41.4621)	(14, 44.177)	(15, 45.6348)	(16, 45.593)	(17, 45.4089)	(18, 45.5667)	(19, 45.651)	(20, 45.8027)	(21, 45.5918)	(22, 45.162600000000005)	(23, 44.9725)	(24, 44.9038)	(25, 44.4697)	(26, 44.754)	(27, 45.421299999999995)	(28, 45.0988)	(29, 45.2943)	(30, 45.0453)	(31, 44.7656)	(32, 44.996700000000004)	(33, 44.9424)	(34, 45.1)	(35, 45.1265)	(36, 45.045)	(37, 45.0304)	(38, 45.4507)	(39, 45.1841)	(40, 45.1134)	(41, 45.372099999999996)	(42, 45.335300000000004)	(43, 45.1016)	(44, 45.4622)	(45, 45.6876)	(46, 45.225500000000004)	(47, 45.3624)	(48, 45.4109)	(49, 45.186)	(50, 45.3003)	(51, 45.3465)	(52, 45.0703)	(53, 45.3333)	(54, 45.2154)	(55, 45.232499999999995)	(56, 45.2228)	(57, 45.4723)	(58, 45.269)	(59, 45.3922)	(60, 45.5713)	(61, 45.2252)	(62, 45.535599999999995)	(63, 45.4112)	(64, 45.2104)	(65, 45.1659)	(66, 45.1699)	(67, 45.2809)	(68, 45.6532)	(69, 45.5963)	(70, 45.2447)	(71, 45.4052)	(72, 45.5823)	(73, 45.4118)	(74, 45.4361)	(75, 45.5511)	(76, 45.1974)	(77, 45.6395)	(78, 45.6013)	(79, 45.5439)	(80, 45.5852)	(81, 45.4644)	(82, 45.1661)	(83, 45.0942)	(84, 45.238)	(85, 45.3377)	(86, 45.3844)	(87, 45.4047)	(88, 45.553)	(89, 45.4418)	(90, 45.7183)	(91, 45.3006)	(92, 45.5437)	(93, 45.5168)	(94, 45.1551)	(95, 45.4252)	(96, 45.3509)	(97, 45.1556)	(98, 45.3552)	(99, 45.3254)	(100, 45.1716)	(101, 45.2473)	(102, 45.4179)	(103, 45.2545)	(104, 45.4308)	(105, 45.2461)	(106, 45.272)	(107, 45.423)	(108, 45.7228)	(109, 45.327400000000004)	(110, 45.5311)	(111, 45.5376)	(112, 45.3382)	(113, 45.4235)	(114, 45.2162)	(115, 45.306400000000004)	(116, 45.158500000000004)	(117, 45.3666)	(118, 45.3021)	(119, 45.488299999999995)	(120, 45.791199999999996)	(121, 45.5185)	(122, 45.631)	(123, 45.7231)	(124, 45.3373)	(125, 45.460499999999996)
HC_6hpi_1	(1, 59.33969999999999)	(2, 33.400800000000004)	(3, 45.9436)	(4, 49.3985)	(5, 44.7785)	(6, 41.592400000000005)	(7, 41.5426)	(8, 54.761)	(9, 49.7469)	(10, 39.5652)	(11, 54.275)	(12, 46.1411)	(13, 40.0692)	(14, 44.4023)	(15, 45.9931)	(16, 45.9657)	(17, 45.8421)	(18, 45.6515)	(19, 45.6872)	(20, 45.5903)	(21, 45.3215)	(22, 45.2206)	(23, 44.993300000000005)	(24, 44.9661)	(25, 44.9582)	(26, 44.9072)	(27, 45.2046)	(28, 45.3007)	(29, 45.4483)	(30, 0.0)	(31, 44.967800000000004)	(32, 45.1017)	(33, 45.309)	(34, 45.435900000000004)	(35, 45.4772)	(36, 45.2643)	(37, 45.2347)	(38, 45.7677)	(39, 45.352)	(40, 45.4168)	(41, 45.6707)	(42, 45.4488)	(43, 45.6234)	(44, 45.524300000000004)	(45, 45.6619)	(46, 45.5959)	(47, 45.5796)	(48, 45.6481)	(49, 45.6385)	(50, 45.5312)	(51, 45.6569)	(52, 45.772800000000004)	(53, 45.736399999999996)	(54, 45.6202)	(55, 45.705400000000004)	(56, 45.6385)	(57, 45.6325)	(58, 45.7223)	(59, 45.6345)	(60, 45.7523)	(61, 45.8057)	(62, 45.8597)	(63, 45.6698)	(64, 45.841)	(65, 45.6729)	(66, 45.7387)	(67, 45.832499999999996)	(68, 45.8717)	(69, 45.587)	(70, 45.7229)	(71, 45.793299999999995)	(72, 45.5867)	(73, 45.8582)	(74, 45.7538)	(75, 45.818599999999996)	(76, 45.6416)	(77, 45.8542)	(78, 45.7468)	(79, 45.7351)	(80, 45.8684)	(81, 45.725)	(82, 45.7999)	(83, 45.7487)	(84, 45.597)	(85, 45.8769)	(86, 45.7088)	(87, 45.6901)	(88, 45.9126)	(89, 45.706)	(90, 45.8163)	(91, 45.9291)	(92, 45.7457)	(93, 45.5775)	(94, 45.6796)	(95, 45.988)	(96, 45.8669)	(97, 45.7001)	(98, 45.9082)	(99, 45.856)	(100, 45.731)	(101, 45.6992)	(102, 45.8056)	(103, 45.8103)	(104, 45.914100000000005)	(105, 45.697700000000005)	(106, 45.906400000000005)	(107, 45.8278)	(108, 45.835)	(109, 45.8282)	(110, 45.900600000000004)	(111, 45.7994)	(112, 45.9521)	(113, 45.7833)	(114, 45.7156)	(115, 45.9296)	(116, 45.7312)	(117, 45.8866)	(118, 45.925700000000006)	(119, 45.8861)	(120, 45.9048)	(121, 45.867599999999996)	(122, 45.9305)	(123, 45.824799999999996)	(124, 45.927800000000005)	(125, 45.8897)
HC_6hpi_2	(1, 59.9738)	(2, 33.2264)	(3, 45.9766)	(4, 49.4204)	(5, 44.986)	(6, 41.5046)	(7, 41.6706)	(8, 54.748799999999996)	(9, 49.6381)	(10, 39.7953)	(11, 54.3327)	(12, 46.1849)	(13, 40.1835)	(14, 44.4992)	(15, 46.0778)	(16, 46.0355)	(17, 45.8974)	(18, 45.717400000000005)	(19, 45.7695)	(20, 45.7082)	(21, 45.399499999999996)	(22, 45.347100000000005)	(23, 45.0598)	(24, 45.028)	(25, 45.0372)	(26, 44.996399999999994)	(27, 45.2952)	(28, 45.3549)	(29, 45.4933)	(30, 0.0)	(31, 45.0232)	(32, 45.1974)	(33, 45.3409)	(34, 45.495999999999995)	(35, 45.468399999999995)	(36, 45.2959)	(37, 45.344)	(38, 45.7435)	(39, 45.395799999999994)	(40, 45.5229)	(41, 45.7074)	(42, 45.453700000000005)	(43, 45.654)	(44, 45.5537)	(45, 45.663)	(46, 45.6529)	(47, 45.571600000000004)	(48, 45.6006)	(49, 45.7008)	(50, 45.5633)	(51, 45.618900000000004)	(52, 45.7822)	(53, 45.763799999999996)	(54, 45.583800000000004)	(55, 45.729)	(56, 45.6123)	(57, 45.5741)	(58, 45.7019)	(59, 45.6131)	(60, 45.6935)	(61, 45.791399999999996)	(62, 45.8623)	(63, 45.6419)	(64, 45.8423)	(65, 45.652)	(66, 45.690799999999996)	(67, 45.814)	(68, 45.8442)	(69, 45.5908)	(70, 45.7479)	(71, 45.7858)	(72, 45.5173)	(73, 45.8847)	(74, 45.742399999999996)	(75, 45.780300000000004)	(76, 45.645599999999995)	(77, 45.8227)	(78, 45.725)	(79, 45.7083)	(80, 45.8368)	(81, 45.689800000000005)	(82, 45.7752)	(83, 45.6845)	(84, 45.557900000000004)	(85, 45.856)	(86, 45.6992)	(87, 45.676)	(88, 45.9108)	(89, 45.6582)	(90, 45.7682)	(91, 45.9524)	(92, 45.723200000000006)	(93, 45.597100000000005)	(94, 45.6218)	(95, 45.943400000000004)	(96, 45.807900000000004)	(97, 45.709)	(98, 45.8741)	(99, 45.8231)	(100, 45.741)	(101, 45.6588)	(102, 45.747)	(103, 45.7841)	(104, 45.8889)	(105, 45.665800000000004)	(106, 45.8895)	(107, 45.817600000000006)	(108, 45.8007)	(109, 45.8245)	(110, 45.8638)	(111, 45.738299999999995)	(112, 45.9454)	(113, 45.722699999999996)	(114, 45.7057)	(115, 45.8981)	(116, 45.7087)	(117, 45.865)	(118, 45.8975)	(119, 45.8403)	(120, 45.9114)	(121, 45.8966)	(122, 45.885799999999996)	(123, 45.7704)	(124, 45.891799999999996)	(125, 45.819900000000004)
HC_6hpi_3	(1, 61.2521)	(2, 32.5125)	(3, 45.5941)	(4, 49.1691)	(5, 45.0768)	(6, 41.36)	(7, 41.422599999999996)	(8, 54.4752)	(9, 49.4831)	(10, 39.6258)	(11, 54.3699)	(12, 46.3053)	(13, 40.196)	(14, 44.5539)	(15, 46.2097)	(16, 46.144800000000004)	(17, 46.0062)	(18, 45.7973)	(19, 45.8437)	(20, 45.7229)	(21, 45.5513)	(22, 45.4105)	(23, 45.1255)	(24, 45.136700000000005)	(25, 45.1582)	(26, 44.982699999999994)	(27, 45.3792)	(28, 45.4567)	(29, 45.6105)	(30, 0.0)	(31, 45.0979)	(32, 45.2696)	(33, 45.4478)	(34, 45.628)	(35, 45.5244)	(36, 45.3953)	(37, 45.4327)	(38, 45.8979)	(39, 45.5655)	(40, 45.6106)	(41, 45.7699)	(42, 45.6638)	(43, 45.874900000000004)	(44, 45.643499999999996)	(45, 45.8388)	(46, 45.8509)	(47, 45.6721)	(48, 45.7982)	(49, 45.863)	(50, 45.706)	(51, 45.7751)	(52, 45.9512)	(53, 45.8882)	(54, 45.8395)	(55, 45.9236)	(56, 45.8233)	(57, 45.7967)	(58, 45.8517)	(59, 45.7709)	(60, 45.881899999999995)	(61, 46.0745)	(62, 46.0606)	(63, 45.9283)	(64, 46.076299999999996)	(65, 45.7967)	(66, 45.9521)	(67, 46.0523)	(68, 46.0605)	(69, 45.7994)	(70, 45.9439)	(71, 45.9662)	(72, 45.7299)	(73, 46.1447)	(74, 45.9249)	(75, 46.0242)	(76, 45.8189)	(77, 46.0349)	(78, 45.9296)	(79, 45.9662)	(80, 46.0485)	(81, 45.951)	(82, 46.0156)	(83, 45.894)	(84, 45.8047)	(85, 46.0766)	(86, 45.9225)	(87, 45.9356)	(88, 46.1014)	(89, 45.8895)	(90, 46.016200000000005)	(91, 46.219100000000005)	(92, 45.914500000000004)	(93, 45.7732)	(94, 45.8859)	(95, 46.2248)	(96, 46.113)	(97, 45.953)	(98, 46.1009)	(99, 46.1167)	(100, 46.024100000000004)	(101, 45.9178)	(102, 46.0612)	(103, 46.0231)	(104, 46.145)	(105, 45.9824)	(106, 46.170899999999996)	(107, 46.0064)	(108, 46.0615)	(109, 46.0884)	(110, 46.063900000000004)	(111, 46.009)	(112, 46.2509)	(113, 46.008900000000004)	(114, 45.967200000000005)	(115, 46.076299999999996)	(116, 45.897)	(117, 46.178799999999995)	(118, 46.196)	(119, 46.0441)	(120, 46.1569)	(121, 46.178200000000004)	(122, 46.1008)	(123, 46.0063)	(124, 46.1663)	(125, 46.033699999999996)
HI_24hpi_1	(1, 57.507)	(2, 33.344)	(3, 46.1755)	(4, 46.103699999999996)	(5, 43.1928)	(6, 42.6369)	(7, 43.081399999999995)	(8, 52.7469)	(9, 50.6759)	(10, 41.216)	(11, 57.1756)	(12, 50.2833)	(13, 42.707699999999996)	(14, 45.5436)	(15, 47.2836)	(16, 46.9704)	(17, 46.740300000000005)	(18, 46.9696)	(19, 46.8164)	(20, 46.760400000000004)	(21, 46.862700000000004)	(22, 46.5047)	(23, 45.8168)	(24, 45.9453)	(25, 45.6644)	(26, 45.5345)	(27, 46.3654)	(28, 45.9183)	(29, 46.2744)	(30, 46.384)	(31, 45.914)	(32, 46.1656)	(33, 46.5544)	(34, 46.4697)	(35, 46.2475)	(36, 46.1695)	(37, 46.4265)	(38, 46.6052)	(39, 46.4273)	(40, 46.1839)	(41, 46.587)	(42, 46.6096)	(43, 46.2275)	(44, 46.3425)	(45, 46.6692)	(46, 46.461999999999996)	(47, 46.2763)	(48, 46.866400000000006)	(49, 46.4001)	(50, 46.577)	(51, 46.8452)	(52, 46.5673)	(53, 46.3773)	(54, 46.756)	(55, 46.700399999999995)	(56, 46.423199999999994)	(57, 46.610600000000005)	(58, 46.800999999999995)	(59, 46.6777)	(60, 47.043800000000005)	(61, 46.875299999999996)	(62, 46.9203)	(63, 46.7167)	(64, 46.863899999999994)	(65, 46.5306)	(66, 47.0212)	(67, 47.0014)	(68, 47.186099999999996)	(69, 47.0118)	(70, 46.9118)	(71, 46.800399999999996)	(72, 46.8825)	(73, 47.1534)	(74, 47.0038)	(75, 46.7632)	(76, 46.615)	(77, 47.1244)	(78, 46.9669)	(79, 46.9731)	(80, 46.9656)	(81, 47.1018)	(82, 46.6511)	(83, 46.752500000000005)	(84, 46.6705)	(85, 47.1024)	(86, 46.691500000000005)	(87, 46.9256)	(88, 46.9161)	(89, 46.516600000000004)	(90, 47.3155)	(91, 46.8581)	(92, 46.7893)	(93, 46.7517)	(94, 46.4764)	(95, 46.768)	(96, 46.8575)	(97, 46.683400000000006)	(98, 46.524300000000004)	(99, 46.942099999999996)	(100, 46.7289)	(101, 46.689)	(102, 47.0111)	(103, 46.5483)	(104, 46.8797)	(105, 46.6507)	(106, 46.884100000000004)	(107, 46.8958)	(108, 46.848800000000004)	(109, 46.908899999999996)	(110, 47.165)	(111, 47.091300000000004)	(112, 47.0734)	(113, 47.011199999999995)	(114, 47.266200000000005)	(115, 47.0658)	(116, 46.7951)	(117, 47.2313)	(118, 47.2128)	(119, 47.1603)	(120, 47.1813)	(121, 47.1681)	(122, 47.1665)	(123, 47.3324)	(124, 47.2566)	(125, 46.951100000000004)
HI_24hpi_2	(1, 55.1712)	(2, 32.2293)	(3, 45.1468)	(4, 44.9566)	(5, 41.8336)	(6, 41.8431)	(7, 42.0241)	(8, 51.723200000000006)	(9, 50.081900000000005)	(10, 40.073)	(11, 55.9715)	(12, 49.007600000000004)	(13, 41.349999999999994)	(14, 44.1896)	(15, 45.7762)	(16, 45.5175)	(17, 45.440799999999996)	(18, 45.6556)	(19, 45.5861)	(20, 45.6984)	(21, 45.6113)	(22, 45.1843)	(23, 44.7984)	(24, 44.7112)	(25, 44.2706)	(26, 44.4154)	(27, 45.1291)	(28, 44.9195)	(29, 45.096799999999995)	(30, 45.0152)	(31, 44.6625)	(32, 44.8384)	(33, 44.987300000000005)	(34, 45.0184)	(35, 44.993300000000005)	(36, 44.9901)	(37, 44.887899999999995)	(38, 45.299)	(39, 45.1493)	(40, 45.0642)	(41, 45.3229)	(42, 45.319199999999995)	(43, 45.0458)	(44, 45.293499999999995)	(45, 45.6058)	(46, 45.179399999999994)	(47, 45.1772)	(48, 45.440999999999995)	(49, 45.177299999999995)	(50, 45.218399999999995)	(51, 45.3852)	(52, 45.175599999999996)	(53, 45.2987)	(54, 45.3297)	(55, 45.2572)	(56, 45.1423)	(57, 45.4898)	(58, 45.2805)	(59, 45.2341)	(60, 45.5161)	(61, 45.2672)	(62, 45.4516)	(63, 45.492399999999996)	(64, 45.2413)	(65, 45.2437)	(66, 45.3365)	(67, 45.319500000000005)	(68, 45.6131)	(69, 45.5938)	(70, 45.2762)	(71, 45.4013)	(72, 45.5786)	(73, 45.5389)	(74, 45.4286)	(75, 45.6215)	(76, 45.2676)	(77, 45.53)	(78, 45.597300000000004)	(79, 45.4648)	(80, 45.5661)	(81, 45.5775)	(82, 45.245999999999995)	(83, 45.2972)	(84, 45.3544)	(85, 45.454299999999996)	(86, 45.3582)	(87, 45.556400000000004)	(88, 45.6151)	(89, 45.3066)	(90, 45.7432)	(91, 45.3793)	(92, 45.5068)	(93, 45.4951)	(94, 45.1864)	(95, 45.4604)	(96, 45.506299999999996)	(97, 45.2013)	(98, 45.3975)	(99, 45.5048)	(100, 45.2631)	(101, 45.3346)	(102, 45.5273)	(103, 45.348699999999994)	(104, 45.4444)	(105, 45.434999999999995)	(106, 45.3688)	(107, 45.4392)	(108, 45.7059)	(109, 45.3537)	(110, 45.5172)	(111, 45.6275)	(112, 45.4579)	(113, 45.413199999999996)	(114, 45.4995)	(115, 45.4703)	(116, 45.2621)	(117, 45.5561)	(118, 45.4497)	(119, 45.4999)	(120, 45.816)	(121, 45.5454)	(122, 45.6096)	(123, 45.7239)	(124, 45.4414)	(125, 45.496199999999995)
HI_24hpi_3	(1, 56.8855)	(2, 32.7742)	(3, 45.747)	(4, 45.3335)	(5, 41.815000000000005)	(6, 41.9967)	(7, 42.0554)	(8, 51.5509)	(9, 50.056599999999996)	(10, 40.1225)	(11, 56.158699999999996)	(12, 49.4197)	(13, 41.7541)	(14, 44.547399999999996)	(15, 46.1678)	(16, 45.9073)	(17, 45.782000000000004)	(18, 46.0873)	(19, 46.0214)	(20, 46.0221)	(21, 46.0472)	(22, 45.5583)	(23, 45.217600000000004)	(24, 45.2179)	(25, 44.730199999999996)	(26, 44.766099999999994)	(27, 45.5403)	(28, 45.347100000000005)	(29, 45.5071)	(30, 45.4558)	(31, 45.0925)	(32, 45.1959)	(33, 45.434999999999995)	(34, 45.481899999999996)	(35, 45.3941)	(36, 45.3737)	(37, 45.2866)	(38, 45.6926)	(39, 45.5328)	(40, 45.4402)	(41, 45.6704)	(42, 45.737899999999996)	(43, 45.407799999999995)	(44, 45.6665)	(45, 46.0478)	(46, 45.5606)	(47, 45.5367)	(48, 45.8361)	(49, 45.5404)	(50, 45.5916)	(51, 45.7956)	(52, 45.531)	(53, 45.6608)	(54, 45.7269)	(55, 45.5893)	(56, 45.411699999999996)	(57, 45.8244)	(58, 45.6184)	(59, 45.5594)	(60, 45.915499999999994)	(61, 45.6344)	(62, 45.792899999999996)	(63, 45.861200000000004)	(64, 45.597100000000005)	(65, 45.6096)	(66, 45.6739)	(67, 45.628600000000006)	(68, 45.948499999999996)	(69, 45.9299)	(70, 45.616299999999995)	(71, 45.7059)	(72, 45.9858)	(73, 45.8611)	(74, 45.7338)	(75, 45.9853)	(76, 45.626400000000004)	(77, 45.856700000000004)	(78, 46.0011)	(79, 45.817600000000006)	(80, 45.907)	(81, 45.9027)	(82, 45.5547)	(83, 45.5574)	(84, 45.7479)	(85, 45.7825)	(86, 45.6499)	(87, 45.9136)	(88, 45.972)	(89, 45.5987)	(90, 46.1179)	(91, 45.7214)	(92, 45.8102)	(93, 45.845200000000006)	(94, 45.523)	(95, 45.7924)	(96, 45.8366)	(97, 45.516600000000004)	(98, 45.6883)	(99, 45.8187)	(100, 45.554899999999996)	(101, 45.6649)	(102, 45.8598)	(103, 45.6241)	(104, 45.726099999999995)	(105, 45.7635)	(106, 45.6966)	(107, 45.7487)	(108, 46.013799999999996)	(109, 45.651199999999996)	(110, 45.800000000000004)	(111, 45.9337)	(112, 45.7339)	(113, 45.7161)	(114, 45.7429)	(115, 45.7605)	(116, 45.5547)	(117, 45.882400000000004)	(118, 45.7338)	(119, 45.7701)	(120, 46.171)	(121, 45.872600000000006)	(122, 45.9418)	(123, 46.1193)	(124, 45.8089)	(125, 45.8544)
HI_48hpi_1	(1, 56.4162)	(2, 34.678399999999996)	(3, 45.9639)	(4, 45.521499999999996)	(5, 41.9101)	(6, 41.7364)	(7, 41.6246)	(8, 51.424899999999994)	(9, 49.9289)	(10, 40.0441)	(11, 55.7292)	(12, 49.2316)	(13, 41.6837)	(14, 44.418800000000005)	(15, 45.9462)	(16, 45.8112)	(17, 45.6972)	(18, 45.915299999999995)	(19, 45.9361)	(20, 45.9841)	(21, 45.888400000000004)	(22, 45.4506)	(23, 45.162200000000006)	(24, 45.1878)	(25, 44.7153)	(26, 44.885999999999996)	(27, 45.6229)	(28, 45.3444)	(29, 45.5659)	(30, 45.336)	(31, 45.055099999999996)	(32, 45.2225)	(33, 45.3119)	(34, 45.4079)	(35, 45.348)	(36, 45.3093)	(37, 45.2361)	(38, 45.633)	(39, 45.4042)	(40, 45.3155)	(41, 45.6074)	(42, 45.6225)	(43, 45.2946)	(44, 45.6471)	(45, 45.9465)	(46, 45.4928)	(47, 45.6134)	(48, 45.7824)	(49, 45.4632)	(50, 45.5987)	(51, 45.7187)	(52, 45.439099999999996)	(53, 45.5863)	(54, 45.5826)	(55, 45.547)	(56, 45.4939)	(57, 45.760400000000004)	(58, 45.5814)	(59, 45.6036)	(60, 45.906000000000006)	(61, 45.6152)	(62, 45.7351)	(63, 45.719)	(64, 45.525999999999996)	(65, 45.5183)	(66, 45.5569)	(67, 45.5573)	(68, 45.976299999999995)	(69, 45.9407)	(70, 45.574)	(71, 45.753899999999994)	(72, 45.9184)	(73, 45.7575)	(74, 45.7259)	(75, 45.9247)	(76, 45.576699999999995)	(77, 45.895399999999995)	(78, 45.9125)	(79, 45.8345)	(80, 45.9608)	(81, 45.8917)	(82, 45.5683)	(83, 45.503)	(84, 45.5879)	(85, 45.6637)	(86, 45.6804)	(87, 45.7851)	(88, 45.9099)	(89, 45.7324)	(90, 46.0499)	(91, 45.696)	(92, 45.8777)	(93, 45.8696)	(94, 45.5009)	(95, 45.7586)	(96, 45.6969)	(97, 45.4738)	(98, 45.6697)	(99, 45.732299999999995)	(100, 45.5612)	(101, 45.6155)	(102, 45.8113)	(103, 45.6276)	(104, 45.7475)	(105, 45.6291)	(106, 45.5531)	(107, 45.7352)	(108, 45.9905)	(109, 45.6173)	(110, 45.742399999999996)	(111, 45.8812)	(112, 45.7117)	(113, 45.744299999999996)	(114, 45.6259)	(115, 45.644)	(116, 45.4712)	(117, 45.7493)	(118, 45.6186)	(119, 45.739000000000004)	(120, 46.0829)	(121, 45.8684)	(122, 45.9918)	(123, 46.042)	(124, 45.6868)	(125, 45.7293)
HI_48hpi_2	(1, 55.4002)	(2, 33.1926)	(3, 45.4884)	(4, 45.1825)	(5, 41.9736)	(6, 41.7861)	(7, 41.673500000000004)	(8, 51.5737)	(9, 49.9829)	(10, 40.1044)	(11, 55.8224)	(12, 49.077799999999996)	(13, 41.5404)	(14, 44.2965)	(15, 45.8616)	(16, 45.5984)	(17, 45.5584)	(18, 45.7824)	(19, 45.7538)	(20, 45.8405)	(21, 45.7473)	(22, 45.2757)	(23, 44.9893)	(24, 44.9337)	(25, 44.4397)	(26, 44.6615)	(27, 45.3639)	(28, 45.128299999999996)	(29, 45.305)	(30, 45.1744)	(31, 44.7585)	(32, 44.9334)	(33, 45.1134)	(34, 45.1188)	(35, 45.1076)	(36, 45.0635)	(37, 45.0077)	(38, 45.4115)	(39, 45.218399999999995)	(40, 45.152)	(41, 45.3634)	(42, 45.454)	(43, 45.1208)	(44, 45.3885)	(45, 45.7031)	(46, 45.241)	(47, 45.3043)	(48, 45.5324)	(49, 45.1938)	(50, 45.3424)	(51, 45.4582)	(52, 45.2239)	(53, 45.3558)	(54, 45.3866)	(55, 45.2896)	(56, 45.2455)	(57, 45.5195)	(58, 45.333600000000004)	(59, 45.3567)	(60, 45.589800000000004)	(61, 45.3234)	(62, 45.494800000000005)	(63, 45.547)	(64, 45.3101)	(65, 45.3005)	(66, 45.3779)	(67, 45.3436)	(68, 45.694)	(69, 45.658100000000005)	(70, 45.3117)	(71, 45.4824)	(72, 45.6942)	(73, 45.4794)	(74, 45.4773)	(75, 45.6268)	(76, 45.312999999999995)	(77, 45.5642)	(78, 45.6664)	(79, 45.5148)	(80, 45.5881)	(81, 45.6123)	(82, 45.2896)	(83, 45.280300000000004)	(84, 45.4365)	(85, 45.440999999999995)	(86, 45.4028)	(87, 45.568599999999996)	(88, 45.596199999999996)	(89, 45.4745)	(90, 45.7849)	(91, 45.433099999999996)	(92, 45.5538)	(93, 45.5348)	(94, 45.280300000000004)	(95, 45.5025)	(96, 45.4814)	(97, 45.2296)	(98, 45.4138)	(99, 45.4868)	(100, 45.263799999999996)	(101, 45.3497)	(102, 45.585)	(103, 45.3708)	(104, 45.434799999999996)	(105, 45.3887)	(106, 45.3716)	(107, 45.4709)	(108, 45.7009)	(109, 45.3688)	(110, 45.5161)	(111, 45.6351)	(112, 45.4634)	(113, 45.4679)	(114, 45.4121)	(115, 45.4043)	(116, 45.2595)	(117, 45.5317)	(118, 45.399699999999996)	(119, 45.536500000000004)	(120, 45.8455)	(121, 45.5218)	(122, 45.639)	(123, 45.7275)	(124, 45.454299999999996)	(125, 45.4841)
HI_48hpi_3	(1, 53.7172)	(2, 33.2583)	(3, 45.549499999999995)	(4, 46.4322)	(5, 43.3417)	(6, 42.9346)	(7, 42.8551)	(8, 53.3022)	(9, 50.60980000000001)	(10, 41.104)	(11, 57.124900000000004)	(12, 49.7344)	(13, 42.073100000000004)	(14, 45.2228)	(15, 46.631)	(16, 46.4399)	(17, 46.380900000000004)	(18, 46.379999999999995)	(19, 46.414100000000005)	(20, 46.4918)	(21, 46.4155)	(22, 46.0193)	(23, 45.591100000000004)	(24, 45.615899999999996)	(25, 45.2678)	(26, 45.4294)	(27, 46.1359)	(28, 45.8215)	(29, 46.0648)	(30, 45.93)	(31, 45.5931)	(32, 45.7849)	(33, 45.895)	(34, 45.952)	(35, 45.9843)	(36, 45.8389)	(37, 45.8434)	(38, 46.253699999999995)	(39, 46.0488)	(40, 45.8616)	(41, 46.3031)	(42, 46.2294)	(43, 45.8926)	(44, 46.239200000000004)	(45, 46.481899999999996)	(46, 46.106700000000004)	(47, 46.0916)	(48, 46.335)	(49, 46.1167)	(50, 46.130700000000004)	(51, 46.2278)	(52, 46.1162)	(53, 46.2303)	(54, 46.1834)	(55, 46.1621)	(56, 46.123799999999996)	(57, 46.4052)	(58, 46.237)	(59, 46.2909)	(60, 46.4722)	(61, 46.200599999999994)	(62, 46.465)	(63, 46.3938)	(64, 46.279900000000005)	(65, 46.2327)	(66, 46.4028)	(67, 46.3156)	(68, 46.6756)	(69, 46.4831)	(70, 46.3133)	(71, 46.4238)	(72, 46.434999999999995)	(73, 46.4313)	(74, 46.4006)	(75, 46.5094)	(76, 46.1691)	(77, 46.4927)	(78, 46.5432)	(79, 46.4136)	(80, 46.5)	(81, 46.4351)	(82, 46.2192)	(83, 46.244600000000005)	(84, 46.253)	(85, 46.4431)	(86, 46.372)	(87, 46.3856)	(88, 46.4895)	(89, 46.3494)	(90, 46.713)	(91, 46.3217)	(92, 46.4868)	(93, 46.325)	(94, 46.1006)	(95, 46.4428)	(96, 46.386300000000006)	(97, 46.1387)	(98, 46.2899)	(99, 46.3974)	(100, 46.2612)	(101, 46.2546)	(102, 46.460499999999996)	(103, 46.2576)	(104, 46.3969)	(105, 46.2802)	(106, 46.3317)	(107, 46.4338)	(108, 46.568799999999996)	(109, 46.2786)	(110, 46.5305)	(111, 46.5879)	(112, 46.427099999999996)	(113, 46.387499999999996)	(114, 46.4557)	(115, 46.4191)	(116, 46.2169)	(117, 46.478199999999994)	(118, 46.3898)	(119, 46.5779)	(120, 46.6494)	(121, 46.487)	(122, 46.6753)	(123, 46.6273)	(124, 46.382600000000004)	(125, 46.4103)
HI_6hpi_1	(1, 60.956900000000005)	(2, 34.617799999999995)	(3, 47.042)	(4, 50.1363)	(5, 45.5306)	(6, 42.2987)	(7, 42.2174)	(8, 55.330999999999996)	(9, 50.1254)	(10, 39.9827)	(11, 54.821200000000005)	(12, 46.8619)	(13, 40.620200000000004)	(14, 44.986399999999996)	(15, 46.7207)	(16, 46.6636)	(17, 46.5249)	(18, 46.217999999999996)	(19, 46.2298)	(20, 46.2559)	(21, 46.0105)	(22, 45.8536)	(23, 45.5587)	(24, 45.6052)	(25, 45.5842)	(26, 45.4965)	(27, 45.828799999999994)	(28, 45.9306)	(29, 46.0775)	(30, 0.0)	(31, 45.5598)	(32, 45.840199999999996)	(33, 45.9418)	(34, 46.0751)	(35, 45.9701)	(36, 45.812000000000005)	(37, 45.915)	(38, 46.4186)	(39, 46.0405)	(40, 46.0606)	(41, 46.3401)	(42, 46.153)	(43, 46.3229)	(44, 46.2156)	(45, 46.3102)	(46, 46.356199999999994)	(47, 46.2344)	(48, 46.319500000000005)	(49, 46.3367)	(50, 46.2489)	(51, 46.3429)	(52, 46.4868)	(53, 46.5014)	(54, 46.3829)	(55, 46.3973)	(56, 46.4026)	(57, 46.2625)	(58, 46.3461)	(59, 46.366800000000005)	(60, 46.3072)	(61, 46.5777)	(62, 46.6485)	(63, 46.3834)	(64, 46.6263)	(65, 46.3609)	(66, 46.550999999999995)	(67, 46.5403)	(68, 46.672000000000004)	(69, 46.2466)	(70, 46.4578)	(71, 46.549099999999996)	(72, 46.1626)	(73, 46.6289)	(74, 46.5149)	(75, 46.4652)	(76, 46.253)	(77, 46.5195)	(78, 46.4308)	(79, 46.4422)	(80, 46.5437)	(81, 46.3566)	(82, 46.5859)	(83, 46.4433)	(84, 46.2837)	(85, 46.6268)	(86, 46.4712)	(87, 46.437200000000004)	(88, 46.5507)	(89, 46.367000000000004)	(90, 46.5376)	(91, 46.7932)	(92, 46.3775)	(93, 46.3048)	(94, 46.4308)	(95, 46.8236)	(96, 46.6527)	(97, 46.4785)	(98, 46.614)	(99, 46.6049)	(100, 46.5533)	(101, 46.3928)	(102, 46.6493)	(103, 46.4843)	(104, 46.763)	(105, 46.5156)	(106, 46.698699999999995)	(107, 46.5623)	(108, 46.5289)	(109, 46.557500000000005)	(110, 46.534)	(111, 46.5473)	(112, 46.8098)	(113, 46.5152)	(114, 46.446)	(115, 46.563900000000004)	(116, 46.4915)	(117, 46.7186)	(118, 46.7114)	(119, 46.6009)	(120, 46.6469)	(121, 46.724900000000005)	(122, 46.6752)	(123, 46.5461)	(124, 46.687)	(125, 46.5829)
HI_6hpi_2	(1, 60.9932)	(2, 33.0933)	(3, 46.2546)	(4, 49.5513)	(5, 45.102599999999995)	(6, 41.6792)	(7, 41.5773)	(8, 54.79619999999999)	(9, 49.7067)	(10, 39.574999999999996)	(11, 54.467699999999994)	(12, 46.3938)	(13, 40.2009)	(14, 44.633)	(15, 46.3132)	(16, 46.246500000000005)	(17, 46.089200000000005)	(18, 45.8633)	(19, 45.8842)	(20, 45.8478)	(21, 45.6378)	(22, 45.4705)	(23, 45.1313)	(24, 45.2138)	(25, 45.163599999999995)	(26, 45.0762)	(27, 45.4009)	(28, 45.467400000000005)	(29, 45.6419)	(30, 0.0)	(31, 45.1575)	(32, 45.321)	(33, 45.521899999999995)	(34, 45.6345)	(35, 45.5955)	(36, 45.4548)	(37, 45.4827)	(38, 45.9418)	(39, 45.6262)	(40, 45.6464)	(41, 45.839400000000005)	(42, 45.711)	(43, 45.878099999999996)	(44, 45.7258)	(45, 45.8993)	(46, 45.8374)	(47, 45.7502)	(48, 45.8587)	(49, 45.8953)	(50, 45.7361)	(51, 45.8164)	(52, 45.9783)	(53, 45.961200000000005)	(54, 45.876)	(55, 45.9094)	(56, 45.8512)	(57, 45.8144)	(58, 45.9026)	(59, 45.8318)	(60, 45.8818)	(61, 46.0521)	(62, 46.1137)	(63, 45.9437)	(64, 46.0632)	(65, 45.839600000000004)	(66, 46.0135)	(67, 46.044000000000004)	(68, 46.0984)	(69, 45.8162)	(70, 45.9989)	(71, 45.9916)	(72, 45.7262)	(73, 46.1052)	(74, 45.976299999999995)	(75, 46.0347)	(76, 45.818599999999996)	(77, 46.0396)	(78, 45.9325)	(79, 45.9351)	(80, 46.0576)	(81, 45.9499)	(82, 46.049800000000005)	(83, 45.8609)	(84, 45.8382)	(85, 46.031)	(86, 45.9241)	(87, 45.963100000000004)	(88, 46.103)	(89, 45.8802)	(90, 46.0283)	(91, 46.2352)	(92, 45.9071)	(93, 45.8173)	(94, 45.879)	(95, 46.214499999999994)	(96, 46.1199)	(97, 45.936)	(98, 46.1183)	(99, 46.0478)	(100, 46.0327)	(101, 45.9198)	(102, 46.0711)	(103, 46.001999999999995)	(104, 46.1749)	(105, 45.980199999999996)	(106, 46.163)	(107, 46.068999999999996)	(108, 46.0547)	(109, 46.0437)	(110, 46.06)	(111, 46.0335)	(112, 46.2285)	(113, 46.0129)	(114, 45.9448)	(115, 46.130900000000004)	(116, 45.9513)	(117, 46.1663)	(118, 46.1847)	(119, 46.067099999999996)	(120, 46.1775)	(121, 46.150200000000005)	(122, 46.1588)	(123, 46.0492)	(124, 46.1509)	(125, 46.0471)
HI_6hpi_3	(1, 57.773300000000006)	(2, 30.4753)	(3, 45.6222)	(4, 44.7764)	(5, 41.8685)	(6, 41.891099999999994)	(7, 42.1833)	(8, 51.368100000000005)	(9, 49.7939)	(10, 40.6233)	(11, 56.440999999999995)	(12, 49.451299999999996)	(13, 41.9854)	(14, 44.6175)	(15, 46.381)	(16, 46.037499999999994)	(17, 45.9938)	(18, 46.332699999999996)	(19, 46.1508)	(20, 45.9702)	(21, 46.2377)	(22, 45.7795)	(23, 45.331900000000005)	(24, 45.3639)	(25, 44.8226)	(26, 44.772400000000005)	(27, 45.6137)	(28, 45.4553)	(29, 45.5372)	(30, 45.6353)	(31, 45.1294)	(32, 45.1949)	(33, 45.698100000000004)	(34, 45.5787)	(35, 45.3801)	(36, 45.5705)	(37, 45.3215)	(38, 45.635)	(39, 45.7413)	(40, 45.632600000000004)	(41, 45.6406)	(42, 45.897)	(43, 45.5177)	(44, 45.6224)	(45, 46.0257)	(46, 45.6001)	(47, 45.4748)	(48, 45.908300000000004)	(49, 45.6732)	(50, 45.5358)	(51, 45.9757)	(52, 45.6436)	(53, 45.6313)	(54, 45.998400000000004)	(55, 45.759899999999995)	(56, 45.457)	(57, 45.8971)	(58, 45.6301)	(59, 45.5841)	(60, 46.0011)	(61, 45.8097)	(62, 45.7042)	(63, 45.9511)	(64, 45.7829)	(65, 45.665)	(66, 45.9241)	(67, 45.7175)	(68, 45.8605)	(69, 46.0669)	(70, 45.736)	(71, 45.7374)	(72, 46.0353)	(73, 45.9609)	(74, 45.718599999999995)	(75, 46.1744)	(76, 45.7776)	(77, 45.8261)	(78, 46.065400000000004)	(79, 45.8557)	(80, 45.9286)	(81, 46.173500000000004)	(82, 45.7984)	(83, 45.751)	(84, 45.8882)	(85, 45.8614)	(86, 45.7482)	(87, 46.1109)	(88, 46.0564)	(89, 45.582899999999995)	(90, 46.1909)	(91, 45.9082)	(92, 45.833400000000005)	(93, 45.9806)	(94, 45.6656)	(95, 45.9575)	(96, 46.0587)	(97, 45.728)	(98, 45.866800000000005)	(99, 46.137499999999996)	(100, 45.7961)	(101, 45.7461)	(102, 46.1491)	(103, 45.8493)	(104, 45.8598)	(105, 45.9721)	(106, 45.9088)	(107, 45.8208)	(108, 46.1207)	(109, 45.834)	(110, 45.915499999999994)	(111, 46.1241)	(112, 45.93)	(113, 45.8091)	(114, 46.037499999999994)	(115, 45.980900000000005)	(116, 45.712399999999995)	(117, 46.1661)	(118, 45.8962)	(119, 45.8354)	(120, 46.279199999999996)	(121, 46.0171)	(122, 45.900800000000004)	(123, 46.1753)	(124, 46.0298)	(125, 45.8095)
