Sample	0	1	2	3	4	5	6	7	8	9	10	11	12	13	14	15	16	17	18	19	20	21	22	23	24	25	26	27	28	29	30	31	32	33	34	35	36	37	38	39	40	41	42	43	44	45	46	47	48	49	50	51	52	53	54	55	56	57	58	59	60	61	62	63	64	65	66	67	68	69	70	71	72	73	74	75	76	77	78	79	80	81	82	83	84	85	86	87	88	89	90	91	92	93	94	95	96	97	98	99	100	101	102	103	104	105	106	107	108	109	110	111	112	113	114	115	116	117	118	119	120	121	122	123	124
GC_24hpi_1	(1, 56.728500000000004)	(2, 32.821)	(3, 45.9785)	(4, 44.9498)	(5, 42.0776)	(6, 41.6154)	(7, 41.7551)	(8, 51.4871)	(9, 50.0217)	(10, 40.321200000000005)	(11, 56.062900000000006)	(12, 49.4363)	(13, 41.905300000000004)	(14, 44.4522)	(15, 46.0879)	(16, 45.9373)	(17, 45.8289)	(18, 46.009899999999995)	(19, 45.9224)	(20, 46.0075)	(21, 46.1075)	(22, 45.5672)	(23, 45.2772)	(24, 45.265899999999995)	(25, 44.7624)	(26, 44.9959)	(27, 45.6314)	(28, 45.3811)	(29, 45.5919)	(30, 45.5079)	(31, 45.0835)	(32, 45.2112)	(33, 45.380199999999995)	(34, 45.476299999999995)	(35, 45.4179)	(36, 45.480900000000005)	(37, 45.401399999999995)	(38, 45.808)	(39, 45.613)	(40, 45.5455)	(41, 45.6638)	(42, 45.840199999999996)	(43, 45.475300000000004)	(44, 45.684999999999995)	(45, 46.0357)	(46, 45.5967)	(47, 45.724900000000005)	(48, 45.9036)	(49, 45.5505)	(50, 45.6532)	(51, 45.785399999999996)	(52, 45.536300000000004)	(53, 45.6775)	(54, 45.7568)	(55, 45.6218)	(56, 45.5427)	(57, 45.8913)	(58, 45.7152)	(59, 45.7663)	(60, 45.9924)	(61, 45.656600000000005)	(62, 45.8122)	(63, 45.8856)	(64, 45.6526)	(65, 45.6691)	(66, 45.5871)	(67, 45.629)	(68, 45.9161)	(69, 45.9954)	(70, 45.7119)	(71, 45.7966)	(72, 46.0173)	(73, 45.8532)	(74, 22.9189)	(75, 46.042100000000005)	(76, 45.6489)	(77, 45.952799999999996)	(78, 46.046)	(79, 45.8774)	(80, 45.964)	(81, 45.8985)	(82, 45.6037)	(83, 45.7461)	(84, 45.8575)	(85, 45.7091)	(86, 45.7179)	(87, 46.0065)	(88, 46.0036)	(89, 45.7868)	(90, 46.2212)	(91, 45.7481)	(92, 45.9136)	(93, 45.9049)	(94, 45.6741)	(95, 45.9178)	(96, 45.9154)	(97, 45.651799999999994)	(98, 45.8508)	(99, 45.9249)	(100, 45.6725)	(101, 45.739200000000004)	(102, 45.928200000000004)	(103, 45.7708)	(104, 45.6988)	(105, 45.7808)	(106, 45.6665)	(107, 45.8593)	(108, 46.2018)	(109, 45.7252)	(110, 45.928200000000004)	(111, 46.028999999999996)	(112, 45.8368)	(113, 45.779399999999995)	(114, 45.7326)	(115, 45.8104)	(116, 45.563700000000004)	(117, 45.9046)	(118, 45.718399999999995)	(119, 45.7705)	(120, 46.205200000000005)	(121, 45.8312)	(122, 45.8902)	(123, 46.1292)	(124, 45.8029)	(125, 45.963100000000004)
GC_24hpi_2	(1, 56.531600000000005)	(2, 32.7919)	(3, 45.8621)	(4, 45.019999999999996)	(5, 42.160599999999995)	(6, 41.7265)	(7, 41.9035)	(8, 51.6934)	(9, 50.1133)	(10, 40.3448)	(11, 56.1666)	(12, 49.514)	(13, 41.8785)	(14, 44.4741)	(15, 46.0131)	(16, 46.0272)	(17, 45.806400000000004)	(18, 45.9448)	(19, 45.9448)	(20, 46.0541)	(21, 45.9922)	(22, 45.5338)	(23, 45.3108)	(24, 45.2053)	(25, 44.7086)	(26, 44.965500000000006)	(27, 45.622)	(28, 45.3909)	(29, 45.589600000000004)	(30, 45.426100000000005)	(31, 45.0903)	(32, 45.2146)	(33, 45.2644)	(34, 45.4991)	(35, 45.4421)	(36, 45.4258)	(37, 45.405)	(38, 45.8532)	(39, 45.5086)	(40, 45.5436)	(41, 45.6785)	(42, 45.760600000000004)	(43, 45.4988)	(44, 45.6732)	(45, 46.0563)	(46, 45.6017)	(47, 45.740199999999994)	(48, 45.8506)	(49, 45.5735)	(50, 45.555800000000005)	(51, 45.6892)	(52, 45.4409)	(53, 45.6733)	(54, 45.645599999999995)	(55, 45.606700000000004)	(56, 45.523599999999995)	(57, 45.879999999999995)	(58, 45.677299999999995)	(59, 45.7082)	(60, 46.0344)	(61, 45.625)	(62, 45.778200000000005)	(63, 45.7827)	(64, 45.5983)	(65, 45.5689)	(66, 45.4645)	(67, 45.6052)	(68, 45.8754)	(69, 45.8773)	(70, 45.677)	(71, 45.6894)	(72, 45.9126)	(73, 45.8246)	(74, 22.881)	(75, 45.9966)	(76, 45.537499999999994)	(77, 45.9704)	(78, 45.9559)	(79, 45.7839)	(80, 45.935500000000005)	(81, 45.7674)	(82, 45.4872)	(83, 45.5518)	(84, 45.6341)	(85, 45.6939)	(86, 45.624900000000004)	(87, 45.9)	(88, 46.0092)	(89, 45.626)	(90, 46.135)	(91, 45.6477)	(92, 45.8501)	(93, 45.8287)	(94, 45.4705)	(95, 45.7672)	(96, 45.738299999999995)	(97, 45.501599999999996)	(98, 45.7393)	(99, 45.754400000000004)	(100, 45.584799999999994)	(101, 45.5996)	(102, 45.6966)	(103, 45.6501)	(104, 45.5997)	(105, 45.623000000000005)	(106, 45.519999999999996)	(107, 45.7046)	(108, 46.116299999999995)	(109, 45.563199999999995)	(110, 45.87)	(111, 45.8916)	(112, 45.739000000000004)	(113, 45.6272)	(114, 45.49)	(115, 45.6529)	(116, 45.3803)	(117, 45.653)	(118, 45.6036)	(119, 45.6304)	(120, 46.0652)	(121, 45.7845)	(122, 45.8004)	(123, 46.0193)	(124, 45.6547)	(125, 45.846)
GC_24hpi_3	(1, 57.0616)	(2, 31.7413)	(3, 45.4701)	(4, 44.7951)	(5, 42.0297)	(6, 41.6443)	(7, 41.910199999999996)	(8, 51.461999999999996)	(9, 50.011700000000005)	(10, 40.3003)	(11, 56.2509)	(12, 49.419999999999995)	(13, 41.830099999999995)	(14, 44.4816)	(15, 46.0468)	(16, 45.962399999999995)	(17, 45.806200000000004)	(18, 45.9997)	(19, 45.894)	(20, 45.9505)	(21, 46.015)	(22, 45.5422)	(23, 45.2235)	(24, 45.1447)	(25, 44.677499999999995)	(26, 44.8119)	(27, 45.5051)	(28, 45.3092)	(29, 45.53)	(30, 45.4716)	(31, 45.0929)	(32, 45.1333)	(33, 45.332699999999996)	(34, 45.4999)	(35, 45.4032)	(36, 45.4712)	(37, 45.4003)	(38, 45.8065)	(39, 45.537499999999994)	(40, 45.5478)	(41, 45.641)	(42, 45.7607)	(43, 45.4973)	(44, 45.611200000000004)	(45, 46.0233)	(46, 45.6023)	(47, 45.6883)	(48, 45.9627)	(49, 45.582699999999996)	(50, 45.5582)	(51, 45.7959)	(52, 45.5371)	(53, 45.639)	(54, 45.7269)	(55, 45.6353)	(56, 45.5509)	(57, 45.961999999999996)	(58, 45.7832)	(59, 45.6952)	(60, 46.0483)	(61, 45.6964)	(62, 45.7936)	(63, 45.9166)	(64, 45.6787)	(65, 45.6696)	(66, 45.6454)	(67, 45.7366)	(68, 45.9252)	(69, 45.9717)	(70, 45.792)	(71, 45.762)	(72, 46.048899999999996)	(73, 45.964)	(74, 22.905900000000003)	(75, 46.1275)	(76, 45.704699999999995)	(77, 45.982)	(78, 46.0607)	(79, 45.8675)	(80, 46.0258)	(81, 45.9131)	(82, 45.6006)	(83, 45.7545)	(84, 45.8236)	(85, 45.8029)	(86, 45.6959)	(87, 46.0351)	(88, 46.1354)	(89, 45.6827)	(90, 46.2538)	(91, 45.8193)	(92, 45.925700000000006)	(93, 45.9255)	(94, 45.5797)	(95, 45.9187)	(96, 45.9047)	(97, 45.582)	(98, 45.838699999999996)	(99, 45.9321)	(100, 45.7509)	(101, 45.7415)	(102, 45.8949)	(103, 45.7798)	(104, 45.6755)	(105, 45.7466)	(106, 45.6865)	(107, 45.8285)	(108, 46.1252)	(109, 45.7411)	(110, 45.9788)	(111, 46.062999999999995)	(112, 45.9019)	(113, 45.732800000000005)	(114, 45.7356)	(115, 45.813199999999995)	(116, 45.556999999999995)	(117, 45.8843)	(118, 45.787099999999995)	(119, 45.745000000000005)	(120, 46.2368)	(121, 45.914300000000004)	(122, 45.9105)	(123, 46.1626)	(124, 45.8089)	(125, 45.9673)
GC_48hpi_1	(1, 55.604299999999995)	(2, 33.4994)	(3, 45.8563)	(4, 46.3178)	(5, 43.6733)	(6, 42.830600000000004)	(7, 43.0552)	(8, 53.250699999999995)	(9, 50.4811)	(10, 41.5507)	(11, 57.3393)	(12, 50.1572)	(13, 42.7002)	(14, 45.4641)	(15, 47.0165)	(16, 46.957300000000004)	(17, 46.7731)	(18, 46.7776)	(19, 46.6936)	(20, 46.7393)	(21, 46.7372)	(22, 46.3831)	(23, 45.9562)	(24, 46.0077)	(25, 45.7031)	(26, 45.8063)	(27, 46.4994)	(28, 46.096199999999996)	(29, 46.4068)	(30, 46.3584)	(31, 45.9242)	(32, 46.0957)	(33, 46.3125)	(34, 46.4017)	(35, 46.3331)	(36, 46.210499999999996)	(37, 46.3731)	(38, 46.663700000000006)	(39, 46.4313)	(40, 46.3362)	(41, 46.5995)	(42, 46.5595)	(43, 46.320499999999996)	(44, 46.4657)	(45, 46.7522)	(46, 46.522200000000005)	(47, 46.4837)	(48, 46.7585)	(49, 46.4899)	(50, 46.586800000000004)	(51, 46.617799999999995)	(52, 46.5249)	(53, 46.5069)	(54, 46.5839)	(55, 46.5883)	(56, 46.5737)	(57, 46.7342)	(58, 46.7293)	(59, 46.7281)	(60, 47.035)	(61, 46.6746)	(62, 46.808699999999995)	(63, 46.7029)	(64, 46.732099999999996)	(65, 46.5679)	(66, 46.733799999999995)	(67, 46.8328)	(68, 46.9892)	(69, 46.847100000000005)	(70, 46.8372)	(71, 46.7551)	(72, 46.7964)	(73, 46.9453)	(74, 23.4215)	(75, 46.809400000000004)	(76, 46.5869)	(77, 46.9954)	(78, 46.958)	(79, 46.781099999999995)	(80, 46.8596)	(81, 46.856700000000004)	(82, 46.6107)	(83, 46.7367)	(84, 46.5919)	(85, 46.8812)	(86, 46.6424)	(87, 46.7731)	(88, 46.9022)	(89, 46.6267)	(90, 47.193000000000005)	(91, 46.796)	(92, 46.8425)	(93, 46.6959)	(94, 46.4534)	(95, 46.8134)	(96, 46.7209)	(97, 46.6123)	(98, 46.626)	(99, 46.806599999999996)	(100, 46.7035)	(101, 46.643699999999995)	(102, 46.786899999999996)	(103, 46.5634)	(104, 46.665)	(105, 46.5803)	(106, 46.7065)	(107, 46.793)	(108, 46.9698)	(109, 46.6838)	(110, 46.9678)	(111, 46.9515)	(112, 46.8948)	(113, 46.7769)	(114, 46.8124)	(115, 46.8461)	(116, 46.557700000000004)	(117, 46.8045)	(118, 46.9251)	(119, 46.846700000000006)	(120, 46.9715)	(121, 46.9414)	(122, 46.943)	(123, 47.0622)	(124, 46.794599999999996)	(125, 46.8485)
GC_48hpi_2	(1, 55.9901)	(2, 32.8517)	(3, 45.6534)	(4, 46.037299999999995)	(5, 43.6179)	(6, 42.5745)	(7, 42.829)	(8, 53.0634)	(9, 50.464)	(10, 41.3936)	(11, 57.326)	(12, 50.187599999999996)	(13, 42.6726)	(14, 45.4558)	(15, 47.0781)	(16, 46.9399)	(17, 46.7218)	(18, 46.8716)	(19, 46.6926)	(20, 46.687)	(21, 46.825)	(22, 46.417)	(23, 45.941700000000004)	(24, 46.0667)	(25, 45.683099999999996)	(26, 45.685500000000005)	(27, 46.428799999999995)	(28, 45.9791)	(29, 46.3125)	(30, 46.2999)	(31, 45.7845)	(32, 46.0793)	(33, 46.4625)	(34, 46.3992)	(35, 46.2995)	(36, 46.1536)	(37, 46.376)	(38, 46.642)	(39, 46.4287)	(40, 46.2841)	(41, 46.5149)	(42, 46.564499999999995)	(43, 46.2417)	(44, 46.4922)	(45, 46.7229)	(46, 46.5084)	(47, 46.3911)	(48, 46.7993)	(49, 46.4203)	(50, 46.604299999999995)	(51, 46.7601)	(52, 46.541)	(53, 46.506)	(54, 46.7293)	(55, 46.6357)	(56, 46.5682)	(57, 46.7283)	(58, 46.848099999999995)	(59, 46.8293)	(60, 47.0534)	(61, 46.793099999999995)	(62, 46.9198)	(63, 46.7749)	(64, 46.8714)	(65, 46.571400000000004)	(66, 46.9436)	(67, 46.9378)	(68, 47.126000000000005)	(69, 46.9404)	(70, 46.9075)	(71, 46.8748)	(72, 46.948299999999996)	(73, 47.049600000000005)	(74, 23.5059)	(75, 46.882600000000004)	(76, 46.6218)	(77, 47.1119)	(78, 47.096)	(79, 46.9275)	(80, 46.9258)	(81, 47.0306)	(82, 46.7024)	(83, 46.8309)	(84, 46.7409)	(85, 47.0456)	(86, 46.761399999999995)	(87, 46.9067)	(88, 46.8939)	(89, 46.5955)	(90, 47.3907)	(91, 46.9016)	(92, 46.9351)	(93, 46.821200000000005)	(94, 46.5337)	(95, 46.8939)	(96, 46.910000000000004)	(97, 46.7623)	(98, 46.671600000000005)	(99, 46.9202)	(100, 46.7234)	(101, 46.7373)	(102, 47.0136)	(103, 46.6015)	(104, 46.8088)	(105, 46.671600000000005)	(106, 46.8741)	(107, 46.9327)	(108, 47.0089)	(109, 46.8609)	(110, 47.0822)	(111, 47.071400000000004)	(112, 47.0086)	(113, 46.9056)	(114, 47.0827)	(115, 46.998400000000004)	(116, 46.722)	(117, 47.109)	(118, 47.1432)	(119, 47.0589)	(120, 47.1086)	(121, 47.053)	(122, 47.0057)	(123, 47.2188)	(124, 47.058)	(125, 46.9463)
GC_48hpi_3	(1, 54.52)	(2, 34.0358)	(3, 45.9794)	(4, 46.5717)	(5, 44.0023)	(6, 42.9792)	(7, 42.8384)	(8, 53.602700000000006)	(9, 50.766)	(10, 41.4692)	(11, 57.481899999999996)	(12, 50.3012)	(13, 42.708200000000005)	(14, 45.4704)	(15, 47.0267)	(16, 47.0036)	(17, 46.8545)	(18, 46.7437)	(19, 46.7023)	(20, 46.7934)	(21, 46.7123)	(22, 46.3853)	(23, 46.0619)	(24, 46.0726)	(25, 45.7288)	(26, 45.9112)	(27, 46.568799999999996)	(28, 46.1301)	(29, 46.4796)	(30, 46.395599999999995)	(31, 45.9138)	(32, 46.162)	(33, 46.3007)	(34, 46.380300000000005)	(35, 46.4084)	(36, 46.208)	(37, 46.3555)	(38, 46.6873)	(39, 46.388200000000005)	(40, 46.2728)	(41, 46.5978)	(42, 46.5467)	(43, 46.2363)	(44, 46.4779)	(45, 46.7468)	(46, 46.489599999999996)	(47, 46.5273)	(48, 46.7576)	(49, 46.423199999999994)	(50, 46.5738)	(51, 46.6008)	(52, 46.415)	(53, 46.5051)	(54, 46.5769)	(55, 46.5454)	(56, 46.5873)	(57, 46.7099)	(58, 46.7144)	(59, 46.7828)	(60, 46.9854)	(61, 46.6017)	(62, 46.8167)	(63, 46.6122)	(64, 46.6687)	(65, 46.5459)	(66, 46.6796)	(67, 46.740700000000004)	(68, 46.9183)	(69, 46.746500000000005)	(70, 46.7297)	(71, 46.714)	(72, 46.7156)	(73, 46.7752)	(74, 46.783500000000004)	(75, 0.0)	(76, 46.460499999999996)	(77, 46.9798)	(78, 46.8984)	(79, 46.6961)	(80, 46.8406)	(81, 46.7341)	(82, 46.5259)	(83, 46.6576)	(84, 46.4767)	(85, 46.7705)	(86, 46.6772)	(87, 46.7118)	(88, 46.7461)	(89, 46.606700000000004)	(90, 47.1565)	(91, 46.6829)	(92, 46.7146)	(93, 46.639199999999995)	(94, 46.3594)	(95, 46.6977)	(96, 46.6068)	(97, 46.4883)	(98, 46.5596)	(99, 46.6383)	(100, 46.5265)	(101, 46.5245)	(102, 46.660000000000004)	(103, 46.4565)	(104, 46.610600000000005)	(105, 46.423700000000004)	(106, 46.5235)	(107, 46.7109)	(108, 46.8093)	(109, 46.543600000000005)	(110, 46.9153)	(111, 46.840900000000005)	(112, 46.7897)	(113, 46.698699999999995)	(114, 46.6801)	(115, 46.7107)	(116, 46.4635)	(117, 46.6723)	(118, 46.7468)	(119, 46.7705)	(120, 46.8452)	(121, 46.8023)	(122, 46.8475)	(123, 46.9755)	(124, 46.7164)	(125, 46.7914)
GC_6hpi_1	(1, 56.6502)	(2, 31.6847)	(3, 45.6873)	(4, 44.8303)	(5, 42.086400000000005)	(6, 41.937999999999995)	(7, 42.2053)	(8, 51.816300000000005)	(9, 50.1013)	(10, 40.5798)	(11, 56.4778)	(12, 49.6394)	(13, 42.0411)	(14, 44.5712)	(15, 46.2692)	(16, 46.0642)	(17, 45.9945)	(18, 46.218599999999995)	(19, 46.0485)	(20, 46.0003)	(21, 46.1613)	(22, 45.6844)	(23, 45.3615)	(24, 45.3157)	(25, 44.7725)	(26, 44.9416)	(27, 45.6642)	(28, 45.4575)	(29, 45.5863)	(30, 45.703700000000005)	(31, 45.1877)	(32, 45.285399999999996)	(33, 45.5415)	(34, 45.542500000000004)	(35, 45.5202)	(36, 45.645)	(37, 45.4887)	(38, 45.9011)	(39, 45.7667)	(40, 45.6724)	(41, 45.746700000000004)	(42, 45.8934)	(43, 45.6141)	(44, 45.740700000000004)	(45, 46.0781)	(46, 45.7285)	(47, 45.6756)	(48, 45.9687)	(49, 45.7088)	(50, 45.6753)	(51, 45.9428)	(52, 45.7134)	(53, 45.8194)	(54, 45.9243)	(55, 45.7377)	(56, 45.6631)	(57, 45.9743)	(58, 45.778600000000004)	(59, 45.7349)	(60, 46.0563)	(61, 45.8365)	(62, 45.8147)	(63, 46.0035)	(64, 45.7691)	(65, 45.7299)	(66, 45.813900000000004)	(67, 45.813500000000005)	(68, 45.9394)	(69, 46.0219)	(70, 45.820699999999995)	(71, 45.832699999999996)	(72, 46.0924)	(73, 46.0435)	(74, 22.921)	(75, 46.1991)	(76, 45.752900000000004)	(77, 45.960699999999996)	(78, 46.1086)	(79, 45.9027)	(80, 46.025)	(81, 46.0821)	(82, 45.7169)	(83, 45.8319)	(84, 45.9009)	(85, 45.8906)	(86, 45.7473)	(87, 46.117999999999995)	(88, 46.1152)	(89, 45.6923)	(90, 46.206199999999995)	(91, 45.901199999999996)	(92, 45.926899999999996)	(93, 46.0475)	(94, 45.6858)	(95, 45.9247)	(96, 45.9989)	(97, 45.7279)	(98, 45.9163)	(99, 46.075300000000006)	(100, 45.7973)	(101, 45.7915)	(102, 46.0077)	(103, 45.8504)	(104, 45.8042)	(105, 45.9163)	(106, 45.802)	(107, 45.8273)	(108, 46.1866)	(109, 45.8302)	(110, 45.9123)	(111, 46.078)	(112, 45.9138)	(113, 45.807900000000004)	(114, 45.878099999999996)	(115, 45.9444)	(116, 45.6821)	(117, 46.046)	(118, 45.8326)	(119, 45.8148)	(120, 46.2183)	(121, 45.953300000000006)	(122, 45.9181)	(123, 46.1416)	(124, 45.9298)	(125, 45.9313)
GC_6hpi_2	(1, 56.685900000000004)	(2, 31.5882)	(3, 45.5202)	(4, 44.7413)	(5, 42.0012)	(6, 41.8136)	(7, 42.0149)	(8, 51.680099999999996)	(9, 49.9103)	(10, 40.4619)	(11, 56.318900000000006)	(12, 49.4473)	(13, 41.928)	(14, 44.446999999999996)	(15, 46.1731)	(16, 45.9144)	(17, 45.9519)	(18, 46.105000000000004)	(19, 45.933800000000005)	(20, 45.8864)	(21, 46.0422)	(22, 45.5603)	(23, 45.2262)	(24, 45.181900000000006)	(25, 44.689499999999995)	(26, 44.8143)	(27, 45.5428)	(28, 45.3654)	(29, 45.4872)	(30, 45.6363)	(31, 45.0409)	(32, 45.1407)	(33, 45.4464)	(34, 45.4089)	(35, 45.3815)	(36, 45.5209)	(37, 45.3369)	(38, 45.7463)	(39, 45.6593)	(40, 45.5261)	(41, 45.6225)	(42, 45.7662)	(43, 45.5246)	(44, 45.5958)	(45, 45.9421)	(46, 45.5939)	(47, 45.5694)	(48, 45.866299999999995)	(49, 45.5789)	(50, 45.6018)	(51, 45.8671)	(52, 45.5652)	(53, 45.6679)	(54, 45.8316)	(55, 45.6229)	(56, 45.5105)	(57, 45.8647)	(58, 45.6404)	(59, 45.5875)	(60, 45.9798)	(61, 45.7607)	(62, 45.7085)	(63, 45.894600000000004)	(64, 45.663399999999996)	(65, 45.6772)	(66, 45.7298)	(67, 45.6992)	(68, 45.8397)	(69, 45.922200000000004)	(70, 45.7435)	(71, 45.756)	(72, 45.9772)	(73, 45.8724)	(74, 22.8918)	(75, 46.077200000000005)	(76, 45.6421)	(77, 45.8433)	(78, 46.0125)	(79, 45.7765)	(80, 45.9534)	(81, 46.036899999999996)	(82, 45.6466)	(83, 45.7457)	(84, 45.8504)	(85, 45.7668)	(86, 45.6723)	(87, 45.994800000000005)	(88, 45.9546)	(89, 45.6385)	(90, 46.0942)	(91, 45.815)	(92, 45.8388)	(93, 45.952)	(94, 45.643299999999996)	(95, 45.865)	(96, 45.9227)	(97, 45.617999999999995)	(98, 45.8223)	(99, 46.0023)	(100, 45.7097)	(101, 45.7097)	(102, 45.9681)	(103, 45.7765)	(104, 45.7091)	(105, 45.8379)	(106, 45.691900000000004)	(107, 45.757999999999996)	(108, 46.0366)	(109, 45.7233)	(110, 45.846900000000005)	(111, 45.9855)	(112, 45.832)	(113, 45.7492)	(114, 45.8203)	(115, 45.818599999999996)	(116, 45.6432)	(117, 45.9383)	(118, 45.7218)	(119, 45.7014)	(120, 46.137)	(121, 45.8777)	(122, 45.802)	(123, 46.070100000000004)	(124, 45.8445)	(125, 45.799800000000005)
GC_6hpi_3	(1, 56.643)	(2, 31.194699999999997)	(3, 45.3994)	(4, 44.757999999999996)	(5, 42.2255)	(6, 41.9011)	(7, 42.0441)	(8, 51.7833)	(9, 50.0777)	(10, 40.496700000000004)	(11, 56.5021)	(12, 49.4978)	(13, 41.8838)	(14, 44.5858)	(15, 46.2693)	(16, 45.9987)	(17, 45.9351)	(18, 46.1451)	(19, 46.0013)	(20, 46.009899999999995)	(21, 46.1511)	(22, 45.6415)	(23, 45.278)	(24, 45.2617)	(25, 44.7346)	(26, 44.922000000000004)	(27, 45.637299999999996)	(28, 45.3778)	(29, 45.5594)	(30, 45.686)	(31, 45.1311)	(32, 45.2451)	(33, 45.4863)	(34, 45.483200000000004)	(35, 45.4176)	(36, 45.5325)	(37, 45.375)	(38, 45.858900000000006)	(39, 45.7166)	(40, 45.6175)	(41, 45.673700000000004)	(42, 45.8148)	(43, 45.5891)	(44, 45.7237)	(45, 46.075700000000005)	(46, 45.636500000000005)	(47, 45.6095)	(48, 45.8733)	(49, 45.6116)	(50, 45.588899999999995)	(51, 45.8849)	(52, 45.628)	(53, 45.7365)	(54, 45.8277)	(55, 45.6886)	(56, 45.5482)	(57, 45.888400000000004)	(58, 45.6732)	(59, 45.6603)	(60, 45.9601)	(61, 45.7277)	(62, 45.775)	(63, 45.9325)	(64, 45.6652)	(65, 45.6393)	(66, 45.6796)	(67, 45.7085)	(68, 45.872299999999996)	(69, 45.9042)	(70, 45.7061)	(71, 45.743)	(72, 45.96)	(73, 45.902100000000004)	(74, 22.8851)	(75, 46.0216)	(76, 45.5556)	(77, 45.8342)	(78, 45.9949)	(79, 45.7943)	(80, 45.8922)	(81, 45.9438)	(82, 45.57)	(83, 45.6302)	(84, 45.7949)	(85, 45.7763)	(86, 45.616299999999995)	(87, 45.9867)	(88, 45.9164)	(89, 45.5866)	(90, 46.113)	(91, 45.740700000000004)	(92, 45.8067)	(93, 45.8838)	(94, 45.562000000000005)	(95, 45.8096)	(96, 45.8628)	(97, 45.5897)	(98, 45.7881)	(99, 45.8966)	(100, 45.5819)	(101, 45.6462)	(102, 45.880700000000004)	(103, 45.704699999999995)	(104, 45.6432)	(105, 45.757)	(106, 45.655)	(107, 45.6986)	(108, 46.0835)	(109, 45.684000000000005)	(110, 45.8158)	(111, 45.948899999999995)	(112, 45.7612)	(113, 45.6543)	(114, 45.762)	(115, 45.7729)	(116, 45.5487)	(117, 45.9167)	(118, 45.6748)	(119, 45.6878)	(120, 46.0903)	(121, 45.8021)	(122, 45.7295)	(123, 46.017799999999994)	(124, 45.757)	(125, 45.798100000000005)
GI_24hpi_1	(1, 56.044799999999995)	(2, 33.4504)	(3, 45.9186)	(4, 45.1952)	(5, 42.3051)	(6, 41.7426)	(7, 41.7961)	(8, 51.6989)	(9, 50.2301)	(10, 40.3556)	(11, 56.1371)	(12, 49.5825)	(13, 41.9214)	(14, 44.5505)	(15, 46.0598)	(16, 46.116099999999996)	(17, 45.8741)	(18, 46.0576)	(19, 45.9862)	(20, 46.211400000000005)	(21, 46.0878)	(22, 45.6071)	(23, 45.509899999999995)	(24, 45.382400000000004)	(25, 44.838)	(26, 45.083)	(27, 45.7811)	(28, 45.4745)	(29, 45.7141)	(30, 45.5308)	(31, 45.189099999999996)	(32, 45.3504)	(33, 45.3641)	(34, 45.5614)	(35, 45.6048)	(36, 45.5508)	(37, 45.5469)	(38, 46.030300000000004)	(39, 45.6357)	(40, 45.6676)	(41, 45.7851)	(42, 45.8707)	(43, 45.6644)	(44, 45.873000000000005)	(45, 46.1956)	(46, 45.7996)	(47, 45.9066)	(48, 45.9611)	(49, 45.6868)	(50, 45.7557)	(51, 45.8783)	(52, 45.5804)	(53, 45.8374)	(54, 45.807500000000005)	(55, 45.7083)	(56, 45.7141)	(57, 46.0204)	(58, 45.8488)	(59, 45.923)	(60, 46.1457)	(61, 45.7778)	(62, 45.978)	(63, 45.939099999999996)	(64, 45.7695)	(65, 45.6811)	(66, 45.5771)	(67, 45.7502)	(68, 46.0802)	(69, 46.0528)	(70, 45.8146)	(71, 45.8717)	(72, 46.1079)	(73, 45.9729)	(74, 22.9907)	(75, 46.2088)	(76, 45.693)	(77, 46.1621)	(78, 46.1668)	(79, 45.954)	(80, 46.139)	(81, 45.9443)	(82, 45.603)	(83, 45.692)	(84, 45.7642)	(85, 45.8349)	(86, 45.8373)	(87, 46.0172)	(88, 46.145199999999996)	(89, 45.826)	(90, 46.2844)	(91, 45.79)	(92, 45.9895)	(93, 46.050799999999995)	(94, 45.6604)	(95, 45.9147)	(96, 45.881499999999996)	(97, 45.661699999999996)	(98, 45.9482)	(99, 45.852599999999995)	(100, 45.6749)	(101, 45.7631)	(102, 45.8187)	(103, 45.7605)	(104, 45.800200000000004)	(105, 45.744099999999996)	(106, 45.6931)	(107, 45.9022)	(108, 46.299800000000005)	(109, 45.7451)	(110, 46.063500000000005)	(111, 46.0404)	(112, 45.878099999999996)	(113, 45.8169)	(114, 45.6215)	(115, 45.765699999999995)	(116, 45.6179)	(117, 45.8166)	(118, 45.7466)	(119, 45.8425)	(120, 46.2791)	(121, 45.9361)	(122, 46.0053)	(123, 46.1931)	(124, 45.7377)	(125, 46.0333)
GI_24hpi_2	(1, 55.6578)	(2, 32.9322)	(3, 45.704299999999996)	(4, 44.7889)	(5, 42.1403)	(6, 41.4948)	(7, 41.5628)	(8, 51.5124)	(9, 50.0341)	(10, 40.1619)	(11, 55.8999)	(12, 49.2644)	(13, 41.693000000000005)	(14, 44.2555)	(15, 45.8143)	(16, 45.8035)	(17, 45.6459)	(18, 45.745799999999996)	(19, 45.689099999999996)	(20, 45.8623)	(21, 45.859100000000005)	(22, 45.3292)	(23, 45.2012)	(24, 45.086999999999996)	(25, 44.5426)	(26, 44.827099999999994)	(27, 45.462799999999994)	(28, 45.1651)	(29, 45.407199999999996)	(30, 45.2838)	(31, 44.859)	(32, 45.035799999999995)	(33, 45.0909)	(34, 45.2731)	(35, 45.2835)	(36, 45.242900000000006)	(37, 45.1978)	(38, 45.6734)	(39, 45.3662)	(40, 45.3895)	(41, 45.5281)	(42, 45.549800000000005)	(43, 45.292)	(44, 45.602199999999996)	(45, 45.895399999999995)	(46, 45.4671)	(47, 45.5559)	(48, 45.6558)	(49, 45.3635)	(50, 45.4349)	(51, 45.5661)	(52, 45.284400000000005)	(53, 45.513999999999996)	(54, 45.5417)	(55, 45.4462)	(56, 45.4114)	(57, 45.7197)	(58, 45.4782)	(59, 45.605000000000004)	(60, 45.7841)	(61, 45.501999999999995)	(62, 45.6079)	(63, 45.6299)	(64, 45.4621)	(65, 45.4265)	(66, 45.316)	(67, 45.446)	(68, 45.732800000000005)	(69, 45.7568)	(70, 45.4897)	(71, 45.5823)	(72, 45.7877)	(73, 45.6248)	(74, 22.825699999999998)	(75, 45.8215)	(76, 45.3874)	(77, 45.7901)	(78, 45.8184)	(79, 45.619)	(80, 45.8095)	(81, 45.654)	(82, 45.3368)	(83, 45.4113)	(84, 45.514900000000004)	(85, 45.519)	(86, 45.5128)	(87, 45.7488)	(88, 45.813500000000005)	(89, 45.522600000000004)	(90, 45.9953)	(91, 45.506600000000006)	(92, 45.713)	(93, 45.685199999999995)	(94, 45.3592)	(95, 45.6548)	(96, 45.6028)	(97, 45.3811)	(98, 45.6726)	(99, 45.582699999999996)	(100, 45.3799)	(101, 45.5251)	(102, 45.5641)	(103, 45.4785)	(104, 45.5389)	(105, 45.474599999999995)	(106, 45.4523)	(107, 45.622)	(108, 45.9092)	(109, 45.4642)	(110, 45.726099999999995)	(111, 45.7307)	(112, 45.5599)	(113, 45.5324)	(114, 45.4154)	(115, 45.5052)	(116, 45.3244)	(117, 45.563900000000004)	(118, 45.461800000000004)	(119, 45.5274)	(120, 45.9188)	(121, 45.5946)	(122, 45.6856)	(123, 45.8681)	(124, 45.4988)	(125, 45.6874)
GI_24hpi_3	(1, 57.895399999999995)	(2, 33.557500000000005)	(3, 46.2981)	(4, 45.6828)	(5, 43.053399999999996)	(6, 42.199)	(7, 42.6411)	(8, 52.2926)	(9, 50.3668)	(10, 41.0189)	(11, 56.8415)	(12, 50.128499999999995)	(13, 42.648799999999994)	(14, 45.212)	(15, 46.8915)	(16, 46.902300000000004)	(17, 46.5195)	(18, 46.7636)	(19, 46.6436)	(20, 46.6086)	(21, 46.6563)	(22, 46.232)	(23, 45.8808)	(24, 45.9037)	(25, 45.543)	(26, 45.6037)	(27, 46.3723)	(28, 45.893299999999996)	(29, 46.2623)	(30, 46.275)	(31, 45.8266)	(32, 45.970499999999994)	(33, 46.163199999999996)	(34, 46.3573)	(35, 46.196799999999996)	(36, 46.120400000000004)	(37, 46.341300000000004)	(38, 46.6684)	(39, 46.2343)	(40, 46.2639)	(41, 46.4676)	(42, 46.4795)	(43, 46.1492)	(44, 46.3452)	(45, 46.6759)	(46, 46.433)	(47, 46.3356)	(48, 46.7031)	(49, 46.3047)	(50, 46.4136)	(51, 46.508500000000005)	(52, 46.3565)	(53, 46.2891)	(54, 46.4591)	(55, 46.4947)	(56, 46.2896)	(57, 46.5992)	(58, 46.6508)	(59, 46.6498)	(60, 46.9737)	(61, 46.6215)	(62, 46.675)	(63, 46.555400000000006)	(64, 46.6095)	(65, 46.372600000000006)	(66, 46.5109)	(67, 46.6789)	(68, 46.813300000000005)	(69, 46.7765)	(70, 46.698699999999995)	(71, 46.4923)	(72, 46.6685)	(73, 46.8189)	(74, 23.2999)	(75, 46.6781)	(76, 46.3968)	(77, 46.9531)	(78, 46.8347)	(79, 46.6975)	(80, 46.754400000000004)	(81, 46.7906)	(82, 46.346199999999996)	(83, 46.4586)	(84, 46.462900000000005)	(85, 46.7188)	(86, 46.3698)	(87, 46.667500000000004)	(88, 46.8257)	(89, 46.3911)	(90, 47.1329)	(91, 46.6288)	(92, 46.6488)	(93, 46.6387)	(94, 46.2898)	(95, 46.6097)	(96, 46.5829)	(97, 46.421800000000005)	(98, 46.3895)	(99, 46.54)	(100, 46.4438)	(101, 46.4581)	(102, 46.5253)	(103, 46.3872)	(104, 46.475100000000005)	(105, 46.252300000000005)	(106, 46.4534)	(107, 46.617)	(108, 46.678999999999995)	(109, 46.533)	(110, 46.9015)	(111, 46.758)	(112, 46.732800000000005)	(113, 46.5963)	(114, 46.602900000000005)	(115, 46.657399999999996)	(116, 46.3912)	(117, 46.6285)	(118, 46.779399999999995)	(119, 46.6421)	(120, 46.883)	(121, 46.835)	(122, 46.746500000000005)	(123, 47.0542)	(124, 46.7905)	(125, 46.794799999999995)
GI_48hpi_1	(1, 54.3547)	(2, 33.2237)	(3, 45.5199)	(4, 46.285900000000005)	(5, 43.761100000000006)	(6, 42.8276)	(7, 42.6441)	(8, 53.3095)	(9, 50.5323)	(10, 41.192)	(11, 57.2936)	(12, 49.9424)	(13, 42.342400000000005)	(14, 45.2767)	(15, 46.6511)	(16, 46.5563)	(17, 46.584399999999995)	(18, 46.4368)	(19, 46.3476)	(20, 46.4515)	(21, 46.374900000000004)	(22, 46.0348)	(23, 45.651)	(24, 45.6825)	(25, 45.3693)	(26, 45.562200000000004)	(27, 46.1052)	(28, 45.8787)	(29, 46.1196)	(30, 46.0127)	(31, 45.638400000000004)	(32, 45.7988)	(33, 45.9455)	(34, 46.036500000000004)	(35, 46.079)	(36, 45.9394)	(37, 45.9795)	(38, 46.3374)	(39, 46.0567)	(40, 45.9215)	(41, 46.3295)	(42, 46.2894)	(43, 45.9476)	(44, 46.1049)	(45, 46.4319)	(46, 46.1621)	(47, 46.2463)	(48, 46.449200000000005)	(49, 46.1526)	(50, 46.1708)	(51, 46.2746)	(52, 46.156000000000006)	(53, 46.221000000000004)	(54, 46.2256)	(55, 46.1623)	(56, 46.2542)	(57, 46.4407)	(58, 46.4059)	(59, 46.3564)	(60, 46.6049)	(61, 46.313500000000005)	(62, 46.462199999999996)	(63, 46.3786)	(64, 46.301199999999994)	(65, 46.373799999999996)	(66, 46.353699999999996)	(67, 46.406)	(68, 46.6352)	(69, 46.4644)	(70, 46.4627)	(71, 46.4931)	(72, 46.379999999999995)	(73, 46.4769)	(74, 46.3857)	(75, 0.0)	(76, 46.2265)	(77, 46.5781)	(78, 46.5402)	(79, 46.366099999999996)	(80, 46.5682)	(81, 46.4422)	(82, 46.2369)	(83, 46.463100000000004)	(84, 46.2352)	(85, 46.3923)	(86, 46.3607)	(87, 46.4653)	(88, 46.5305)	(89, 46.3285)	(90, 46.7951)	(91, 46.3839)	(92, 46.3671)	(93, 46.3293)	(94, 46.1098)	(95, 46.4441)	(96, 46.366800000000005)	(97, 46.172200000000004)	(98, 46.2884)	(99, 46.4717)	(100, 46.339200000000005)	(101, 46.2916)	(102, 46.4557)	(103, 46.262)	(104, 46.2851)	(105, 46.1791)	(106, 46.2042)	(107, 46.3965)	(108, 46.5737)	(109, 46.2273)	(110, 46.585100000000004)	(111, 46.6107)	(112, 46.5182)	(113, 46.403)	(114, 46.3767)	(115, 46.3737)	(116, 46.2434)	(117, 46.4225)	(118, 46.405499999999996)	(119, 46.4557)	(120, 46.568)	(121, 46.4746)	(122, 46.6186)	(123, 46.6149)	(124, 46.3652)	(125, 46.5005)
GI_48hpi_2	(1, 54.561899999999994)	(2, 32.7643)	(3, 45.385)	(4, 45.9508)	(5, 43.2431)	(6, 42.5991)	(7, 42.5317)	(8, 53.0161)	(9, 50.4421)	(10, 40.9914)	(11, 57.0824)	(12, 49.7618)	(13, 42.1152)	(14, 45.041)	(15, 46.4502)	(16, 46.3575)	(17, 46.3237)	(18, 46.294999999999995)	(19, 46.2345)	(20, 46.2513)	(21, 46.233000000000004)	(22, 45.8616)	(23, 45.4918)	(24, 45.506600000000006)	(25, 45.1338)	(26, 45.3352)	(27, 45.948299999999996)	(28, 45.713300000000004)	(29, 45.9262)	(30, 45.867599999999996)	(31, 45.4067)	(32, 45.5593)	(33, 45.7532)	(34, 45.8333)	(35, 45.825900000000004)	(36, 45.7999)	(37, 45.7753)	(38, 46.155)	(39, 45.9384)	(40, 45.7779)	(41, 46.1605)	(42, 46.1192)	(43, 45.7984)	(44, 45.990700000000004)	(45, 46.2563)	(46, 45.9906)	(47, 46.013)	(48, 46.314)	(49, 45.9625)	(50, 46.0262)	(51, 46.1311)	(52, 45.956399999999995)	(53, 46.0739)	(54, 46.1027)	(55, 46.0249)	(56, 46.0814)	(57, 46.2797)	(58, 46.1569)	(59, 46.146300000000004)	(60, 46.409800000000004)	(61, 46.1299)	(62, 46.2943)	(63, 46.2568)	(64, 46.1173)	(65, 46.1493)	(66, 46.1678)	(67, 46.2027)	(68, 46.443200000000004)	(69, 46.2844)	(70, 46.2543)	(71, 46.3101)	(72, 46.323)	(73, 46.292699999999996)	(74, 46.171299999999995)	(75, 0.0)	(76, 46.0828)	(77, 46.3536)	(78, 46.3818)	(79, 46.2156)	(80, 46.4115)	(81, 46.2997)	(82, 46.0947)	(83, 46.2568)	(84, 46.1793)	(85, 46.2183)	(86, 46.2044)	(87, 46.3532)	(88, 46.3746)	(89, 46.1948)	(90, 46.5954)	(91, 46.2451)	(92, 46.2596)	(93, 46.2138)	(94, 45.9716)	(95, 46.304)	(96, 46.258300000000006)	(97, 46.015499999999996)	(98, 46.1621)	(99, 46.330799999999996)	(100, 46.1921)	(101, 46.1422)	(102, 46.32)	(103, 46.1077)	(104, 46.116099999999996)	(105, 46.097300000000004)	(106, 46.0889)	(107, 46.2297)	(108, 46.4654)	(109, 46.0936)	(110, 46.345)	(111, 46.4609)	(112, 46.352399999999996)	(113, 46.2433)	(114, 46.246500000000005)	(115, 46.2291)	(116, 46.028400000000005)	(117, 46.2528)	(118, 46.1986)	(119, 46.2807)	(120, 46.4416)	(121, 46.273399999999995)	(122, 46.4169)	(123, 46.4189)	(124, 46.1426)	(125, 46.2738)
GI_48hpi_3	(1, 54.533500000000004)	(2, 32.5674)	(3, 45.4061)	(4, 45.73)	(5, 43.0406)	(6, 42.416399999999996)	(7, 42.3249)	(8, 52.769)	(9, 50.3478)	(10, 40.8122)	(11, 56.858200000000004)	(12, 49.6012)	(13, 42.0214)	(14, 44.817099999999996)	(15, 46.354800000000004)	(16, 46.1793)	(17, 46.2241)	(18, 46.2384)	(19, 46.0601)	(20, 46.1336)	(21, 46.1638)	(22, 45.7398)	(23, 45.3551)	(24, 45.3832)	(25, 44.9785)	(26, 45.1987)	(27, 45.8213)	(28, 45.6054)	(29, 45.792699999999996)	(30, 45.703700000000005)	(31, 45.2646)	(32, 45.412200000000006)	(33, 45.7005)	(34, 45.6796)	(35, 45.7103)	(36, 45.720499999999994)	(37, 45.681)	(38, 46.0084)	(39, 45.8758)	(40, 45.6635)	(41, 45.9575)	(42, 46.023599999999995)	(43, 45.6513)	(44, 45.8192)	(45, 46.136300000000006)	(46, 45.854099999999995)	(47, 45.9436)	(48, 46.1858)	(49, 45.8698)	(50, 45.9397)	(51, 46.0464)	(52, 45.8739)	(53, 45.900999999999996)	(54, 45.9999)	(55, 45.8856)	(56, 45.9388)	(57, 46.1844)	(58, 46.0741)	(59, 46.0673)	(60, 46.294200000000004)	(61, 46.0328)	(62, 46.111200000000004)	(63, 46.1615)	(64, 46.0028)	(65, 46.0171)	(66, 46.1191)	(67, 46.053)	(68, 46.3654)	(69, 46.2848)	(70, 46.1354)	(71, 46.244099999999996)	(72, 46.254)	(73, 46.1827)	(74, 46.0612)	(75, 0.0)	(76, 45.988600000000005)	(77, 46.2608)	(78, 46.3397)	(79, 46.139)	(80, 46.3016)	(81, 46.298899999999996)	(82, 46.009100000000004)	(83, 46.2173)	(84, 46.1483)	(85, 46.0938)	(86, 46.0974)	(87, 46.3108)	(88, 46.2522)	(89, 46.1321)	(90, 46.5254)	(91, 46.1832)	(92, 46.194)	(93, 46.0982)	(94, 45.9059)	(95, 46.252500000000005)	(96, 46.2025)	(97, 45.949400000000004)	(98, 46.1047)	(99, 46.3172)	(100, 46.0997)	(101, 46.1212)	(102, 46.3271)	(103, 46.035199999999996)	(104, 46.0554)	(105, 46.043299999999995)	(106, 46.0246)	(107, 46.1388)	(108, 46.3832)	(109, 46.050999999999995)	(110, 46.2494)	(111, 46.3782)	(112, 46.2252)	(113, 46.183600000000006)	(114, 46.2057)	(115, 46.1655)	(116, 45.9658)	(117, 46.2498)	(118, 46.1154)	(119, 46.2093)	(120, 46.3991)	(121, 46.1963)	(122, 46.3177)	(123, 46.3917)	(124, 46.1349)	(125, 46.1835)
GI_6hpi_1	(1, 57.0545)	(2, 31.419200000000004)	(3, 45.5645)	(4, 45.0137)	(5, 42.4088)	(6, 42.093399999999995)	(7, 42.2618)	(8, 51.902499999999996)	(9, 50.159299999999995)	(10, 40.748)	(11, 56.701800000000006)	(12, 49.6742)	(13, 42.1187)	(14, 44.772099999999995)	(15, 46.4878)	(16, 46.2363)	(17, 46.212199999999996)	(18, 46.3604)	(19, 46.198699999999995)	(20, 46.1872)	(21, 46.2936)	(22, 45.8488)	(23, 45.4901)	(24, 45.4791)	(25, 44.963300000000004)	(26, 45.1408)	(27, 45.8381)	(28, 45.6357)	(29, 45.7845)	(30, 45.9486)	(31, 45.3311)	(32, 45.4031)	(33, 45.7204)	(34, 45.732)	(35, 45.6225)	(36, 45.7652)	(37, 45.589400000000005)	(38, 45.9735)	(39, 45.8825)	(40, 45.7884)	(41, 45.8829)	(42, 46.0269)	(43, 45.7546)	(44, 45.8496)	(45, 46.2108)	(46, 45.8306)	(47, 45.8233)	(48, 46.0949)	(49, 45.8319)	(50, 45.757999999999996)	(51, 46.0852)	(52, 45.7693)	(53, 45.8838)	(54, 46.0184)	(55, 45.8737)	(56, 45.7074)	(57, 46.1017)	(58, 45.8685)	(59, 45.8647)	(60, 46.1739)	(61, 45.9265)	(62, 45.921099999999996)	(63, 46.076899999999995)	(64, 45.882400000000004)	(65, 45.841300000000004)	(66, 45.9005)	(67, 45.8973)	(68, 46.0591)	(69, 46.0932)	(70, 45.9298)	(71, 45.9173)	(72, 46.1284)	(73, 46.056799999999996)	(74, 22.9712)	(75, 46.2312)	(76, 45.8119)	(77, 46.0073)	(78, 46.198)	(79, 45.954699999999995)	(80, 46.104099999999995)	(81, 46.176)	(82, 45.8358)	(83, 45.872800000000005)	(84, 45.9469)	(85, 45.976099999999995)	(86, 45.7961)	(87, 46.1696)	(88, 46.178799999999995)	(89, 45.7673)	(90, 46.284)	(91, 45.9974)	(92, 45.9947)	(93, 46.0932)	(94, 45.7514)	(95, 46.0151)	(96, 46.090199999999996)	(97, 45.7962)	(98, 45.9455)	(99, 46.1571)	(100, 45.8558)	(101, 45.8779)	(102, 46.0586)	(103, 45.923)	(104, 45.856)	(105, 45.9641)	(106, 45.8519)	(107, 45.8756)	(108, 46.2502)	(109, 45.8895)	(110, 46.0256)	(111, 46.1322)	(112, 45.975899999999996)	(113, 45.8645)	(114, 45.9778)	(115, 45.9692)	(116, 45.715)	(117, 46.0665)	(118, 45.8825)	(119, 45.8569)	(120, 46.274)	(121, 46.0115)	(122, 45.9598)	(123, 46.1702)	(124, 45.9769)	(125, 45.9539)
GI_6hpi_2	(1, 56.4891)	(2, 31.4137)	(3, 45.075500000000005)	(4, 44.622499999999995)	(5, 42.1447)	(6, 41.727599999999995)	(7, 41.8002)	(8, 51.5826)	(9, 49.9062)	(10, 40.3917)	(11, 56.2384)	(12, 49.3887)	(13, 41.8209)	(14, 44.4567)	(15, 46.1282)	(16, 45.8429)	(17, 45.8317)	(18, 46.036500000000004)	(19, 45.8487)	(20, 45.830799999999996)	(21, 46.01)	(22, 45.5127)	(23, 45.150800000000004)	(24, 45.1468)	(25, 44.6226)	(26, 44.7759)	(27, 45.454499999999996)	(28, 45.2675)	(29, 45.4557)	(30, 45.556999999999995)	(31, 44.9966)	(32, 45.1131)	(33, 45.3696)	(34, 45.35)	(35, 45.2968)	(36, 45.4228)	(37, 45.217800000000004)	(38, 45.6406)	(39, 45.5509)	(40, 45.4476)	(41, 45.4996)	(42, 45.6869)	(43, 45.4009)	(44, 45.522)	(45, 45.8605)	(46, 45.4889)	(47, 45.4698)	(48, 45.736900000000006)	(49, 45.455400000000004)	(50, 45.4503)	(51, 45.742)	(52, 45.417699999999996)	(53, 45.5849)	(54, 45.676899999999996)	(55, 45.5054)	(56, 45.3889)	(57, 45.6976)	(58, 45.4634)	(59, 45.4769)	(60, 45.812599999999996)	(61, 45.5588)	(62, 45.582499999999996)	(63, 45.7603)	(64, 45.5062)	(65, 45.5143)	(66, 45.544000000000004)	(67, 45.514500000000005)	(68, 45.7012)	(69, 45.7445)	(70, 45.5309)	(71, 45.5673)	(72, 45.7692)	(73, 45.7069)	(74, 22.786)	(75, 45.8647)	(76, 45.4521)	(77, 45.6593)	(78, 45.816)	(79, 45.582899999999995)	(80, 45.7203)	(81, 45.7853)	(82, 45.4229)	(83, 45.5309)	(84, 45.6485)	(85, 45.5967)	(86, 45.4668)	(87, 45.801199999999994)	(88, 45.7918)	(89, 45.454)	(90, 45.9011)	(91, 45.5899)	(92, 45.613)	(93, 45.7403)	(94, 45.3988)	(95, 45.661699999999996)	(96, 45.7262)	(97, 45.4025)	(98, 45.6569)	(99, 45.773399999999995)	(100, 45.4518)	(101, 45.5287)	(102, 45.752500000000005)	(103, 45.5662)	(104, 45.474)	(105, 45.62)	(106, 45.4928)	(107, 45.5086)	(108, 45.8908)	(109, 45.5181)	(110, 45.657599999999995)	(111, 45.7708)	(112, 45.6213)	(113, 45.5355)	(114, 45.5941)	(115, 45.5798)	(116, 45.3953)	(117, 45.7271)	(118, 45.4723)	(119, 45.509)	(120, 45.9063)	(121, 45.6322)	(122, 45.585300000000004)	(123, 45.8386)	(124, 45.5936)	(125, 45.6352)
GI_6hpi_3	(1, 56.5416)	(2, 31.4548)	(3, 45.2946)	(4, 44.6714)	(5, 42.0933)	(6, 41.8008)	(7, 41.9493)	(8, 51.70740000000001)	(9, 49.9452)	(10, 40.382200000000005)	(11, 56.339600000000004)	(12, 49.3563)	(13, 41.7649)	(14, 44.4)	(15, 46.0749)	(16, 45.7955)	(17, 45.8134)	(18, 46.007999999999996)	(19, 45.8303)	(20, 45.8299)	(21, 45.9439)	(22, 45.4937)	(23, 45.1104)	(24, 45.1059)	(25, 44.608799999999995)	(26, 44.7333)	(27, 45.4178)	(28, 45.271899999999995)	(29, 45.425)	(30, 45.5565)	(31, 44.9808)	(32, 45.1219)	(33, 45.3825)	(34, 45.359500000000004)	(35, 45.3092)	(36, 45.389)	(37, 45.218599999999995)	(38, 45.6721)	(39, 45.5933)	(40, 45.4336)	(41, 45.5324)	(42, 45.7057)	(43, 45.4044)	(44, 45.5451)	(45, 45.860800000000005)	(46, 45.4799)	(47, 45.4893)	(48, 45.7818)	(49, 45.4592)	(50, 45.454499999999996)	(51, 45.7376)	(52, 45.488800000000005)	(53, 45.5924)	(54, 45.719)	(55, 45.5115)	(56, 45.43)	(57, 45.7382)	(58, 45.5687)	(59, 45.5172)	(60, 45.8504)	(61, 45.6285)	(62, 45.623599999999996)	(63, 45.7886)	(64, 45.5862)	(65, 45.6054)	(66, 45.6376)	(67, 45.583600000000004)	(68, 45.7817)	(69, 45.8093)	(70, 45.6066)	(71, 45.632099999999994)	(72, 45.8737)	(73, 45.811)	(74, 22.8669)	(75, 45.9291)	(76, 45.5444)	(77, 45.738099999999996)	(78, 45.8816)	(79, 45.6673)	(80, 45.7798)	(81, 45.8513)	(82, 45.5319)	(83, 45.6366)	(84, 45.731500000000004)	(85, 45.6637)	(86, 45.4964)	(87, 45.894600000000004)	(88, 45.8748)	(89, 45.5096)	(90, 46.0051)	(91, 45.6587)	(92, 45.7349)	(93, 45.8044)	(94, 45.468399999999995)	(95, 45.738099999999996)	(96, 45.8224)	(97, 45.486900000000006)	(98, 45.7065)	(99, 45.87)	(100, 45.553)	(101, 45.6042)	(102, 45.8301)	(103, 45.631899999999995)	(104, 45.5895)	(105, 45.7196)	(106, 45.5525)	(107, 45.6368)	(108, 45.959)	(109, 45.5905)	(110, 45.7459)	(111, 45.8546)	(112, 45.7102)	(113, 45.6339)	(114, 45.7011)	(115, 45.7136)	(116, 45.5072)	(117, 45.8321)	(118, 45.6006)	(119, 45.6123)	(120, 46.0302)	(121, 45.7101)	(122, 45.7063)	(123, 45.9661)	(124, 45.7287)	(125, 45.746900000000004)
HC_24hpi_1	(1, 56.1736)	(2, 31.975199999999997)	(3, 45.2442)	(4, 44.9657)	(5, 42.2443)	(6, 41.8501)	(7, 41.909400000000005)	(8, 51.843799999999995)	(9, 50.192800000000005)	(10, 40.3922)	(11, 56.4581)	(12, 49.444900000000004)	(13, 41.806599999999996)	(14, 44.6323)	(15, 46.1738)	(16, 45.900400000000005)	(17, 45.8465)	(18, 46.009699999999995)	(19, 45.9217)	(20, 45.983000000000004)	(21, 46.0263)	(22, 45.5317)	(23, 45.150400000000005)	(24, 45.1364)	(25, 44.6847)	(26, 44.8099)	(27, 45.5643)	(28, 45.359)	(29, 45.5451)	(30, 45.6005)	(31, 45.115100000000005)	(32, 45.1862)	(33, 45.4585)	(34, 45.4649)	(35, 45.4115)	(36, 45.3924)	(37, 45.266099999999994)	(38, 45.6955)	(39, 45.5369)	(40, 45.427299999999995)	(41, 45.7089)	(42, 45.7439)	(43, 45.3941)	(44, 45.6635)	(45, 46.0128)	(46, 45.520300000000006)	(47, 45.5419)	(48, 45.8088)	(49, 45.5269)	(50, 45.4935)	(51, 45.737)	(52, 45.5357)	(53, 45.6008)	(54, 45.669)	(55, 45.569700000000005)	(56, 45.4492)	(57, 45.8444)	(58, 45.618900000000004)	(59, 45.541199999999996)	(60, 45.8862)	(61, 45.6201)	(62, 45.7548)	(63, 45.8359)	(64, 45.5621)	(65, 45.6447)	(66, 45.662000000000006)	(67, 45.6115)	(68, 45.87)	(69, 45.870400000000004)	(70, 45.602599999999995)	(71, 45.6746)	(72, 45.908300000000004)	(73, 45.786)	(74, 22.8473)	(75, 45.9031)	(76, 45.5025)	(77, 45.7429)	(78, 45.882)	(79, 45.6925)	(80, 45.8003)	(81, 45.7948)	(82, 45.5191)	(83, 45.5541)	(84, 45.633)	(85, 45.6944)	(86, 45.6027)	(87, 45.7898)	(88, 45.8843)	(89, 45.5734)	(90, 46.0312)	(91, 45.5986)	(92, 45.7396)	(93, 45.7145)	(94, 45.3898)	(95, 45.709300000000006)	(96, 45.723)	(97, 45.387699999999995)	(98, 45.598499999999994)	(99, 45.7042)	(100, 45.4512)	(101, 45.529399999999995)	(102, 45.7128)	(103, 45.5161)	(104, 45.5379)	(105, 45.5937)	(106, 45.557199999999995)	(107, 45.567099999999996)	(108, 45.8349)	(109, 45.488)	(110, 45.6948)	(111, 45.7569)	(112, 45.6151)	(113, 45.5175)	(114, 45.5608)	(115, 45.603)	(116, 45.380199999999995)	(117, 45.7018)	(118, 45.4771)	(119, 45.547)	(120, 45.887899999999995)	(121, 45.665)	(122, 45.7851)	(123, 45.8408)	(124, 45.5799)	(125, 45.5992)
HC_24hpi_2	(1, 55.682500000000005)	(2, 32.638600000000004)	(3, 45.2551)	(4, 45.0832)	(5, 42.2587)	(6, 41.8524)	(7, 41.8662)	(8, 51.9905)	(9, 50.259299999999996)	(10, 40.3341)	(11, 56.413599999999995)	(12, 49.4597)	(13, 41.7987)	(14, 44.6133)	(15, 46.0939)	(16, 45.872299999999996)	(17, 45.7676)	(18, 45.9087)	(19, 45.9082)	(20, 45.9971)	(21, 45.963)	(22, 45.508900000000004)	(23, 45.1876)	(24, 45.1432)	(25, 44.7594)	(26, 44.9173)	(27, 45.5819)	(28, 45.3813)	(29, 45.5386)	(30, 45.6147)	(31, 45.1503)	(32, 45.2384)	(33, 45.410000000000004)	(34, 45.5201)	(35, 45.4814)	(36, 45.3902)	(37, 45.2906)	(38, 45.732)	(39, 45.5143)	(40, 45.4387)	(41, 45.7763)	(42, 45.7419)	(43, 45.393299999999996)	(44, 45.75)	(45, 46.1138)	(46, 45.5725)	(47, 45.622099999999996)	(48, 45.824999999999996)	(49, 45.5703)	(50, 45.557700000000004)	(51, 45.7557)	(52, 45.5488)	(53, 45.6772)	(54, 45.652)	(55, 45.651)	(56, 45.5007)	(57, 45.8968)	(58, 45.7008)	(59, 45.684200000000004)	(60, 45.9653)	(61, 45.643899999999995)	(62, 45.8317)	(63, 45.8461)	(64, 45.6492)	(65, 45.6986)	(66, 45.7257)	(67, 45.6618)	(68, 45.976299999999995)	(69, 45.9096)	(70, 45.6869)	(71, 45.7661)	(72, 45.9627)	(73, 45.8579)	(74, 22.933999999999997)	(75, 45.983200000000004)	(76, 45.6016)	(77, 45.9285)	(78, 45.9862)	(79, 45.8046)	(80, 45.9342)	(81, 45.888600000000004)	(82, 45.597500000000004)	(83, 45.6265)	(84, 45.6854)	(85, 45.8204)	(86, 45.730199999999996)	(87, 45.8881)	(88, 46.0082)	(89, 45.7029)	(90, 46.1379)	(91, 45.7215)	(92, 45.8717)	(93, 45.8384)	(94, 45.455400000000004)	(95, 45.8455)	(96, 45.7881)	(97, 45.5117)	(98, 45.7268)	(99, 45.7882)	(100, 45.5653)	(101, 45.631)	(102, 45.772200000000005)	(103, 45.608399999999996)	(104, 45.7111)	(105, 45.6584)	(106, 45.6533)	(107, 45.7148)	(108, 45.9791)	(109, 45.6087)	(110, 45.8573)	(111, 45.8891)	(112, 45.760400000000004)	(113, 45.652300000000004)	(114, 45.6622)	(115, 45.7003)	(116, 45.4822)	(117, 45.7797)	(118, 45.5924)	(119, 45.713300000000004)	(120, 46.022400000000005)	(121, 45.787299999999995)	(122, 45.9358)	(123, 46.0009)	(124, 45.6948)	(125, 45.751599999999996)
HC_24hpi_3	(1, 57.4072)	(2, 32.3022)	(3, 45.3602)	(4, 44.669799999999995)	(5, 41.633199999999995)	(6, 41.1171)	(7, 41.2808)	(8, 50.952)	(9, 49.6042)	(10, 40.1388)	(11, 55.766099999999994)	(12, 49.1041)	(13, 41.653800000000004)	(14, 44.303)	(15, 45.8147)	(16, 45.6262)	(17, 45.4912)	(18, 45.764700000000005)	(19, 45.738)	(20, 45.6843)	(21, 45.774)	(22, 45.280300000000004)	(23, 45.0197)	(24, 44.9882)	(25, 44.541199999999996)	(26, 44.5755)	(27, 45.3446)	(28, 45.0455)	(29, 45.3258)	(30, 45.3219)	(31, 44.8789)	(32, 45.0235)	(33, 45.1921)	(34, 45.3167)	(35, 45.163599999999995)	(36, 45.1598)	(37, 45.0515)	(38, 45.4462)	(39, 45.2874)	(40, 45.2275)	(41, 45.4444)	(42, 45.482499999999995)	(43, 45.171099999999996)	(44, 45.4094)	(45, 45.7648)	(46, 45.3455)	(47, 45.3364)	(48, 45.6065)	(49, 45.3239)	(50, 45.345800000000004)	(51, 45.5766)	(52, 45.322)	(53, 45.405)	(54, 45.5158)	(55, 45.414500000000004)	(56, 45.2783)	(57, 45.6519)	(58, 45.382600000000004)	(59, 45.3764)	(60, 45.712)	(61, 45.4885)	(62, 45.487300000000005)	(63, 45.5923)	(64, 45.435199999999995)	(65, 45.3662)	(66, 45.420300000000005)	(67, 45.3922)	(68, 45.6376)	(69, 45.6976)	(70, 45.4243)	(71, 45.47)	(72, 45.811)	(73, 45.6736)	(74, 22.8173)	(75, 45.8292)	(76, 45.4576)	(77, 45.6963)	(78, 45.7533)	(79, 45.6034)	(80, 45.724599999999995)	(81, 45.7553)	(82, 45.3751)	(83, 45.3735)	(84, 45.476499999999994)	(85, 45.562999999999995)	(86, 45.4836)	(87, 45.6724)	(88, 45.7877)	(89, 45.445)	(90, 45.9058)	(91, 45.5567)	(92, 45.6457)	(93, 45.7012)	(94, 45.3501)	(95, 45.675)	(96, 45.5982)	(97, 45.3572)	(98, 45.5271)	(99, 45.61)	(100, 45.3726)	(101, 45.4584)	(102, 45.6129)	(103, 45.4105)	(104, 45.5597)	(105, 45.5295)	(106, 45.435199999999995)	(107, 45.527499999999996)	(108, 45.7754)	(109, 45.453700000000005)	(110, 45.5623)	(111, 45.6899)	(112, 45.524300000000004)	(113, 45.5047)	(114, 45.467600000000004)	(115, 45.5584)	(116, 45.3019)	(117, 45.577400000000004)	(118, 45.4471)	(119, 45.4394)	(120, 45.8294)	(121, 45.6689)	(122, 45.684200000000004)	(123, 45.7904)	(124, 45.5441)	(125, 45.543800000000005)
HC_48hpi_1	(1, 55.0675)	(2, 33.819)	(3, 45.7087)	(4, 45.0153)	(5, 42.2205)	(6, 41.450900000000004)	(7, 41.4171)	(8, 51.6971)	(9, 50.051100000000005)	(10, 39.989799999999995)	(11, 55.7144)	(12, 49.2541)	(13, 41.566399999999994)	(14, 44.2502)	(15, 45.7491)	(16, 45.665499999999994)	(17, 45.4299)	(18, 45.6613)	(19, 45.6762)	(20, 45.935700000000004)	(21, 45.750600000000006)	(22, 45.2733)	(23, 45.0663)	(24, 45.0477)	(25, 44.503)	(26, 44.8044)	(27, 45.562799999999996)	(28, 45.138600000000004)	(29, 45.3765)	(30, 45.1587)	(31, 44.874900000000004)	(32, 45.0904)	(33, 45.041399999999996)	(34, 45.165499999999994)	(35, 45.211600000000004)	(36, 45.131)	(37, 45.1406)	(38, 45.4805)	(39, 45.2731)	(40, 45.1887)	(41, 45.510400000000004)	(42, 45.5064)	(43, 45.1888)	(44, 45.6128)	(45, 45.8919)	(46, 45.3693)	(47, 45.5084)	(48, 45.4989)	(49, 45.2757)	(50, 45.4113)	(51, 45.4316)	(52, 45.177299999999995)	(53, 45.4314)	(54, 45.3616)	(55, 45.358399999999996)	(56, 45.3158)	(57, 45.6129)	(58, 45.3901)	(59, 45.5071)	(60, 45.691900000000004)	(61, 45.3323)	(62, 45.6102)	(63, 45.5519)	(64, 45.3241)	(65, 45.2824)	(66, 45.243)	(67, 45.3847)	(68, 45.7799)	(69, 45.7072)	(70, 45.319500000000005)	(71, 45.5258)	(72, 45.7428)	(73, 45.521899999999995)	(74, 45.6208)	(75, 0.0)	(76, 45.2455)	(77, 45.7335)	(78, 45.765299999999996)	(79, 45.651399999999995)	(80, 45.7268)	(81, 45.5996)	(82, 45.2136)	(83, 45.183499999999995)	(84, 45.3166)	(85, 45.484700000000004)	(86, 45.4824)	(87, 45.5094)	(88, 45.6558)	(89, 45.5554)	(90, 45.843)	(91, 45.373000000000005)	(92, 45.6372)	(93, 45.6323)	(94, 45.207)	(95, 45.4542)	(96, 45.4061)	(97, 45.2081)	(98, 45.3755)	(99, 45.36)	(100, 45.1877)	(101, 45.2945)	(102, 45.4581)	(103, 45.2773)	(104, 45.4625)	(105, 45.3407)	(106, 45.2736)	(107, 45.4857)	(108, 45.800000000000004)	(109, 45.3528)	(110, 45.534400000000005)	(111, 45.6493)	(112, 45.384299999999996)	(113, 45.4501)	(114, 45.2762)	(115, 45.3099)	(116, 45.157799999999995)	(117, 45.3744)	(118, 45.2629)	(119, 45.4555)	(120, 45.8164)	(121, 45.4855)	(122, 45.663399999999996)	(123, 45.7221)	(124, 45.279599999999995)	(125, 45.4868)
HC_48hpi_2	(1, 55.344)	(2, 34.8984)	(3, 46.1026)	(4, 45.2926)	(5, 42.4002)	(6, 41.4647)	(7, 41.3789)	(8, 51.6393)	(9, 49.866899999999994)	(10, 40.167)	(11, 55.6736)	(12, 49.1257)	(13, 41.702099999999994)	(14, 44.3174)	(15, 45.7608)	(16, 45.7886)	(17, 45.5486)	(18, 45.6927)	(19, 45.7809)	(20, 46.014500000000005)	(21, 45.750299999999996)	(22, 45.2793)	(23, 45.1599)	(24, 45.0937)	(25, 44.672200000000004)	(26, 45.001400000000004)	(27, 45.6777)	(28, 45.3042)	(29, 45.5766)	(30, 45.2941)	(31, 45.041599999999995)	(32, 45.2085)	(33, 45.1099)	(34, 45.3271)	(35, 45.374199999999995)	(36, 45.246199999999995)	(37, 45.2081)	(38, 45.6125)	(39, 45.3442)	(40, 45.2677)	(41, 45.6155)	(42, 45.5267)	(43, 45.227000000000004)	(44, 45.6584)	(45, 45.947900000000004)	(46, 45.452799999999996)	(47, 45.6146)	(48, 45.6056)	(49, 45.3795)	(50, 45.481100000000005)	(51, 45.5037)	(52, 45.234)	(53, 45.5025)	(54, 45.3618)	(55, 45.3914)	(56, 45.3991)	(57, 45.691500000000005)	(58, 45.490199999999994)	(59, 45.635)	(60, 45.8213)	(61, 45.403)	(62, 45.6836)	(63, 45.5319)	(64, 45.4059)	(65, 45.362)	(66, 45.2653)	(67, 45.4287)	(68, 45.7928)	(69, 45.731)	(70, 45.4022)	(71, 45.556000000000004)	(72, 45.7324)	(73, 45.528999999999996)	(74, 22.8507)	(75, 45.7479)	(76, 45.3088)	(77, 45.8359)	(78, 45.783)	(79, 45.6971)	(80, 45.7555)	(81, 45.5905)	(82, 45.2787)	(83, 45.2735)	(84, 45.2887)	(85, 45.4504)	(86, 45.5247)	(87, 45.5021)	(88, 45.7387)	(89, 45.623200000000004)	(90, 45.8844)	(91, 45.4345)	(92, 45.704499999999996)	(93, 45.6926)	(94, 45.234)	(95, 45.588699999999996)	(96, 45.4368)	(97, 45.2533)	(98, 45.4272)	(99, 45.407799999999995)	(100, 45.3033)	(101, 45.3324)	(102, 45.4429)	(103, 45.3801)	(104, 45.4959)	(105, 45.3016)	(106, 45.320100000000004)	(107, 45.4999)	(108, 45.832899999999995)	(109, 45.3633)	(110, 45.643299999999996)	(111, 45.6459)	(112, 45.451)	(113, 45.4521)	(114, 45.2094)	(115, 45.3251)	(116, 45.1451)	(117, 45.318999999999996)	(118, 45.300000000000004)	(119, 45.4422)	(120, 45.746900000000004)	(121, 45.5459)	(122, 45.728)	(123, 45.7892)	(124, 45.3463)	(125, 45.5163)
HC_48hpi_3	(1, 55.516200000000005)	(2, 34.1858)	(3, 45.8339)	(4, 45.0088)	(5, 42.411300000000004)	(6, 41.377900000000004)	(7, 41.2578)	(8, 51.6163)	(9, 49.7489)	(10, 40.081)	(11, 55.6861)	(12, 49.0377)	(13, 41.565400000000004)	(14, 44.276199999999996)	(15, 45.749)	(16, 45.676)	(17, 45.4876)	(18, 45.658100000000005)	(19, 45.6873)	(20, 45.9013)	(21, 45.683)	(22, 45.2484)	(23, 45.0833)	(24, 45.062200000000004)	(25, 44.6366)	(26, 44.880399999999995)	(27, 45.534)	(28, 45.213)	(29, 45.3986)	(30, 45.1547)	(31, 44.860699999999994)	(32, 45.123799999999996)	(33, 45.1002)	(34, 45.1933)	(35, 45.2703)	(36, 45.1956)	(37, 45.1542)	(38, 45.555)	(39, 45.2956)	(40, 45.203900000000004)	(41, 45.4739)	(42, 45.441500000000005)	(43, 45.1814)	(44, 45.576699999999995)	(45, 45.8321)	(46, 45.3994)	(47, 45.510400000000004)	(48, 45.5302)	(49, 45.277499999999996)	(50, 45.4127)	(51, 45.3887)	(52, 45.1813)	(53, 45.4012)	(54, 45.3301)	(55, 45.3246)	(56, 45.33)	(57, 45.6214)	(58, 45.407)	(59, 45.5146)	(60, 45.6812)	(61, 45.3045)	(62, 45.5915)	(63, 45.5082)	(64, 45.2948)	(65, 45.2577)	(66, 45.251200000000004)	(67, 45.358599999999996)	(68, 45.7513)	(69, 45.685199999999995)	(70, 45.3133)	(71, 45.488299999999995)	(72, 45.6607)	(73, 45.4284)	(74, 22.7304)	(75, 45.6315)	(76, 45.2453)	(77, 45.711600000000004)	(78, 45.6717)	(79, 45.6289)	(80, 45.6462)	(81, 45.5547)	(82, 45.181900000000006)	(83, 45.1983)	(84, 45.269999999999996)	(85, 45.3724)	(86, 45.4069)	(87, 45.4681)	(88, 45.6211)	(89, 45.5189)	(90, 45.8081)	(91, 45.3572)	(92, 45.5785)	(93, 45.562000000000005)	(94, 45.1597)	(95, 45.457300000000004)	(96, 45.3518)	(97, 45.1716)	(98, 45.4053)	(99, 45.3436)	(100, 45.1865)	(101, 45.2831)	(102, 45.4508)	(103, 45.2414)	(104, 45.366800000000005)	(105, 45.25)	(106, 45.249)	(107, 45.3943)	(108, 45.7077)	(109, 45.3179)	(110, 45.4906)	(111, 45.603)	(112, 45.3264)	(113, 45.3828)	(114, 45.2162)	(115, 45.246700000000004)	(116, 45.1293)	(117, 45.3048)	(118, 45.216499999999996)	(119, 45.4414)	(120, 45.7101)	(121, 45.432)	(122, 45.5999)	(123, 45.6839)	(124, 45.2318)	(125, 45.3698)
HC_6hpi_1	(1, 59.5278)	(2, 33.1528)	(3, 46.0082)	(4, 49.066900000000004)	(5, 44.9911)	(6, 41.3787)	(7, 41.2047)	(8, 54.6875)	(9, 49.7402)	(10, 39.466499999999996)	(11, 54.340599999999995)	(12, 46.236)	(13, 40.0921)	(14, 44.3699)	(15, 46.0077)	(16, 45.9437)	(17, 45.8377)	(18, 45.6687)	(19, 45.638600000000004)	(20, 45.5719)	(21, 45.3383)	(22, 45.2425)	(23, 45.002700000000004)	(24, 44.981300000000005)	(25, 44.9988)	(26, 44.9351)	(27, 45.256600000000006)	(28, 45.3213)	(29, 45.454299999999996)	(30, 45.326)	(31, 44.9178)	(32, 45.1092)	(33, 45.3436)	(34, 45.449400000000004)	(35, 45.4915)	(36, 45.2954)	(37, 45.259)	(38, 45.7905)	(39, 45.402)	(40, 45.419599999999996)	(41, 45.7076)	(42, 45.469100000000005)	(43, 45.5775)	(44, 45.542100000000005)	(45, 45.7204)	(46, 45.6244)	(47, 45.6072)	(48, 45.7087)	(49, 45.6667)	(50, 45.569900000000004)	(51, 45.684000000000005)	(52, 45.764700000000005)	(53, 45.7428)	(54, 45.6623)	(55, 45.7488)	(56, 45.6605)	(57, 45.6608)	(58, 45.7412)	(59, 45.6631)	(60, 45.8032)	(61, 45.82)	(62, 45.880900000000004)	(63, 45.7029)	(64, 45.8365)	(65, 45.7329)	(66, 45.7629)	(67, 45.851)	(68, 45.9042)	(69, 45.6551)	(70, 45.717)	(71, 45.838699999999996)	(72, 45.608)	(73, 45.9034)	(74, 45.7713)	(75, 45.8422)	(76, 45.618700000000004)	(77, 45.894600000000004)	(78, 45.798899999999996)	(79, 45.7553)	(80, 45.8829)	(81, 45.7542)	(82, 45.8179)	(83, 45.7486)	(84, 45.6204)	(85, 45.8458)	(86, 45.6971)	(87, 45.711400000000005)	(88, 45.8839)	(89, 45.7152)	(90, 45.8218)	(91, 45.935900000000004)	(92, 45.750099999999996)	(93, 45.6191)	(94, 45.5917)	(95, 45.9896)	(96, 45.8432)	(97, 45.6763)	(98, 45.893299999999996)	(99, 45.8377)	(100, 45.720499999999994)	(101, 45.6758)	(102, 45.782000000000004)	(103, 45.7789)	(104, 45.9043)	(105, 45.6745)	(106, 45.867000000000004)	(107, 45.8262)	(108, 45.8243)	(109, 45.7711)	(110, 45.8415)	(111, 45.7898)	(112, 45.9517)	(113, 45.7577)	(114, 45.6961)	(115, 45.8568)	(116, 45.68)	(117, 45.849000000000004)	(118, 45.8775)	(119, 45.8004)	(120, 45.9078)	(121, 45.8226)	(122, 45.848)	(123, 45.7485)	(124, 45.8697)	(125, 45.7994)
HC_6hpi_2	(1, 60.2066)	(2, 32.961600000000004)	(3, 46.007799999999996)	(4, 49.119600000000005)	(5, 45.1789)	(6, 41.3107)	(7, 41.223)	(8, 54.6906)	(9, 49.6764)	(10, 39.6323)	(11, 54.47)	(12, 46.3074)	(13, 40.213100000000004)	(14, 44.5118)	(15, 46.1015)	(16, 46.0169)	(17, 45.9639)	(18, 45.7839)	(19, 45.7879)	(20, 45.734700000000004)	(21, 45.4803)	(22, 45.3711)	(23, 45.1327)	(24, 45.1215)	(25, 45.1003)	(26, 45.0314)	(27, 45.368199999999995)	(28, 45.4135)	(29, 45.5684)	(30, 45.4119)	(31, 45.0693)	(32, 45.237500000000004)	(33, 45.3938)	(34, 45.558)	(35, 45.5506)	(36, 45.3492)	(37, 45.3181)	(38, 45.7932)	(39, 45.4683)	(40, 45.5457)	(41, 45.7614)	(42, 45.5351)	(43, 45.663399999999996)	(44, 45.5935)	(45, 45.7795)	(46, 45.6593)	(47, 45.636900000000004)	(48, 45.7128)	(49, 45.7072)	(50, 45.6316)	(51, 45.686)	(52, 45.7822)	(53, 45.813900000000004)	(54, 45.6836)	(55, 45.745200000000004)	(56, 45.6889)	(57, 45.6881)	(58, 45.7445)	(59, 45.6702)	(60, 45.7704)	(61, 45.8698)	(62, 45.92)	(63, 45.7343)	(64, 45.8894)	(65, 45.7231)	(66, 45.8009)	(67, 45.8363)	(68, 45.891999999999996)	(69, 45.671099999999996)	(70, 45.7596)	(71, 45.811)	(72, 45.609300000000005)	(73, 45.9022)	(74, 45.7727)	(75, 45.8191)	(76, 45.6277)	(77, 45.8631)	(78, 45.773599999999995)	(79, 45.7487)	(80, 45.885999999999996)	(81, 45.7483)	(82, 45.7806)	(83, 45.718399999999995)	(84, 45.6253)	(85, 45.833800000000004)	(86, 45.6978)	(87, 45.717200000000005)	(88, 45.8816)	(89, 45.6978)	(90, 45.7882)	(91, 45.915099999999995)	(92, 45.7522)	(93, 45.628600000000006)	(94, 45.6032)	(95, 45.9599)	(96, 45.8144)	(97, 45.6781)	(98, 45.8477)	(99, 45.8425)	(100, 45.7422)	(101, 45.651399999999995)	(102, 45.778999999999996)	(103, 45.7836)	(104, 45.8775)	(105, 45.6382)	(106, 45.8321)	(107, 45.7665)	(108, 45.805299999999995)	(109, 45.777499999999996)	(110, 45.8224)	(111, 45.7336)	(112, 45.914300000000004)	(113, 45.696799999999996)	(114, 45.6673)	(115, 45.8295)	(116, 45.6499)	(117, 45.8378)	(118, 45.8217)	(119, 45.7997)	(120, 45.8611)	(121, 45.7975)	(122, 45.8461)	(123, 45.7057)	(124, 45.820100000000004)	(125, 45.7713)
HC_6hpi_3	(1, 61.425799999999995)	(2, 32.316)	(3, 45.6407)	(4, 48.8409)	(5, 45.225500000000004)	(6, 41.093)	(7, 41.071600000000004)	(8, 54.39960000000001)	(9, 49.4442)	(10, 39.489200000000004)	(11, 54.408500000000004)	(12, 46.3576)	(13, 40.1868)	(14, 44.5283)	(15, 46.205400000000004)	(16, 46.0942)	(17, 45.9675)	(18, 45.8328)	(19, 45.7417)	(20, 45.6997)	(21, 45.5787)	(22, 45.4022)	(23, 45.1308)	(24, 45.189)	(25, 45.1682)	(26, 45.0313)	(27, 45.3962)	(28, 45.4551)	(29, 45.571400000000004)	(30, 45.4519)	(31, 45.0879)	(32, 45.2686)	(33, 45.4814)	(34, 45.6354)	(35, 45.5167)	(36, 45.396)	(37, 45.4504)	(38, 45.896100000000004)	(39, 45.5691)	(40, 45.6259)	(41, 45.780100000000004)	(42, 45.6889)	(43, 45.808)	(44, 45.6308)	(45, 45.8598)	(46, 45.8311)	(47, 45.678000000000004)	(48, 45.8314)	(49, 45.8247)	(50, 45.7243)	(51, 45.8326)	(52, 45.969)	(53, 45.9042)	(54, 45.8701)	(55, 45.909299999999995)	(56, 45.852199999999996)	(57, 45.812999999999995)	(58, 45.8953)	(59, 45.816)	(60, 45.9102)	(61, 46.0547)	(62, 46.0955)	(63, 45.9643)	(64, 46.0527)	(65, 45.827600000000004)	(66, 46.0185)	(67, 46.0528)	(68, 46.0811)	(69, 45.8294)	(70, 45.9169)	(71, 45.9917)	(72, 45.7804)	(73, 46.1546)	(74, 45.939099999999996)	(75, 46.027699999999996)	(76, 45.8169)	(77, 46.001799999999996)	(78, 45.9707)	(79, 45.9704)	(80, 46.0586)	(81, 45.9591)	(82, 46.0023)	(83, 45.8797)	(84, 45.8311)	(85, 46.0738)	(86, 45.8853)	(87, 45.9584)	(88, 46.071)	(89, 45.8891)	(90, 46.0341)	(91, 46.201)	(92, 45.8803)	(93, 45.7882)	(94, 45.8304)	(95, 46.2055)	(96, 46.097)	(97, 45.9088)	(98, 46.0771)	(99, 46.116800000000005)	(100, 45.9778)	(101, 45.9123)	(102, 46.0467)	(103, 45.9915)	(104, 46.122)	(105, 45.9637)	(106, 46.0754)	(107, 46.0064)	(108, 46.042300000000004)	(109, 46.0404)	(110, 46.0032)	(111, 45.986399999999996)	(112, 46.2017)	(113, 45.952)	(114, 45.919)	(115, 46.0213)	(116, 45.868700000000004)	(117, 46.127)	(118, 46.1276)	(119, 46.0255)	(120, 46.1404)	(121, 46.118900000000004)	(122, 46.0614)	(123, 45.9954)	(124, 46.108399999999996)	(125, 45.9637)
HI_24hpi_1	(1, 57.7039)	(2, 33.1063)	(3, 46.1898)	(4, 45.7356)	(5, 43.2834)	(6, 42.3546)	(7, 42.8206)	(8, 52.676500000000004)	(9, 50.663000000000004)	(10, 41.1518)	(11, 57.166)	(12, 50.291399999999996)	(13, 42.735299999999995)	(14, 45.4736)	(15, 47.2775)	(16, 46.923700000000004)	(17, 46.7334)	(18, 46.9667)	(19, 46.7673)	(20, 46.7314)	(21, 46.921099999999996)	(22, 46.4887)	(23, 45.8421)	(24, 45.9668)	(25, 45.7002)	(26, 45.5309)	(27, 46.3991)	(28, 45.9518)	(29, 46.3019)	(30, 46.4113)	(31, 45.9245)	(32, 46.1566)	(33, 46.5866)	(34, 46.488)	(35, 46.2566)	(36, 46.2037)	(37, 46.440799999999996)	(38, 46.6105)	(39, 46.4709)	(40, 46.1988)	(41, 46.6012)	(42, 46.6084)	(43, 46.2334)	(44, 46.3613)	(45, 46.7192)	(46, 46.4692)	(47, 46.302)	(48, 46.9059)	(49, 46.44)	(50, 46.5955)	(51, 46.8329)	(52, 46.556)	(53, 46.3943)	(54, 46.751)	(55, 46.7391)	(56, 46.4627)	(57, 46.638400000000004)	(58, 46.8254)	(59, 46.7228)	(60, 47.0889)	(61, 46.856700000000004)	(62, 46.9119)	(63, 46.7635)	(64, 46.8563)	(65, 46.5546)	(66, 47.0956)	(67, 47.0183)	(68, 47.1438)	(69, 47.0167)	(70, 46.9587)	(71, 46.8144)	(72, 46.914899999999996)	(73, 47.1237)	(74, 23.5307)	(75, 46.7814)	(76, 46.626)	(77, 47.1366)	(78, 46.9985)	(79, 46.9716)	(80, 46.977000000000004)	(81, 47.1481)	(82, 46.640100000000004)	(83, 46.7778)	(84, 46.719699999999996)	(85, 47.1181)	(86, 46.6832)	(87, 46.914)	(88, 46.9458)	(89, 46.5058)	(90, 47.3345)	(91, 46.87)	(92, 46.808)	(93, 46.7822)	(94, 46.4709)	(95, 46.7693)	(96, 46.808699999999995)	(97, 46.6936)	(98, 46.5246)	(99, 46.9117)	(100, 46.7015)	(101, 46.6783)	(102, 46.995599999999996)	(103, 46.5091)	(104, 46.8326)	(105, 46.6252)	(106, 46.832499999999996)	(107, 46.874900000000004)	(108, 46.841100000000004)	(109, 46.8485)	(110, 47.1515)	(111, 47.0385)	(112, 47.0416)	(113, 46.9264)	(114, 47.206900000000005)	(115, 47.0293)	(116, 46.7774)	(117, 47.1468)	(118, 47.1586)	(119, 47.094)	(120, 47.1124)	(121, 47.1628)	(122, 47.1261)	(123, 47.273199999999996)	(124, 47.179300000000005)	(125, 46.9071)
HI_24hpi_2	(1, 55.4382)	(2, 31.9492)	(3, 45.156)	(4, 44.5654)	(5, 41.9218)	(6, 41.530699999999996)	(7, 41.7063)	(8, 51.6471)	(9, 50.03189999999999)	(10, 40.009)	(11, 55.98689999999999)	(12, 49.0419)	(13, 41.341899999999995)	(14, 44.1689)	(15, 45.773599999999995)	(16, 45.4355)	(17, 45.4309)	(18, 45.6126)	(19, 45.5345)	(20, 45.684599999999996)	(21, 45.618900000000004)	(22, 45.157599999999995)	(23, 44.8109)	(24, 44.7205)	(25, 44.2768)	(26, 44.4329)	(27, 45.1264)	(28, 44.9098)	(29, 45.1438)	(30, 45.0309)	(31, 44.691399999999994)	(32, 44.826100000000004)	(33, 45.0413)	(34, 45.0372)	(35, 45.035599999999995)	(36, 45.014700000000005)	(37, 44.9129)	(38, 45.3415)	(39, 45.1787)	(40, 45.0732)	(41, 45.3378)	(42, 45.3482)	(43, 45.0516)	(44, 45.2979)	(45, 45.6263)	(46, 45.217)	(47, 45.2051)	(48, 45.4561)	(49, 45.184400000000004)	(50, 45.2282)	(51, 45.4106)	(52, 45.184200000000004)	(53, 45.3288)	(54, 45.371)	(55, 45.2594)	(56, 45.1985)	(57, 45.5033)	(58, 45.2869)	(59, 45.2316)	(60, 45.5527)	(61, 45.299)	(62, 45.467800000000004)	(63, 45.5039)	(64, 45.2727)	(65, 45.263799999999996)	(66, 45.3613)	(67, 45.3388)	(68, 45.6132)	(69, 45.621)	(70, 45.2553)	(71, 45.417)	(72, 45.6262)	(73, 45.5239)	(74, 22.7431)	(75, 45.6393)	(76, 45.2834)	(77, 45.5083)	(78, 45.6079)	(79, 45.4697)	(80, 45.5847)	(81, 45.59)	(82, 45.2346)	(83, 45.2873)	(84, 45.3665)	(85, 45.4914)	(86, 45.3519)	(87, 45.5511)	(88, 45.6267)	(89, 45.345800000000004)	(90, 45.745599999999996)	(91, 45.3811)	(92, 45.5052)	(93, 45.5092)	(94, 45.177800000000005)	(95, 45.449600000000004)	(96, 45.4844)	(97, 45.1826)	(98, 45.379599999999996)	(99, 45.5165)	(100, 45.242399999999996)	(101, 45.3323)	(102, 45.5223)	(103, 45.3176)	(104, 45.396300000000004)	(105, 45.4102)	(106, 45.3208)	(107, 45.4355)	(108, 45.6863)	(109, 45.338699999999996)	(110, 45.5202)	(111, 45.61)	(112, 45.4555)	(113, 45.3573)	(114, 45.4447)	(115, 45.4168)	(116, 45.2502)	(117, 45.5249)	(118, 45.3866)	(119, 45.467200000000005)	(120, 45.7549)	(121, 45.521)	(122, 45.5974)	(123, 45.6818)	(124, 45.4015)	(125, 45.4473)
HI_24hpi_3	(1, 57.3394)	(2, 32.6115)	(3, 45.908500000000004)	(4, 44.9898)	(5, 42.1021)	(6, 41.787600000000005)	(7, 41.8562)	(8, 51.5439)	(9, 50.0561)	(10, 40.2169)	(11, 56.2114)	(12, 49.4991)	(13, 41.8559)	(14, 44.6062)	(15, 46.2009)	(16, 45.9482)	(17, 45.8412)	(18, 46.1173)	(19, 46.0552)	(20, 46.0858)	(21, 46.104099999999995)	(22, 45.6044)	(23, 45.2592)	(24, 45.299299999999995)	(25, 44.8237)	(26, 44.8439)	(27, 45.6648)	(28, 45.4054)	(29, 45.626)	(30, 45.5259)	(31, 45.155699999999996)	(32, 45.2878)	(33, 45.523599999999995)	(34, 45.5993)	(35, 45.4615)	(36, 45.4579)	(37, 45.384600000000006)	(38, 45.7986)	(39, 45.654)	(40, 45.5348)	(41, 45.7698)	(42, 45.802)	(43, 45.4699)	(44, 45.772400000000005)	(45, 46.1686)	(46, 45.6366)	(47, 45.6359)	(48, 45.925)	(49, 45.644600000000004)	(50, 45.649499999999996)	(51, 45.8862)	(52, 45.6003)	(53, 45.7236)	(54, 45.820100000000004)	(55, 45.7168)	(56, 45.5214)	(57, 45.9565)	(58, 45.722)	(59, 45.642300000000006)	(60, 45.9999)	(61, 45.7459)	(62, 45.881699999999995)	(63, 45.914899999999996)	(64, 45.6609)	(65, 45.6639)	(66, 45.744299999999996)	(67, 45.734399999999994)	(68, 46.0113)	(69, 46.0357)	(70, 45.6966)	(71, 45.786300000000004)	(72, 46.063900000000004)	(73, 45.9586)	(74, 22.891000000000002)	(75, 46.0325)	(76, 45.6836)	(77, 45.9075)	(78, 46.053399999999996)	(79, 45.8972)	(80, 45.9574)	(81, 45.969300000000004)	(82, 45.6199)	(83, 45.649499999999996)	(84, 45.7839)	(85, 45.8512)	(86, 45.7283)	(87, 45.9865)	(88, 46.0402)	(89, 45.6779)	(90, 46.1714)	(91, 45.7676)	(92, 45.839999999999996)	(93, 45.8973)	(94, 45.5299)	(95, 45.8484)	(96, 45.8641)	(97, 45.5183)	(98, 45.7225)	(99, 45.852900000000005)	(100, 45.5647)	(101, 45.6553)	(102, 45.8562)	(103, 45.6266)	(104, 45.7248)	(105, 45.746900000000004)	(106, 45.7245)	(107, 45.7418)	(108, 46.0111)	(109, 45.6445)	(110, 45.8227)	(111, 45.9509)	(112, 45.7324)	(113, 45.663599999999995)	(114, 45.7423)	(115, 45.745999999999995)	(116, 45.5349)	(117, 45.894400000000005)	(118, 45.6618)	(119, 45.7519)	(120, 46.1345)	(121, 45.8162)	(122, 45.9208)	(123, 46.0418)	(124, 45.7236)	(125, 45.7798)
HI_48hpi_1	(1, 56.7178)	(2, 34.378)	(3, 46.1395)	(4, 45.1929)	(5, 42.0633)	(6, 41.4529)	(7, 41.3279)	(8, 51.3842)	(9, 49.9406)	(10, 40.0101)	(11, 55.76649999999999)	(12, 49.2676)	(13, 41.767700000000005)	(14, 44.4471)	(15, 45.9536)	(16, 45.7896)	(17, 45.6827)	(18, 45.9027)	(19, 45.89)	(20, 45.9905)	(21, 45.8964)	(22, 45.461)	(23, 45.2057)	(24, 45.2002)	(25, 44.7507)	(26, 44.939800000000005)	(27, 45.643499999999996)	(28, 45.3767)	(29, 45.5862)	(30, 45.3955)	(31, 45.116099999999996)	(32, 45.2432)	(33, 45.403999999999996)	(34, 45.4639)	(35, 45.4054)	(36, 45.3848)	(37, 45.289)	(38, 45.664100000000005)	(39, 45.4859)	(40, 45.3133)	(41, 45.6526)	(42, 45.6608)	(43, 45.332899999999995)	(44, 45.7137)	(45, 46.0247)	(46, 45.5496)	(47, 45.6931)	(48, 45.824799999999996)	(49, 45.5118)	(50, 45.6647)	(51, 45.7649)	(52, 45.4779)	(53, 45.5797)	(54, 45.6322)	(55, 45.583600000000004)	(56, 45.5331)	(57, 45.8583)	(58, 45.606700000000004)	(59, 45.6192)	(60, 45.969)	(61, 45.638400000000004)	(62, 45.7576)	(63, 45.7609)	(64, 45.5638)	(65, 45.57)	(66, 45.608399999999996)	(67, 45.5847)	(68, 46.0184)	(69, 45.971000000000004)	(70, 45.6192)	(71, 45.8054)	(72, 45.9701)	(73, 45.7515)	(74, 45.7788)	(75, 0.0)	(76, 45.5924)	(77, 45.9333)	(78, 45.9679)	(79, 45.8828)	(80, 45.9784)	(81, 45.954)	(82, 45.5886)	(83, 45.5591)	(84, 45.627)	(85, 45.6811)	(86, 45.7588)	(87, 45.8204)	(88, 45.9313)	(89, 45.798899999999996)	(90, 46.1202)	(91, 45.7159)	(92, 45.9169)	(93, 45.8577)	(94, 45.4783)	(95, 45.8039)	(96, 45.71)	(97, 45.4441)	(98, 45.673)	(99, 45.732800000000005)	(100, 45.522800000000004)	(101, 45.6479)	(102, 45.8007)	(103, 45.5603)	(104, 45.7322)	(105, 45.5788)	(106, 45.5285)	(107, 45.7007)	(108, 45.9366)	(109, 45.6002)	(110, 45.7245)	(111, 45.9127)	(112, 45.7088)	(113, 45.6921)	(114, 45.622)	(115, 45.6138)	(116, 45.4396)	(117, 45.6942)	(118, 45.5458)	(119, 45.7119)	(120, 46.0345)	(121, 45.8019)	(122, 45.9604)	(123, 45.9891)	(124, 45.636700000000005)	(125, 45.666000000000004)
HI_48hpi_2	(1, 55.9067)	(2, 32.8363)	(3, 45.598499999999994)	(4, 44.8551)	(5, 42.1638)	(6, 41.4949)	(7, 41.4041)	(8, 51.5247)	(9, 49.9531)	(10, 40.0894)	(11, 55.9006)	(12, 49.1523)	(13, 41.573)	(14, 44.2806)	(15, 45.9381)	(16, 45.6052)	(17, 45.6068)	(18, 45.8032)	(19, 45.7181)	(20, 45.8117)	(21, 45.8352)	(22, 45.2936)	(23, 45.0132)	(24, 45.0299)	(25, 44.5002)	(26, 44.6888)	(27, 45.4569)	(28, 45.1522)	(29, 45.367200000000004)	(30, 45.2405)	(31, 44.8083)	(32, 44.9793)	(33, 45.212799999999994)	(34, 45.1752)	(35, 45.206)	(36, 45.185199999999995)	(37, 45.061099999999996)	(38, 45.5062)	(39, 45.3296)	(40, 45.163)	(41, 45.4492)	(42, 45.5278)	(43, 45.193)	(44, 45.4434)	(45, 45.8285)	(46, 45.3285)	(47, 45.414)	(48, 45.6147)	(49, 45.2544)	(50, 45.3912)	(51, 45.5567)	(52, 45.2641)	(53, 45.412)	(54, 45.4844)	(55, 45.340799999999994)	(56, 45.2996)	(57, 45.6503)	(58, 45.388099999999994)	(59, 45.428000000000004)	(60, 45.6814)	(61, 45.3803)	(62, 45.5753)	(63, 45.6001)	(64, 45.348)	(65, 45.3495)	(66, 45.4299)	(67, 45.3898)	(68, 45.7222)	(69, 45.7094)	(70, 45.344699999999996)	(71, 45.5369)	(72, 45.7451)	(73, 45.5165)	(74, 45.5305)	(75, 0.0)	(76, 45.325500000000005)	(77, 45.604)	(78, 45.745999999999995)	(79, 45.6114)	(80, 45.6781)	(81, 45.6865)	(82, 45.3036)	(83, 45.347300000000004)	(84, 45.4861)	(85, 45.4794)	(86, 45.4586)	(87, 45.6412)	(88, 45.6313)	(89, 45.5428)	(90, 45.8752)	(91, 45.4542)	(92, 45.5995)	(93, 45.538000000000004)	(94, 45.2439)	(95, 45.5263)	(96, 45.5351)	(97, 45.210499999999996)	(98, 45.4015)	(99, 45.4699)	(100, 45.237899999999996)	(101, 45.3482)	(102, 45.5506)	(103, 45.32)	(104, 45.4296)	(105, 45.361200000000004)	(106, 45.327)	(107, 45.4363)	(108, 45.690799999999996)	(109, 45.3191)	(110, 45.5079)	(111, 45.6293)	(112, 45.4033)	(113, 45.4287)	(114, 45.3912)	(115, 45.3268)	(116, 45.2063)	(117, 45.4976)	(118, 45.2671)	(119, 45.4615)	(120, 45.8115)	(121, 45.4498)	(122, 45.6164)	(123, 45.6683)	(124, 45.389)	(125, 45.3791)
HI_48hpi_3	(1, 54.0603)	(2, 33.1812)	(3, 45.5844)	(4, 46.1254)	(5, 43.5563)	(6, 42.7203)	(7, 42.559999999999995)	(8, 53.302499999999995)	(9, 50.68820000000001)	(10, 41.0373)	(11, 57.227700000000006)	(12, 49.8545)	(13, 42.1585)	(14, 45.2878)	(15, 46.7039)	(16, 46.4804)	(17, 46.4607)	(18, 46.3985)	(19, 46.424)	(20, 46.5527)	(21, 46.4792)	(22, 46.077)	(23, 45.6568)	(24, 45.7157)	(25, 45.3403)	(26, 45.522)	(27, 46.2272)	(28, 45.8546)	(29, 46.1347)	(30, 46.0203)	(31, 45.6716)	(32, 45.8399)	(33, 45.9726)	(34, 46.0317)	(35, 46.0601)	(36, 45.9397)	(37, 45.9465)	(38, 46.3289)	(39, 46.1673)	(40, 45.9208)	(41, 46.3586)	(42, 46.2941)	(43, 45.9741)	(44, 46.306799999999996)	(45, 46.571400000000004)	(46, 46.175)	(47, 46.1881)	(48, 46.4026)	(49, 46.157199999999996)	(50, 46.2143)	(51, 46.2962)	(52, 46.1662)	(53, 46.264)	(54, 46.2856)	(55, 46.2305)	(56, 46.2235)	(57, 46.5036)	(58, 46.3273)	(59, 46.3436)	(60, 46.5775)	(61, 46.2911)	(62, 46.497)	(63, 46.431)	(64, 46.3447)	(65, 46.3164)	(66, 46.4758)	(67, 46.394999999999996)	(68, 46.718199999999996)	(69, 46.565400000000004)	(70, 46.3552)	(71, 46.5159)	(72, 46.5343)	(73, 46.440599999999996)	(74, 23.2396)	(75, 46.5319)	(76, 46.1815)	(77, 46.5482)	(78, 46.577200000000005)	(79, 46.4428)	(80, 46.5483)	(81, 46.514)	(82, 46.2327)	(83, 46.300999999999995)	(84, 46.2784)	(85, 46.4725)	(86, 46.3923)	(87, 46.422999999999995)	(88, 46.483200000000004)	(89, 46.4181)	(90, 46.7549)	(91, 46.3244)	(92, 46.5118)	(93, 46.3589)	(94, 46.1009)	(95, 46.4457)	(96, 46.3893)	(97, 46.1606)	(98, 46.2628)	(99, 46.3973)	(100, 46.2197)	(101, 46.2462)	(102, 46.4575)	(103, 46.1978)	(104, 46.3597)	(105, 46.2485)	(106, 46.2764)	(107, 46.399)	(108, 46.531800000000004)	(109, 46.2474)	(110, 46.5193)	(111, 46.564)	(112, 46.4136)	(113, 46.361999999999995)	(114, 46.3902)	(115, 46.3504)	(116, 46.1914)	(117, 46.4289)	(118, 46.2894)	(119, 46.4921)	(120, 46.6092)	(121, 46.4231)	(122, 46.6079)	(123, 46.5534)	(124, 46.3042)	(125, 46.2823)
HI_6hpi_1	(1, 61.1686)	(2, 34.3658)	(3, 47.0799)	(4, 49.7408)	(5, 45.6815)	(6, 42.0299)	(7, 41.8351)	(8, 55.2484)	(9, 50.1345)	(10, 39.8372)	(11, 54.8653)	(12, 46.9165)	(13, 40.6391)	(14, 45.0042)	(15, 46.7036)	(16, 46.5798)	(17, 46.504400000000004)	(18, 46.2704)	(19, 46.205200000000005)	(20, 46.26)	(21, 46.056200000000004)	(22, 45.8339)	(23, 45.5784)	(24, 45.6139)	(25, 45.621)	(26, 45.4791)	(27, 45.8264)	(28, 45.9082)	(29, 46.1034)	(30, 46.0141)	(31, 45.5646)	(32, 45.8401)	(33, 45.9773)	(34, 46.084199999999996)	(35, 46.0022)	(36, 45.8804)	(37, 45.951)	(38, 46.4088)	(39, 46.089400000000005)	(40, 46.0461)	(41, 46.3647)	(42, 46.178999999999995)	(43, 46.2847)	(44, 46.2036)	(45, 46.333600000000004)	(46, 46.340900000000005)	(47, 46.2437)	(48, 46.3947)	(49, 46.3559)	(50, 46.2474)	(51, 46.3486)	(52, 46.4978)	(53, 46.488099999999996)	(54, 46.4266)	(55, 46.3819)	(56, 46.421800000000005)	(57, 46.3355)	(58, 46.3907)	(59, 46.3808)	(60, 46.3968)	(61, 46.5934)	(62, 46.664699999999996)	(63, 46.4386)	(64, 46.6456)	(65, 46.346199999999996)	(66, 46.6053)	(67, 46.537)	(68, 46.6819)	(69, 46.3307)	(70, 46.446)	(71, 46.5602)	(72, 46.2312)	(73, 46.643299999999996)	(74, 46.543800000000005)	(75, 46.4721)	(76, 46.2198)	(77, 46.5216)	(78, 46.467000000000006)	(79, 46.415099999999995)	(80, 46.575100000000006)	(81, 46.3856)	(82, 46.5559)	(83, 46.448499999999996)	(84, 46.287099999999995)	(85, 46.6155)	(86, 46.482600000000005)	(87, 46.4508)	(88, 46.5114)	(89, 46.376)	(90, 46.539199999999994)	(91, 46.7711)	(92, 46.3753)	(93, 46.3288)	(94, 46.3719)	(95, 46.8047)	(96, 46.6607)	(97, 46.4201)	(98, 46.6172)	(99, 46.583400000000005)	(100, 46.5401)	(101, 46.3753)	(102, 46.6135)	(103, 46.4453)	(104, 46.709)	(105, 46.4974)	(106, 46.6429)	(107, 46.5546)	(108, 46.5339)	(109, 46.5295)	(110, 46.4997)	(111, 46.5212)	(112, 46.7622)	(113, 46.503299999999996)	(114, 46.395599999999995)	(115, 46.5105)	(116, 46.4801)	(117, 46.661500000000004)	(118, 46.6502)	(119, 46.535)	(120, 46.6089)	(121, 46.6578)	(122, 46.640100000000004)	(123, 46.527499999999996)	(124, 46.6323)	(125, 46.5615)
HI_6hpi_2	(1, 61.17359999999999)	(2, 32.9252)	(3, 46.326499999999996)	(4, 49.260999999999996)	(5, 45.2177)	(6, 41.4308)	(7, 41.2384)	(8, 54.717099999999995)	(9, 49.7164)	(10, 39.4723)	(11, 54.492)	(12, 46.4263)	(13, 40.193200000000004)	(14, 44.6208)	(15, 46.320899999999995)	(16, 46.2079)	(17, 46.095000000000006)	(18, 45.8903)	(19, 45.8358)	(20, 45.8391)	(21, 45.670300000000005)	(22, 45.4501)	(23, 45.1599)	(24, 45.2398)	(25, 45.1809)	(26, 45.110099999999996)	(27, 45.4303)	(28, 45.4803)	(29, 45.6484)	(30, 45.5604)	(31, 45.1535)	(32, 45.3558)	(33, 45.5574)	(34, 45.659499999999994)	(35, 45.6165)	(36, 45.4951)	(37, 45.4898)	(38, 45.969500000000004)	(39, 45.6402)	(40, 45.6361)	(41, 45.8715)	(42, 45.745200000000004)	(43, 45.864)	(44, 45.747)	(45, 45.9054)	(46, 45.8366)	(47, 45.7723)	(48, 45.9349)	(49, 45.921800000000005)	(50, 45.7802)	(51, 45.8614)	(52, 46.017599999999995)	(53, 45.9669)	(54, 45.9058)	(55, 45.933800000000005)	(56, 45.8837)	(57, 45.886300000000006)	(58, 45.9277)	(59, 45.874900000000004)	(60, 45.957300000000004)	(61, 46.0804)	(62, 46.1291)	(63, 46.0198)	(64, 46.0696)	(65, 45.8628)	(66, 46.0613)	(67, 46.0204)	(68, 46.130700000000004)	(69, 45.8772)	(70, 45.9929)	(71, 46.0278)	(72, 45.7898)	(73, 46.139799999999994)	(74, 45.9797)	(75, 46.0505)	(76, 45.81)	(77, 46.0536)	(78, 45.9889)	(79, 45.9478)	(80, 46.0833)	(81, 45.9581)	(82, 46.0344)	(83, 45.8953)	(84, 45.847100000000005)	(85, 46.0379)	(86, 45.9423)	(87, 45.959)	(88, 46.050200000000004)	(89, 45.8903)	(90, 46.0355)	(91, 46.2141)	(92, 45.9131)	(93, 45.8114)	(94, 45.852900000000005)	(95, 46.2053)	(96, 46.1083)	(97, 45.9087)	(98, 46.0704)	(99, 46.0514)	(100, 45.9893)	(101, 45.8765)	(102, 46.062799999999996)	(103, 46.009299999999996)	(104, 46.1242)	(105, 45.9698)	(106, 46.102900000000005)	(107, 46.0394)	(108, 46.0669)	(109, 46.0316)	(110, 46.0139)	(111, 46.0398)	(112, 46.2085)	(113, 45.9678)	(114, 45.921299999999995)	(115, 46.0666)	(116, 45.8986)	(117, 46.1417)	(118, 46.0982)	(119, 46.0086)	(120, 46.1415)	(121, 46.0696)	(122, 46.1137)	(123, 46.013)	(124, 46.106)	(125, 45.9702)
HI_6hpi_3	(1, 58.04319999999999)	(2, 30.3012)	(3, 45.649499999999996)	(4, 44.4754)	(5, 42.0214)	(6, 41.6705)	(7, 41.9664)	(8, 51.3151)	(9, 49.823299999999996)	(10, 40.604)	(11, 56.4927)	(12, 49.4694)	(13, 42.0726)	(14, 44.6572)	(15, 46.4398)	(16, 46.0456)	(17, 46.022)	(18, 46.3211)	(19, 46.14)	(20, 46.0175)	(21, 46.2823)	(22, 45.8082)	(23, 45.4063)	(24, 45.4135)	(25, 44.847300000000004)	(26, 44.821)	(27, 45.705400000000004)	(28, 45.4777)	(29, 45.6443)	(30, 45.824)	(31, 45.163599999999995)	(32, 45.237100000000005)	(33, 45.7624)	(34, 45.5891)	(35, 45.4237)	(36, 45.6487)	(37, 45.372099999999996)	(38, 45.7264)	(39, 45.8328)	(40, 45.690599999999996)	(41, 45.702)	(42, 45.9518)	(43, 45.562799999999996)	(44, 45.702999999999996)	(45, 46.1119)	(46, 45.6453)	(47, 45.5187)	(48, 46.0105)	(49, 45.709300000000006)	(50, 45.617200000000004)	(51, 46.0681)	(52, 45.697700000000005)	(53, 45.719500000000004)	(54, 46.0519)	(55, 45.7961)	(56, 45.5339)	(57, 45.994099999999996)	(58, 45.7078)	(59, 45.651599999999995)	(60, 46.043800000000005)	(61, 45.8712)	(62, 45.762)	(63, 46.0286)	(64, 45.8235)	(65, 45.7132)	(66, 45.9944)	(67, 45.8083)	(68, 45.9147)	(69, 46.1277)	(70, 45.757799999999996)	(71, 45.8088)	(72, 46.1484)	(73, 46.009100000000004)	(74, 22.9153)	(75, 46.2001)	(76, 45.7983)	(77, 45.8655)	(78, 46.1248)	(79, 45.9107)	(80, 45.946799999999996)	(81, 46.2389)	(82, 45.7983)	(83, 45.7851)	(84, 45.9599)	(85, 45.9356)	(86, 45.737)	(87, 46.1524)	(88, 46.0641)	(89, 45.630900000000004)	(90, 46.2163)	(91, 45.9274)	(92, 45.8523)	(93, 46.0617)	(94, 45.7055)	(95, 45.9251)	(96, 46.0638)	(97, 45.740700000000004)	(98, 45.8506)	(99, 46.104800000000004)	(100, 45.8009)	(101, 45.750299999999996)	(102, 46.129799999999996)	(103, 45.8386)	(104, 45.823)	(105, 45.9645)	(106, 45.8905)	(107, 45.7621)	(108, 46.0938)	(109, 45.8182)	(110, 45.8792)	(111, 46.1188)	(112, 45.8988)	(113, 45.7614)	(114, 46.0279)	(115, 45.9236)	(116, 45.6489)	(117, 46.136300000000006)	(118, 45.7953)	(119, 45.8182)	(120, 46.2384)	(121, 45.954499999999996)	(122, 45.8743)	(123, 46.1306)	(124, 45.963)	(125, 45.734)
