Sample	0	1	2	3	4	5	6	7	8	9	10	11	12	13	14	15	16	17	18	19	20	21	22	23	24	25	26	27	28	29	30	31	32	33	34	35	36	37	38	39	40	41	42	43	44	45	46	47	48	49	50	51	52	53	54	55	56	57	58	59	60	61	62	63	64	65	66	67	68	69	70	71	72	73	74	75	76	77	78	79	80	81	82	83	84	85	86	87	88	89	90	91	92	93	94	95	96	97	98	99	100	101	102	103	104	105	106	107	108	109	110	111	112	113	114	115	116	117	118	119	120	121	122	123	124	125	126	127	128	129	130	131	132	133	134	135	136	137	138	139	140	141	142	143	144	145	146	147	148	149
SRR18856598	(1, 36.5369)	(2, 36.5023)	(3, 36.5913)	(4, 36.6257)	(5, 36.6183)	(6, 36.5891)	(7, 36.5592)	(8, 36.5948)	(9, 36.5974)	(10, 36.6255)	(11, 36.6237)	(12, 36.5914)	(13, 36.5775)	(14, 36.5814)	(15, 36.5753)	(16, 36.5818)	(17, 36.5704)	(18, 36.5688)	(19, 36.5654)	(20, 36.5674)	(21, 36.5639)	(22, 36.5572)	(23, 36.5552)	(24, 36.5491)	(25, 36.5397)	(26, 36.5197)	(27, 36.5063)	(28, 36.4994)	(29, 36.4677)	(30, 36.4634)	(31, 36.4519)	(32, 36.4553)	(33, 36.4439)	(34, 36.442)	(35, 36.4352)	(36, 36.436)	(37, 36.4234)	(38, 36.3663)	(39, 36.3997)	(40, 36.3973)	(41, 36.3955)	(42, 36.3847)	(43, 36.3739)	(44, 36.3674)	(45, 36.3504)	(46, 36.3481)	(47, 36.3457)	(48, 36.3377)	(49, 36.3423)	(50, 36.3311)	(51, 36.3064)	(52, 36.3072)	(53, 36.2969)	(54, 36.319)	(55, 36.3244)	(56, 36.3387)	(57, 36.2213)	(58, 36.323)	(59, 36.3107)	(60, 36.2996)	(61, 36.2916)	(62, 36.2786)	(63, 36.2758)	(64, 36.2814)	(65, 36.2941)	(66, 36.2756)	(67, 36.2663)	(68, 36.2746)	(69, 36.2695)	(70, 36.2476)	(71, 36.262)	(72, 36.2644)	(73, 36.2558)	(74, 36.248)	(75, 36.2583)	(76, 36.1965)	(77, 36.1633)	(78, 36.1745)	(79, 36.1454)	(80, 36.1637)	(81, 36.158)	(82, 36.1346)	(83, 36.1344)	(84, 36.1165)	(85, 36.1009)	(86, 36.1229)	(87, 36.0911)	(88, 36.0511)	(89, 36.0142)	(90, 36.0832)	(91, 36.0945)	(92, 36.0922)	(93, 36.0934)	(94, 36.1008)	(95, 36.0951)	(96, 36.0976)	(97, 36.0856)	(98, 36.0945)	(99, 36.1202)	(100, 36.1247)	(101, 36.0611)	(102, 36.0508)	(103, 36.0379)	(104, 36.0501)	(105, 36.0208)	(106, 36.0251)	(107, 35.9921)	(108, 35.9695)	(109, 35.9449)	(110, 35.9498)	(111, 35.9726)	(112, 35.9343)	(113, 35.9289)	(114, 35.9387)	(115, 35.9201)	(116, 35.9059)	(117, 35.8985)	(118, 35.9432)	(119, 35.9002)	(120, 35.8653)	(121, 35.8851)	(122, 35.8661)	(123, 35.8346)	(124, 35.8275)	(125, 35.8088)	(126, 35.804)	(127, 35.8038)	(128, 35.8211)	(129, 35.8186)	(130, 35.8386)	(131, 35.8206)	(132, 35.8258)	(133, 35.7992)	(134, 35.7606)	(135, 35.6961)	(136, 35.6632)	(137, 35.6875)	(138, 35.7068)	(139, 35.6662)	(140, 35.6244)	(141, 35.6007)	(142, 35.6042)	(143, 35.6194)	(144, 35.7006)	(145, 35.6353)	(146, 35.5157)	(147, 35.5317)	(148, 35.539)	(149, 35.5147)	(150, 35.5119)
SRR18856599	(1, 36.5316)	(2, 36.5032)	(3, 36.589)	(4, 36.621)	(5, 36.6131)	(6, 36.5861)	(7, 36.5563)	(8, 36.587)	(9, 36.5917)	(10, 36.6204)	(11, 36.6191)	(12, 36.5848)	(13, 36.5698)	(14, 36.5745)	(15, 36.5666)	(16, 36.5737)	(17, 36.5588)	(18, 36.5606)	(19, 36.5574)	(20, 36.5585)	(21, 36.5549)	(22, 36.5462)	(23, 36.5447)	(24, 36.5393)	(25, 36.5286)	(26, 36.5084)	(27, 36.4901)	(28, 36.4862)	(29, 36.4555)	(30, 36.4473)	(31, 36.4377)	(32, 36.4385)	(33, 36.4261)	(34, 36.4252)	(35, 36.4178)	(36, 36.4193)	(37, 36.4078)	(38, 36.3524)	(39, 36.3855)	(40, 36.3831)	(41, 36.3828)	(42, 36.3712)	(43, 36.3601)	(44, 36.3524)	(45, 36.335)	(46, 36.3328)	(47, 36.3298)	(48, 36.3201)	(49, 36.3265)	(50, 36.3155)	(51, 36.2898)	(52, 36.2896)	(53, 36.28)	(54, 36.3019)	(55, 36.3106)	(56, 36.3281)	(57, 36.2066)	(58, 36.3101)	(59, 36.2968)	(60, 36.2877)	(61, 36.2774)	(62, 36.2658)	(63, 36.2603)	(64, 36.2694)	(65, 36.2817)	(66, 36.2625)	(67, 36.2543)	(68, 36.263)	(69, 36.256)	(70, 36.2368)	(71, 36.2483)	(72, 36.2568)	(73, 36.2428)	(74, 36.2406)	(75, 36.2488)	(76, 36.1837)	(77, 36.1551)	(78, 36.1634)	(79, 36.138)	(80, 36.1554)	(81, 36.147)	(82, 36.1233)	(83, 36.1227)	(84, 36.1075)	(85, 36.0915)	(86, 36.1147)	(87, 36.081)	(88, 36.0442)	(89, 36.0064)	(90, 36.0767)	(91, 36.0871)	(92, 36.0844)	(93, 36.0891)	(94, 36.0965)	(95, 36.0854)	(96, 36.0891)	(97, 36.0736)	(98, 36.0841)	(99, 36.1102)	(100, 36.1123)	(101, 36.0495)	(102, 36.0392)	(103, 36.0286)	(104, 36.0368)	(105, 36.0103)	(106, 36.0124)	(107, 35.9808)	(108, 35.9589)	(109, 35.9302)	(110, 35.9401)	(111, 35.9591)	(112, 35.9225)	(113, 35.919)	(114, 35.9292)	(115, 35.9106)	(116, 35.8947)	(117, 35.8877)	(118, 35.9313)	(119, 35.8902)	(120, 35.8553)	(121, 35.8748)	(122, 35.857)	(123, 35.8289)	(124, 35.8228)	(125, 35.7988)	(126, 35.7941)	(127, 35.7934)	(128, 35.8114)	(129, 35.8114)	(130, 35.832)	(131, 35.8134)	(132, 35.8146)	(133, 35.7897)	(134, 35.7547)	(135, 35.6895)	(136, 35.6597)	(137, 35.6817)	(138, 35.7024)	(139, 35.6567)	(140, 35.6131)	(141, 35.587)	(142, 35.5964)	(143, 35.61)	(144, 35.6861)	(145, 35.6308)	(146, 35.5074)	(147, 35.5204)	(148, 35.5312)	(149, 35.5027)	(150, 35.4995)
SRR18856600	(1, 36.4928)	(2, 36.4564)	(3, 36.5644)	(4, 36.6025)	(5, 36.5946)	(6, 36.5652)	(7, 36.5388)	(8, 36.5767)	(9, 36.5814)	(10, 36.6098)	(11, 36.6111)	(12, 36.5755)	(13, 36.5621)	(14, 36.5668)	(15, 36.5594)	(16, 36.5676)	(17, 36.556)	(18, 36.5541)	(19, 36.5517)	(20, 36.5544)	(21, 36.5518)	(22, 36.5451)	(23, 36.5449)	(24, 36.5373)	(25, 36.528)	(26, 36.5081)	(27, 36.4947)	(28, 36.4876)	(29, 36.4549)	(30, 36.45)	(31, 36.4384)	(32, 36.4418)	(33, 36.4292)	(34, 36.4264)	(35, 36.4198)	(36, 36.421)	(37, 36.4096)	(38, 36.352)	(39, 36.3852)	(40, 36.383)	(41, 36.3824)	(42, 36.3684)	(43, 36.3586)	(44, 36.3503)	(45, 36.335)	(46, 36.3301)	(47, 36.3303)	(48, 36.3202)	(49, 36.327)	(50, 36.3162)	(51, 36.288)	(52, 36.2901)	(53, 36.2801)	(54, 36.3041)	(55, 36.3106)	(56, 36.3254)	(57, 36.2061)	(58, 36.3097)	(59, 36.2983)	(60, 36.2897)	(61, 36.2772)	(62, 36.2669)	(63, 36.2619)	(64, 36.269)	(65, 36.2821)	(66, 36.2639)	(67, 36.2536)	(68, 36.2613)	(69, 36.2562)	(70, 36.235)	(71, 36.2489)	(72, 36.2507)	(73, 36.2412)	(74, 36.2381)	(75, 36.2452)	(76, 36.1813)	(77, 36.1497)	(78, 36.1601)	(79, 36.131)	(80, 36.1493)	(81, 36.1434)	(82, 36.1188)	(83, 36.1198)	(84, 36.1016)	(85, 36.0862)	(86, 36.1095)	(87, 36.0746)	(88, 36.0365)	(89, 35.9989)	(90, 36.0698)	(91, 36.0803)	(92, 36.0786)	(93, 36.0808)	(94, 36.086)	(95, 36.079)	(96, 36.082)	(97, 36.0688)	(98, 36.0805)	(99, 36.1062)	(100, 36.1094)	(101, 36.0462)	(102, 36.0377)	(103, 36.0209)	(104, 36.0335)	(105, 36.0045)	(106, 36.0088)	(107, 35.9768)	(108, 35.9553)	(109, 35.9256)	(110, 35.9335)	(111, 35.957)	(112, 35.9178)	(113, 35.9126)	(114, 35.9241)	(115, 35.9035)	(116, 35.8884)	(117, 35.8823)	(118, 35.9262)	(119, 35.8865)	(120, 35.8514)	(121, 35.8682)	(122, 35.8518)	(123, 35.8193)	(124, 35.8145)	(125, 35.7945)	(126, 35.7881)	(127, 35.7884)	(128, 35.8071)	(129, 35.8067)	(130, 35.8248)	(131, 35.807)	(132, 35.8112)	(133, 35.7828)	(134, 35.7488)	(135, 35.6835)	(136, 35.6504)	(137, 35.6735)	(138, 35.6924)	(139, 35.6496)	(140, 35.6067)	(141, 35.5825)	(142, 35.5878)	(143, 35.602)	(144, 35.681)	(145, 35.6187)	(146, 35.5)	(147, 35.5109)	(148, 35.5212)	(149, 35.4967)	(150, 35.4951)
SRR18856601	(1, 36.5238)	(2, 36.4973)	(3, 36.5935)	(4, 36.6256)	(5, 36.617)	(6, 36.5871)	(7, 36.5609)	(8, 36.5965)	(9, 36.6001)	(10, 36.628)	(11, 36.629)	(12, 36.595)	(13, 36.5799)	(14, 36.5859)	(15, 36.578)	(16, 36.5855)	(17, 36.5727)	(18, 36.5733)	(19, 36.5695)	(20, 36.5716)	(21, 36.5682)	(22, 36.5635)	(23, 36.5593)	(24, 36.5554)	(25, 36.5464)	(26, 36.5261)	(27, 36.5116)	(28, 36.5065)	(29, 36.4754)	(30, 36.4701)	(31, 36.4579)	(32, 36.4612)	(33, 36.4476)	(34, 36.4464)	(35, 36.4404)	(36, 36.4406)	(37, 36.4277)	(38, 36.3693)	(39, 36.4055)	(40, 36.4023)	(41, 36.4022)	(42, 36.3885)	(43, 36.379)	(44, 36.3702)	(45, 36.354)	(46, 36.3536)	(47, 36.3492)	(48, 36.3407)	(49, 36.3478)	(50, 36.3352)	(51, 36.3109)	(52, 36.3103)	(53, 36.3008)	(54, 36.3239)	(55, 36.3294)	(56, 36.3447)	(57, 36.2255)	(58, 36.3283)	(59, 36.3173)	(60, 36.3081)	(61, 36.2958)	(62, 36.2877)	(63, 36.2833)	(64, 36.289)	(65, 36.3012)	(66, 36.2829)	(67, 36.2709)	(68, 36.2784)	(69, 36.2739)	(70, 36.2515)	(71, 36.2648)	(72, 36.2683)	(73, 36.2574)	(74, 36.2554)	(75, 36.2629)	(76, 36.1984)	(77, 36.1687)	(78, 36.1824)	(79, 36.153)	(80, 36.1684)	(81, 36.1641)	(82, 36.1419)	(83, 36.1381)	(84, 36.1221)	(85, 36.107)	(86, 36.1291)	(87, 36.0956)	(88, 36.0579)	(89, 36.0184)	(90, 36.0888)	(91, 36.0981)	(92, 36.0993)	(93, 36.0994)	(94, 36.1063)	(95, 36.0987)	(96, 36.1011)	(97, 36.0901)	(98, 36.0969)	(99, 36.1278)	(100, 36.1301)	(101, 36.0639)	(102, 36.055)	(103, 36.0396)	(104, 36.0504)	(105, 36.0242)	(106, 36.0244)	(107, 35.9937)	(108, 35.9725)	(109, 35.9485)	(110, 35.9519)	(111, 35.9757)	(112, 35.9374)	(113, 35.9312)	(114, 35.9435)	(115, 35.9247)	(116, 35.9059)	(117, 35.9012)	(118, 35.944)	(119, 35.9055)	(120, 35.866)	(121, 35.8872)	(122, 35.8702)	(123, 35.837)	(124, 35.8306)	(125, 35.8108)	(126, 35.8075)	(127, 35.8099)	(128, 35.8246)	(129, 35.8242)	(130, 35.8471)	(131, 35.8251)	(132, 35.8265)	(133, 35.7999)	(134, 35.7641)	(135, 35.702)	(136, 35.6657)	(137, 35.6896)	(138, 35.7124)	(139, 35.6664)	(140, 35.626)	(141, 35.6016)	(142, 35.606)	(143, 35.6209)	(144, 35.7001)	(145, 35.6385)	(146, 35.5183)	(147, 35.5372)	(148, 35.544)	(149, 35.515)	(150, 35.5123)
SRR18856602	(1, 36.5345)	(2, 36.5058)	(3, 36.5965)	(4, 36.6285)	(5, 36.6189)	(6, 36.5903)	(7, 36.562)	(8, 36.5955)	(9, 36.5994)	(10, 36.6284)	(11, 36.6264)	(12, 36.5941)	(13, 36.5797)	(14, 36.5859)	(15, 36.5771)	(16, 36.5845)	(17, 36.5716)	(18, 36.5724)	(19, 36.5686)	(20, 36.5707)	(21, 36.5677)	(22, 36.5613)	(23, 36.5583)	(24, 36.5537)	(25, 36.544)	(26, 36.5241)	(27, 36.5107)	(28, 36.5053)	(29, 36.4728)	(30, 36.4674)	(31, 36.4557)	(32, 36.4573)	(33, 36.4476)	(34, 36.4437)	(35, 36.4363)	(36, 36.4381)	(37, 36.4257)	(38, 36.3675)	(39, 36.4037)	(40, 36.3993)	(41, 36.3996)	(42, 36.3846)	(43, 36.3772)	(44, 36.3692)	(45, 36.3523)	(46, 36.3504)	(47, 36.3469)	(48, 36.3371)	(49, 36.3443)	(50, 36.3335)	(51, 36.3079)	(52, 36.3074)	(53, 36.2984)	(54, 36.3209)	(55, 36.3264)	(56, 36.3428)	(57, 36.2211)	(58, 36.3236)	(59, 36.3123)	(60, 36.3033)	(61, 36.2931)	(62, 36.2826)	(63, 36.2797)	(64, 36.2852)	(65, 36.295)	(66, 36.2779)	(67, 36.2682)	(68, 36.2746)	(69, 36.2729)	(70, 36.2488)	(71, 36.2603)	(72, 36.2657)	(73, 36.2531)	(74, 36.2513)	(75, 36.258)	(76, 36.1959)	(77, 36.166)	(78, 36.1786)	(79, 36.147)	(80, 36.1674)	(81, 36.1604)	(82, 36.1375)	(83, 36.1352)	(84, 36.1196)	(85, 36.1033)	(86, 36.1254)	(87, 36.093)	(88, 36.053)	(89, 36.0153)	(90, 36.0876)	(91, 36.095)	(92, 36.0964)	(93, 36.0965)	(94, 36.1038)	(95, 36.0952)	(96, 36.1)	(97, 36.0872)	(98, 36.0933)	(99, 36.1237)	(100, 36.1255)	(101, 36.0615)	(102, 36.0543)	(103, 36.0381)	(104, 36.0486)	(105, 36.0209)	(106, 36.021)	(107, 35.9931)	(108, 35.9714)	(109, 35.9446)	(110, 35.9481)	(111, 35.9705)	(112, 35.9331)	(113, 35.929)	(114, 35.9387)	(115, 35.9189)	(116, 35.9008)	(117, 35.8969)	(118, 35.9399)	(119, 35.9017)	(120, 35.8649)	(121, 35.8838)	(122, 35.863)	(123, 35.8367)	(124, 35.8281)	(125, 35.8071)	(126, 35.8041)	(127, 35.8057)	(128, 35.8182)	(129, 35.8179)	(130, 35.8398)	(131, 35.8188)	(132, 35.8206)	(133, 35.7944)	(134, 35.7603)	(135, 35.6953)	(136, 35.6615)	(137, 35.6848)	(138, 35.7036)	(139, 35.6591)	(140, 35.6185)	(141, 35.5964)	(142, 35.5999)	(143, 35.6166)	(144, 35.695)	(145, 35.6341)	(146, 35.5131)	(147, 35.53)	(148, 35.5376)	(149, 35.5078)	(150, 35.5102)
SRR18856603	(1, 36.5397)	(2, 36.5115)	(3, 36.6)	(4, 36.632)	(5, 36.6244)	(6, 36.5966)	(7, 36.5681)	(8, 36.6009)	(9, 36.6048)	(10, 36.6335)	(11, 36.6323)	(12, 36.598)	(13, 36.5846)	(14, 36.5899)	(15, 36.5819)	(16, 36.5881)	(17, 36.5772)	(18, 36.5771)	(19, 36.5717)	(20, 36.5752)	(21, 36.5728)	(22, 36.567)	(23, 36.5636)	(24, 36.5584)	(25, 36.5495)	(26, 36.5309)	(27, 36.5167)	(28, 36.5126)	(29, 36.4814)	(30, 36.4764)	(31, 36.4642)	(32, 36.468)	(33, 36.4564)	(34, 36.4539)	(35, 36.4467)	(36, 36.4476)	(37, 36.4371)	(38, 36.3771)	(39, 36.4128)	(40, 36.4111)	(41, 36.4089)	(42, 36.3975)	(43, 36.3882)	(44, 36.3813)	(45, 36.3623)	(46, 36.3632)	(47, 36.3581)	(48, 36.3507)	(49, 36.3558)	(50, 36.3454)	(51, 36.3195)	(52, 36.3204)	(53, 36.3107)	(54, 36.3343)	(55, 36.3391)	(56, 36.3533)	(57, 36.2344)	(58, 36.3382)	(59, 36.3258)	(60, 36.316)	(61, 36.306)	(62, 36.2961)	(63, 36.2917)	(64, 36.298)	(65, 36.3062)	(66, 36.2919)	(67, 36.2803)	(68, 36.2876)	(69, 36.281)	(70, 36.2611)	(71, 36.2727)	(72, 36.2772)	(73, 36.2666)	(74, 36.2629)	(75, 36.269)	(76, 36.207)	(77, 36.1785)	(78, 36.1879)	(79, 36.1608)	(80, 36.1773)	(81, 36.1724)	(82, 36.1493)	(83, 36.1462)	(84, 36.1309)	(85, 36.1153)	(86, 36.1354)	(87, 36.1029)	(88, 36.0654)	(89, 36.0278)	(90, 36.0984)	(91, 36.1069)	(92, 36.1066)	(93, 36.1057)	(94, 36.1156)	(95, 36.1047)	(96, 36.1097)	(97, 36.0963)	(98, 36.1036)	(99, 36.1319)	(100, 36.1319)	(101, 36.0713)	(102, 36.063)	(103, 36.0485)	(104, 36.0557)	(105, 36.0292)	(106, 36.0313)	(107, 36.0006)	(108, 35.9793)	(109, 35.9516)	(110, 35.9569)	(111, 35.9806)	(112, 35.9422)	(113, 35.9372)	(114, 35.9468)	(115, 35.9262)	(116, 35.908)	(117, 35.9039)	(118, 35.9475)	(119, 35.9065)	(120, 35.8732)	(121, 35.8912)	(122, 35.8752)	(123, 35.8415)	(124, 35.8329)	(125, 35.8144)	(126, 35.8119)	(127, 35.8119)	(128, 35.826)	(129, 35.825)	(130, 35.8476)	(131, 35.8245)	(132, 35.8279)	(133, 35.8025)	(134, 35.7649)	(135, 35.7031)	(136, 35.6666)	(137, 35.689)	(138, 35.7106)	(139, 35.6666)	(140, 35.6228)	(141, 35.602)	(142, 35.6047)	(143, 35.6215)	(144, 35.7001)	(145, 35.638)	(146, 35.5173)	(147, 35.5341)	(148, 35.5422)	(149, 35.5132)	(150, 35.5135)
SRR18856604	(1, 36.5214)	(2, 36.4847)	(3, 36.5806)	(4, 36.6135)	(5, 36.6058)	(6, 36.5743)	(7, 36.5459)	(8, 36.5823)	(9, 36.5871)	(10, 36.6149)	(11, 36.6138)	(12, 36.581)	(13, 36.5667)	(14, 36.5708)	(15, 36.5638)	(16, 36.5709)	(17, 36.5586)	(18, 36.5579)	(19, 36.5545)	(20, 36.5566)	(21, 36.5536)	(22, 36.5469)	(23, 36.5436)	(24, 36.5394)	(25, 36.53)	(26, 36.5088)	(27, 36.4943)	(28, 36.4898)	(29, 36.4586)	(30, 36.4524)	(31, 36.4399)	(32, 36.4442)	(33, 36.4329)	(34, 36.4288)	(35, 36.4236)	(36, 36.4226)	(37, 36.4115)	(38, 36.3519)	(39, 36.3865)	(40, 36.3845)	(41, 36.3831)	(42, 36.3696)	(43, 36.3609)	(44, 36.353)	(45, 36.336)	(46, 36.3352)	(47, 36.3314)	(48, 36.3234)	(49, 36.3276)	(50, 36.3177)	(51, 36.2913)	(52, 36.2926)	(53, 36.2823)	(54, 36.305)	(55, 36.3106)	(56, 36.3246)	(57, 36.206)	(58, 36.3088)	(59, 36.2962)	(60, 36.2879)	(61, 36.2781)	(62, 36.2666)	(63, 36.2618)	(64, 36.2682)	(65, 36.2797)	(66, 36.261)	(67, 36.2505)	(68, 36.2592)	(69, 36.2553)	(70, 36.2326)	(71, 36.2448)	(72, 36.2492)	(73, 36.2367)	(74, 36.236)	(75, 36.2424)	(76, 36.1789)	(77, 36.1522)	(78, 36.1642)	(79, 36.1341)	(80, 36.1524)	(81, 36.1466)	(82, 36.1207)	(83, 36.1215)	(84, 36.105)	(85, 36.0844)	(86, 36.11)	(87, 36.0754)	(88, 36.037)	(89, 36.0005)	(90, 36.0727)	(91, 36.0781)	(92, 36.0809)	(93, 36.0807)	(94, 36.0881)	(95, 36.0794)	(96, 36.0838)	(97, 36.0702)	(98, 36.0794)	(99, 36.1067)	(100, 36.1088)	(101, 36.0483)	(102, 36.0385)	(103, 36.0232)	(104, 36.0337)	(105, 36.0072)	(106, 36.0086)	(107, 35.9777)	(108, 35.9542)	(109, 35.9318)	(110, 35.9356)	(111, 35.9571)	(112, 35.9213)	(113, 35.9149)	(114, 35.9258)	(115, 35.9075)	(116, 35.8907)	(117, 35.8827)	(118, 35.9249)	(119, 35.8878)	(120, 35.8474)	(121, 35.8696)	(122, 35.8544)	(123, 35.8215)	(124, 35.8116)	(125, 35.7936)	(126, 35.7904)	(127, 35.7915)	(128, 35.8062)	(129, 35.8046)	(130, 35.8274)	(131, 35.8098)	(132, 35.8118)	(133, 35.7874)	(134, 35.7497)	(135, 35.6877)	(136, 35.6484)	(137, 35.6747)	(138, 35.6937)	(139, 35.6493)	(140, 35.608)	(141, 35.5864)	(142, 35.5913)	(143, 35.607)	(144, 35.6831)	(145, 35.6226)	(146, 35.5047)	(147, 35.5197)	(148, 35.5285)	(149, 35.4996)	(150, 35.4962)
SRR18856605	(1, 36.5445)	(2, 36.5119)	(3, 36.6017)	(4, 36.6325)	(5, 36.6253)	(6, 36.5959)	(7, 36.5678)	(8, 36.6012)	(9, 36.6049)	(10, 36.6338)	(11, 36.6318)	(12, 36.5988)	(13, 36.5831)	(14, 36.5879)	(15, 36.5809)	(16, 36.5874)	(17, 36.5757)	(18, 36.5756)	(19, 36.5723)	(20, 36.5735)	(21, 36.5704)	(22, 36.5643)	(23, 36.562)	(24, 36.5569)	(25, 36.5463)	(26, 36.5284)	(27, 36.5127)	(28, 36.5083)	(29, 36.4768)	(30, 36.4707)	(31, 36.46)	(32, 36.4629)	(33, 36.4514)	(34, 36.4487)	(35, 36.4411)	(36, 36.4423)	(37, 36.4298)	(38, 36.3716)	(39, 36.4059)	(40, 36.4025)	(41, 36.4026)	(42, 36.3896)	(43, 36.3819)	(44, 36.3722)	(45, 36.3551)	(46, 36.3538)	(47, 36.3505)	(48, 36.3429)	(49, 36.3464)	(50, 36.3346)	(51, 36.3086)	(52, 36.3105)	(53, 36.3005)	(54, 36.3232)	(55, 36.3288)	(56, 36.3416)	(57, 36.2247)	(58, 36.3257)	(59, 36.3137)	(60, 36.3038)	(61, 36.295)	(62, 36.2837)	(63, 36.2808)	(64, 36.2856)	(65, 36.2975)	(66, 36.281)	(67, 36.2685)	(68, 36.2787)	(69, 36.272)	(70, 36.2505)	(71, 36.263)	(72, 36.2668)	(73, 36.2557)	(74, 36.2535)	(75, 36.2597)	(76, 36.1975)	(77, 36.1668)	(78, 36.1801)	(79, 36.1483)	(80, 36.1667)	(81, 36.1606)	(82, 36.1372)	(83, 36.1371)	(84, 36.1208)	(85, 36.1037)	(86, 36.1286)	(87, 36.0936)	(88, 36.0553)	(89, 36.0181)	(90, 36.087)	(91, 36.0987)	(92, 36.097)	(93, 36.0973)	(94, 36.1058)	(95, 36.0975)	(96, 36.1011)	(97, 36.0881)	(98, 36.0962)	(99, 36.1256)	(100, 36.1265)	(101, 36.0662)	(102, 36.0547)	(103, 36.0399)	(104, 36.051)	(105, 36.0247)	(106, 36.0254)	(107, 35.9944)	(108, 35.9727)	(109, 35.9471)	(110, 35.9528)	(111, 35.975)	(112, 35.9374)	(113, 35.9302)	(114, 35.9414)	(115, 35.9217)	(116, 35.9045)	(117, 35.9013)	(118, 35.943)	(119, 35.9037)	(120, 35.8641)	(121, 35.8849)	(122, 35.8671)	(123, 35.8373)	(124, 35.8268)	(125, 35.8098)	(126, 35.805)	(127, 35.8047)	(128, 35.8207)	(129, 35.82)	(130, 35.8389)	(131, 35.8212)	(132, 35.8243)	(133, 35.7988)	(134, 35.7627)	(135, 35.6989)	(136, 35.6648)	(137, 35.6863)	(138, 35.7078)	(139, 35.6645)	(140, 35.6211)	(141, 35.5954)	(142, 35.6029)	(143, 35.62)	(144, 35.6983)	(145, 35.6353)	(146, 35.5204)	(147, 35.5312)	(148, 35.5426)	(149, 35.5133)	(150, 35.5111)
SRR18856606	(1, 36.5366)	(2, 36.5065)	(3, 36.5985)	(4, 36.6336)	(5, 36.6265)	(6, 36.5967)	(7, 36.5696)	(8, 36.6051)	(9, 36.6076)	(10, 36.6358)	(11, 36.6363)	(12, 36.6018)	(13, 36.5876)	(14, 36.5931)	(15, 36.5859)	(16, 36.5925)	(17, 36.5807)	(18, 36.581)	(19, 36.5768)	(20, 36.5777)	(21, 36.5767)	(22, 36.569)	(23, 36.5674)	(24, 36.562)	(25, 36.552)	(26, 36.5332)	(27, 36.5184)	(28, 36.5124)	(29, 36.4821)	(30, 36.4759)	(31, 36.4649)	(32, 36.4675)	(33, 36.4557)	(34, 36.4535)	(35, 36.4473)	(36, 36.4466)	(37, 36.4353)	(38, 36.3745)	(39, 36.4111)	(40, 36.4069)	(41, 36.4061)	(42, 36.3951)	(43, 36.3837)	(44, 36.3754)	(45, 36.3575)	(46, 36.3576)	(47, 36.3532)	(48, 36.3445)	(49, 36.3502)	(50, 36.3392)	(51, 36.314)	(52, 36.3138)	(53, 36.3043)	(54, 36.3283)	(55, 36.332)	(56, 36.3463)	(57, 36.2267)	(58, 36.3298)	(59, 36.3183)	(60, 36.3094)	(61, 36.2988)	(62, 36.288)	(63, 36.2842)	(64, 36.2883)	(65, 36.3008)	(66, 36.2824)	(67, 36.2731)	(68, 36.2803)	(69, 36.2745)	(70, 36.2541)	(71, 36.266)	(72, 36.2678)	(73, 36.2592)	(74, 36.2563)	(75, 36.2624)	(76, 36.1974)	(77, 36.1691)	(78, 36.1807)	(79, 36.1496)	(80, 36.1693)	(81, 36.1643)	(82, 36.1393)	(83, 36.1401)	(84, 36.124)	(85, 36.1057)	(86, 36.1303)	(87, 36.0968)	(88, 36.0597)	(89, 36.018)	(90, 36.0892)	(91, 36.0972)	(92, 36.0975)	(93, 36.0969)	(94, 36.1077)	(95, 36.098)	(96, 36.1015)	(97, 36.088)	(98, 36.0965)	(99, 36.1238)	(100, 36.1263)	(101, 36.065)	(102, 36.0553)	(103, 36.0393)	(104, 36.0511)	(105, 36.0224)	(106, 36.0246)	(107, 35.9923)	(108, 35.9705)	(109, 35.9434)	(110, 35.9507)	(111, 35.9734)	(112, 35.9348)	(113, 35.9285)	(114, 35.9393)	(115, 35.9196)	(116, 35.9018)	(117, 35.8963)	(118, 35.9378)	(119, 35.8986)	(120, 35.8612)	(121, 35.8814)	(122, 35.8617)	(123, 35.831)	(124, 35.8223)	(125, 35.8035)	(126, 35.7989)	(127, 35.8025)	(128, 35.8153)	(129, 35.8162)	(130, 35.8364)	(131, 35.8176)	(132, 35.817)	(133, 35.7943)	(134, 35.7583)	(135, 35.6916)	(136, 35.6582)	(137, 35.6815)	(138, 35.7023)	(139, 35.6555)	(140, 35.6143)	(141, 35.5909)	(142, 35.5983)	(143, 35.6123)	(144, 35.6911)	(145, 35.6289)	(146, 35.5101)	(147, 35.5247)	(148, 35.5348)	(149, 35.5076)	(150, 35.5027)
SRR18856607	(1, 36.5283)	(2, 36.4963)	(3, 36.5907)	(4, 36.6247)	(5, 36.6175)	(6, 36.5869)	(7, 36.5627)	(8, 36.5975)	(9, 36.5993)	(10, 36.6264)	(11, 36.6252)	(12, 36.5932)	(13, 36.5786)	(14, 36.5838)	(15, 36.5754)	(16, 36.5834)	(17, 36.5713)	(18, 36.5706)	(19, 36.5662)	(20, 36.5687)	(21, 36.5667)	(22, 36.5592)	(23, 36.5557)	(24, 36.5512)	(25, 36.5412)	(26, 36.5217)	(27, 36.5062)	(28, 36.5018)	(29, 36.4687)	(30, 36.4654)	(31, 36.4511)	(32, 36.4545)	(33, 36.4429)	(34, 36.4408)	(35, 36.4352)	(36, 36.4336)	(37, 36.4218)	(38, 36.3627)	(39, 36.3979)	(40, 36.3949)	(41, 36.3949)	(42, 36.3826)	(43, 36.3704)	(44, 36.3634)	(45, 36.3464)	(46, 36.3454)	(47, 36.3434)	(48, 36.3334)	(49, 36.338)	(50, 36.3276)	(51, 36.3003)	(52, 36.3028)	(53, 36.2929)	(54, 36.3142)	(55, 36.319)	(56, 36.3349)	(57, 36.2163)	(58, 36.3172)	(59, 36.3078)	(60, 36.2974)	(61, 36.2877)	(62, 36.2753)	(63, 36.2709)	(64, 36.2776)	(65, 36.29)	(66, 36.2719)	(67, 36.2625)	(68, 36.2704)	(69, 36.262)	(70, 36.2414)	(71, 36.257)	(72, 36.2589)	(73, 36.2486)	(74, 36.2449)	(75, 36.2531)	(76, 36.1888)	(77, 36.1586)	(78, 36.169)	(79, 36.1391)	(80, 36.1603)	(81, 36.1519)	(82, 36.1276)	(83, 36.1288)	(84, 36.1085)	(85, 36.0941)	(86, 36.1162)	(87, 36.0817)	(88, 36.0429)	(89, 36.0066)	(90, 36.0771)	(91, 36.0865)	(92, 36.0847)	(93, 36.0876)	(94, 36.0929)	(95, 36.0867)	(96, 36.0887)	(97, 36.0758)	(98, 36.0847)	(99, 36.1118)	(100, 36.1131)	(101, 36.0515)	(102, 36.0435)	(103, 36.0261)	(104, 36.0393)	(105, 36.0112)	(106, 36.0131)	(107, 35.9831)	(108, 35.9584)	(109, 35.9316)	(110, 35.9381)	(111, 35.9612)	(112, 35.9234)	(113, 35.9161)	(114, 35.9275)	(115, 35.9078)	(116, 35.892)	(117, 35.884)	(118, 35.9296)	(119, 35.8887)	(120, 35.854)	(121, 35.8711)	(122, 35.8549)	(123, 35.8248)	(124, 35.8147)	(125, 35.796)	(126, 35.7933)	(127, 35.7925)	(128, 35.8095)	(129, 35.8088)	(130, 35.8273)	(131, 35.8115)	(132, 35.8124)	(133, 35.7855)	(134, 35.7521)	(135, 35.6858)	(136, 35.6516)	(137, 35.6777)	(138, 35.6964)	(139, 35.6545)	(140, 35.6096)	(141, 35.5872)	(142, 35.5903)	(143, 35.6051)	(144, 35.6877)	(145, 35.6193)	(146, 35.5055)	(147, 35.5172)	(148, 35.5263)	(149, 35.4976)	(150, 35.498)
SRR18856608	(1, 36.5279)	(2, 36.4985)	(3, 36.5887)	(4, 36.6214)	(5, 36.6134)	(6, 36.5848)	(7, 36.5564)	(8, 36.5917)	(9, 36.5948)	(10, 36.6239)	(11, 36.6231)	(12, 36.5888)	(13, 36.5746)	(14, 36.58)	(15, 36.573)	(16, 36.5795)	(17, 36.5686)	(18, 36.5681)	(19, 36.5646)	(20, 36.5656)	(21, 36.5629)	(22, 36.5573)	(23, 36.554)	(24, 36.5486)	(25, 36.5399)	(26, 36.5195)	(27, 36.5039)	(28, 36.4985)	(29, 36.4684)	(30, 36.4646)	(31, 36.4513)	(32, 36.4543)	(33, 36.4413)	(34, 36.4396)	(35, 36.4332)	(36, 36.4336)	(37, 36.4208)	(38, 36.3623)	(39, 36.397)	(40, 36.3954)	(41, 36.3923)	(42, 36.3813)	(43, 36.3713)	(44, 36.3632)	(45, 36.3475)	(46, 36.3452)	(47, 36.3421)	(48, 36.333)	(49, 36.3386)	(50, 36.3281)	(51, 36.3019)	(52, 36.3025)	(53, 36.2935)	(54, 36.3162)	(55, 36.3202)	(56, 36.3356)	(57, 36.2162)	(58, 36.3205)	(59, 36.3075)	(60, 36.2986)	(61, 36.2878)	(62, 36.2773)	(63, 36.2736)	(64, 36.2782)	(65, 36.2908)	(66, 36.2731)	(67, 36.264)	(68, 36.2704)	(69, 36.2654)	(70, 36.2444)	(71, 36.2571)	(72, 36.2607)	(73, 36.2496)	(74, 36.2453)	(75, 36.2548)	(76, 36.1913)	(77, 36.1612)	(78, 36.1723)	(79, 36.1406)	(80, 36.161)	(81, 36.1545)	(82, 36.1297)	(83, 36.1274)	(84, 36.1116)	(85, 36.0958)	(86, 36.1205)	(87, 36.0868)	(88, 36.0472)	(89, 36.0103)	(90, 36.0789)	(91, 36.0893)	(92, 36.0875)	(93, 36.0893)	(94, 36.0989)	(95, 36.0904)	(96, 36.0926)	(97, 36.0815)	(98, 36.0869)	(99, 36.116)	(100, 36.1185)	(101, 36.0547)	(102, 36.0459)	(103, 36.032)	(104, 36.0433)	(105, 36.0167)	(106, 36.0168)	(107, 35.987)	(108, 35.9656)	(109, 35.9366)	(110, 35.9431)	(111, 35.966)	(112, 35.928)	(113, 35.9221)	(114, 35.9341)	(115, 35.9135)	(116, 35.8998)	(117, 35.8918)	(118, 35.9359)	(119, 35.8968)	(120, 35.8597)	(121, 35.8792)	(122, 35.8618)	(123, 35.8281)	(124, 35.8235)	(125, 35.8044)	(126, 35.8004)	(127, 35.7996)	(128, 35.8154)	(129, 35.8143)	(130, 35.8347)	(131, 35.8171)	(132, 35.8189)	(133, 35.794)	(134, 35.7557)	(135, 35.6949)	(136, 35.6618)	(137, 35.6848)	(138, 35.7027)	(139, 35.6599)	(140, 35.6209)	(141, 35.5961)	(142, 35.5994)	(143, 35.6121)	(144, 35.6932)	(145, 35.6272)	(146, 35.5094)	(147, 35.5258)	(148, 35.5341)	(149, 35.5058)	(150, 35.5049)
SRR18856609	(1, 36.5293)	(2, 36.496)	(3, 36.5884)	(4, 36.6224)	(5, 36.6126)	(6, 36.5812)	(7, 36.5545)	(8, 36.5892)	(9, 36.5937)	(10, 36.6221)	(11, 36.6207)	(12, 36.5867)	(13, 36.5725)	(14, 36.5784)	(15, 36.5704)	(16, 36.5778)	(17, 36.565)	(18, 36.5659)	(19, 36.5619)	(20, 36.5643)	(21, 36.5607)	(22, 36.554)	(23, 36.5517)	(24, 36.5459)	(25, 36.5361)	(26, 36.5163)	(27, 36.5013)	(28, 36.4975)	(29, 36.4642)	(30, 36.4598)	(31, 36.4472)	(32, 36.4502)	(33, 36.4385)	(34, 36.4358)	(35, 36.4289)	(36, 36.4314)	(37, 36.4166)	(38, 36.3586)	(39, 36.3939)	(40, 36.391)	(41, 36.3903)	(42, 36.378)	(43, 36.3677)	(44, 36.3594)	(45, 36.3428)	(46, 36.3419)	(47, 36.3378)	(48, 36.3289)	(49, 36.3361)	(50, 36.3237)	(51, 36.298)	(52, 36.2996)	(53, 36.2899)	(54, 36.3135)	(55, 36.3183)	(56, 36.3336)	(57, 36.216)	(58, 36.3167)	(59, 36.3056)	(60, 36.2963)	(61, 36.2853)	(62, 36.274)	(63, 36.2703)	(64, 36.2771)	(65, 36.2876)	(66, 36.2716)	(67, 36.2624)	(68, 36.2701)	(69, 36.2621)	(70, 36.2409)	(71, 36.2557)	(72, 36.2587)	(73, 36.25)	(74, 36.2464)	(75, 36.2511)	(76, 36.1891)	(77, 36.1566)	(78, 36.168)	(79, 36.1391)	(80, 36.1579)	(81, 36.1509)	(82, 36.1281)	(83, 36.1254)	(84, 36.1102)	(85, 36.0921)	(86, 36.1152)	(87, 36.0804)	(88, 36.0434)	(89, 36.0063)	(90, 36.0767)	(91, 36.0879)	(92, 36.0864)	(93, 36.0855)	(94, 36.0948)	(95, 36.0851)	(96, 36.0922)	(97, 36.0774)	(98, 36.0874)	(99, 36.1143)	(100, 36.1157)	(101, 36.0521)	(102, 36.0432)	(103, 36.028)	(104, 36.0388)	(105, 36.0123)	(106, 36.0147)	(107, 35.9835)	(108, 35.9604)	(109, 35.9314)	(110, 35.9378)	(111, 35.9602)	(112, 35.9232)	(113, 35.9178)	(114, 35.9299)	(115, 35.9104)	(116, 35.8946)	(117, 35.8888)	(118, 35.9318)	(119, 35.8924)	(120, 35.8573)	(121, 35.875)	(122, 35.8588)	(123, 35.8254)	(124, 35.82)	(125, 35.7998)	(126, 35.7955)	(127, 35.7953)	(128, 35.8109)	(129, 35.8125)	(130, 35.8331)	(131, 35.8131)	(132, 35.8159)	(133, 35.7884)	(134, 35.7556)	(135, 35.6897)	(136, 35.6585)	(137, 35.6808)	(138, 35.7016)	(139, 35.6578)	(140, 35.6154)	(141, 35.5926)	(142, 35.5951)	(143, 35.6082)	(144, 35.6923)	(145, 35.6225)	(146, 35.5066)	(147, 35.5191)	(148, 35.5292)	(149, 35.5032)	(150, 35.5033)
