Sample	0	1	2	3	4	5	6	7	8	9	10	11	12	13	14	15	16	17	18	19	20	21	22	23	24	25	26	27	28	29	30	31	32	33	34	35	36	37	38	39	40	41	42	43	44	45	46	47	48	49	50	51	52	53	54	55	56	57	58	59	60	61	62	63	64	65	66	67	68	69	70	71	72	73	74	75	76	77	78	79	80	81	82	83	84	85	86	87	88	89	90	91	92	93	94	95	96	97	98	99	100	101	102	103	104	105	106	107	108	109	110	111	112	113	114	115	116	117	118	119	120	121	122	123	124	125	126	127	128	129	130	131	132	133	134	135	136	137	138	139	140	141	142	143	144	145	146	147	148	149
SRR18856598	(1, 36.3789)	(2, 36.4563)	(3, 36.5003)	(4, 36.4895)	(5, 36.4714)	(6, 36.4426)	(7, 36.3831)	(8, 36.47)	(9, 36.478)	(10, 36.4875)	(11, 36.5075)	(12, 36.4734)	(13, 36.4802)	(14, 36.4674)	(15, 36.4764)	(16, 36.4879)	(17, 36.4924)	(18, 36.4888)	(19, 36.4775)	(20, 36.4841)	(21, 36.458)	(22, 36.4487)	(23, 36.4484)	(24, 36.4507)	(25, 36.4484)	(26, 36.4382)	(27, 36.438)	(28, 36.4566)	(29, 36.434)	(30, 36.4114)	(31, 36.4159)	(32, 36.4063)	(33, 36.4071)	(34, 36.398)	(35, 36.3886)	(36, 36.3843)	(37, 36.3614)	(38, 36.3661)	(39, 36.3089)	(40, 36.3434)	(41, 36.3595)	(42, 36.3449)	(43, 36.3545)	(44, 36.3191)	(45, 36.3243)	(46, 36.3301)	(47, 36.3104)	(48, 36.3126)	(49, 36.3136)	(50, 36.2859)	(51, 36.2878)	(52, 36.2928)	(53, 36.2709)	(54, 36.2808)	(55, 36.2798)	(56, 36.2545)	(57, 36.2526)	(58, 36.2782)	(59, 36.273)	(60, 36.2315)	(61, 36.2583)	(62, 36.2415)	(63, 36.2382)	(64, 36.1968)	(65, 36.2251)	(66, 36.2372)	(67, 36.2456)	(68, 36.2286)	(69, 36.1719)	(70, 36.1331)	(71, 36.1543)	(72, 36.1778)	(73, 36.1572)	(74, 36.1667)	(75, 36.1589)	(76, 36.1564)	(77, 36.1311)	(78, 36.1381)	(79, 36.1604)	(80, 36.1486)	(81, 36.1633)	(82, 36.1347)	(83, 36.1348)	(84, 36.1227)	(85, 36.1516)	(86, 36.1102)	(87, 36.1009)	(88, 36.0766)	(89, 35.9829)	(90, 36.0664)	(91, 36.0865)	(92, 36.0841)	(93, 36.1039)	(94, 36.0852)	(95, 36.0175)	(96, 36.0291)	(97, 36.0647)	(98, 36.0514)	(99, 36.0343)	(100, 36.0357)	(101, 36.0156)	(102, 35.9955)	(103, 36.0089)	(104, 36.0071)	(105, 36.0101)	(106, 35.9996)	(107, 35.9743)	(108, 35.9562)	(109, 35.9762)	(110, 35.9341)	(111, 35.9368)	(112, 35.929)	(113, 35.8627)	(114, 35.7293)	(115, 35.8029)	(116, 35.9038)	(117, 35.8519)	(118, 35.8324)	(119, 35.7995)	(120, 35.7234)	(121, 35.7947)	(122, 35.7651)	(123, 35.7164)	(124, 35.7868)	(125, 35.6377)	(126, 35.6876)	(127, 35.75)	(128, 35.6787)	(129, 35.6791)	(130, 35.6701)	(131, 35.6867)	(132, 35.7249)	(133, 35.6893)	(134, 35.594)	(135, 35.6402)	(136, 35.628)	(137, 35.5826)	(138, 35.5019)	(139, 35.2959)	(140, 35.5083)	(141, 35.5803)	(142, 35.5105)	(143, 35.5308)	(144, 35.4567)	(145, 35.2414)	(146, 35.3232)	(147, 35.4389)	(148, 35.3732)	(149, 35.449)	(150, 35.3942)
SRR18856599	(1, 36.3691)	(2, 36.4502)	(3, 36.4829)	(4, 36.4746)	(5, 36.4564)	(6, 36.4326)	(7, 36.3695)	(8, 36.4545)	(9, 36.4628)	(10, 36.4749)	(11, 36.4928)	(12, 36.4596)	(13, 36.4645)	(14, 36.4509)	(15, 36.4615)	(16, 36.4702)	(17, 36.4754)	(18, 36.4715)	(19, 36.4604)	(20, 36.4667)	(21, 36.438)	(22, 36.4293)	(23, 36.4253)	(24, 36.43)	(25, 36.4275)	(26, 36.4176)	(27, 36.4175)	(28, 36.435)	(29, 36.4113)	(30, 36.3874)	(31, 36.3918)	(32, 36.3845)	(33, 36.3837)	(34, 36.3734)	(35, 36.3642)	(36, 36.3575)	(37, 36.3371)	(38, 36.3423)	(39, 36.2829)	(40, 36.3189)	(41, 36.335)	(42, 36.3204)	(43, 36.3299)	(44, 36.2952)	(45, 36.3004)	(46, 36.3064)	(47, 36.284)	(48, 36.2847)	(49, 36.2867)	(50, 36.2578)	(51, 36.2597)	(52, 36.2636)	(53, 36.2398)	(54, 36.2515)	(55, 36.2537)	(56, 36.2275)	(57, 36.2253)	(58, 36.2515)	(59, 36.2456)	(60, 36.204)	(61, 36.2314)	(62, 36.2121)	(63, 36.208)	(64, 36.1651)	(65, 36.1984)	(66, 36.2084)	(67, 36.2193)	(68, 36.2049)	(69, 36.1429)	(70, 36.1032)	(71, 36.1228)	(72, 36.1495)	(73, 36.1281)	(74, 36.1379)	(75, 36.1318)	(76, 36.1294)	(77, 36.1047)	(78, 36.1083)	(79, 36.1365)	(80, 36.1238)	(81, 36.1358)	(82, 36.1044)	(83, 36.1071)	(84, 36.0941)	(85, 36.1218)	(86, 36.0821)	(87, 36.0741)	(88, 36.0479)	(89, 35.9524)	(90, 36.0379)	(91, 36.0585)	(92, 36.055)	(93, 36.0731)	(94, 36.0584)	(95, 35.9856)	(96, 35.9968)	(97, 36.0334)	(98, 36.0198)	(99, 36.0007)	(100, 36.0055)	(101, 35.9829)	(102, 35.9614)	(103, 35.98)	(104, 35.9753)	(105, 35.978)	(106, 35.968)	(107, 35.9419)	(108, 35.9218)	(109, 35.9412)	(110, 35.9)	(111, 35.9004)	(112, 35.8963)	(113, 35.8269)	(114, 35.687)	(115, 35.7686)	(116, 35.8715)	(117, 35.8206)	(118, 35.7996)	(119, 35.7619)	(120, 35.6827)	(121, 35.7601)	(122, 35.7286)	(123, 35.6813)	(124, 35.7521)	(125, 35.5967)	(126, 35.6472)	(127, 35.7167)	(128, 35.6413)	(129, 35.6382)	(130, 35.6307)	(131, 35.6487)	(132, 35.6868)	(133, 35.6498)	(134, 35.5528)	(135, 35.6032)	(136, 35.5913)	(137, 35.5439)	(138, 35.4611)	(139, 35.2457)	(140, 35.4648)	(141, 35.5385)	(142, 35.472)	(143, 35.4919)	(144, 35.4099)	(145, 35.2)	(146, 35.2732)	(147, 35.3886)	(148, 35.3269)	(149, 35.4031)	(150, 35.3471)
SRR18856600	(1, 36.3567)	(2, 36.4399)	(3, 36.4568)	(4, 36.463)	(5, 36.4448)	(6, 36.4181)	(7, 36.3553)	(8, 36.4503)	(9, 36.4585)	(10, 36.4685)	(11, 36.4895)	(12, 36.4506)	(13, 36.4572)	(14, 36.4415)	(15, 36.4535)	(16, 36.4658)	(17, 36.4727)	(18, 36.4686)	(19, 36.4527)	(20, 36.4624)	(21, 36.4339)	(22, 36.4247)	(23, 36.4208)	(24, 36.4258)	(25, 36.427)	(26, 36.4134)	(27, 36.4152)	(28, 36.4345)	(29, 36.4082)	(30, 36.3867)	(31, 36.3888)	(32, 36.3816)	(33, 36.3825)	(34, 36.3718)	(35, 36.3608)	(36, 36.357)	(37, 36.3345)	(38, 36.3371)	(39, 36.2781)	(40, 36.3135)	(41, 36.33)	(42, 36.3142)	(43, 36.3236)	(44, 36.2904)	(45, 36.2968)	(46, 36.3019)	(47, 36.2833)	(48, 36.2854)	(49, 36.2855)	(50, 36.2559)	(51, 36.2597)	(52, 36.2617)	(53, 36.238)	(54, 36.2513)	(55, 36.2492)	(56, 36.2241)	(57, 36.2233)	(58, 36.2517)	(59, 36.2459)	(60, 36.2036)	(61, 36.2304)	(62, 36.2122)	(63, 36.2069)	(64, 36.163)	(65, 36.1955)	(66, 36.2071)	(67, 36.2171)	(68, 36.1995)	(69, 36.1394)	(70, 36.1021)	(71, 36.1227)	(72, 36.1469)	(73, 36.1253)	(74, 36.1335)	(75, 36.1267)	(76, 36.1233)	(77, 36.0997)	(78, 36.1056)	(79, 36.1326)	(80, 36.12)	(81, 36.1356)	(82, 36.1039)	(83, 36.1039)	(84, 36.0906)	(85, 36.1187)	(86, 36.0781)	(87, 36.0712)	(88, 36.0458)	(89, 35.9499)	(90, 36.0369)	(91, 36.0577)	(92, 36.0533)	(93, 36.0738)	(94, 36.0549)	(95, 35.9869)	(96, 35.995)	(97, 36.0332)	(98, 36.0211)	(99, 36.0006)	(100, 36.0039)	(101, 35.9857)	(102, 35.9655)	(103, 35.9781)	(104, 35.9769)	(105, 35.9763)	(106, 35.9655)	(107, 35.9398)	(108, 35.9224)	(109, 35.9418)	(110, 35.9015)	(111, 35.9036)	(112, 35.899)	(113, 35.8303)	(114, 35.6896)	(115, 35.7682)	(116, 35.871)	(117, 35.818)	(118, 35.7977)	(119, 35.7609)	(120, 35.6832)	(121, 35.7601)	(122, 35.7318)	(123, 35.6841)	(124, 35.7531)	(125, 35.6021)	(126, 35.649)	(127, 35.7168)	(128, 35.6389)	(129, 35.6415)	(130, 35.6319)	(131, 35.6502)	(132, 35.6882)	(133, 35.6532)	(134, 35.5554)	(135, 35.6076)	(136, 35.5948)	(137, 35.5466)	(138, 35.4626)	(139, 35.2507)	(140, 35.4688)	(141, 35.5435)	(142, 35.4733)	(143, 35.4967)	(144, 35.4174)	(145, 35.2023)	(146, 35.284)	(147, 35.398)	(148, 35.3329)	(149, 35.41)	(150, 35.3581)
SRR18856601	(1, 36.3739)	(2, 36.4281)	(3, 36.4564)	(4, 36.4681)	(5, 36.4238)	(6, 36.4046)	(7, 36.3437)	(8, 36.44)	(9, 36.4436)	(10, 36.4613)	(11, 36.4819)	(12, 36.4485)	(13, 36.4544)	(14, 36.4371)	(15, 36.4505)	(16, 36.4547)	(17, 36.4615)	(18, 36.4613)	(19, 36.4497)	(20, 36.458)	(21, 36.4281)	(22, 36.4207)	(23, 36.4176)	(24, 36.4225)	(25, 36.4202)	(26, 36.4063)	(27, 36.4084)	(28, 36.4285)	(29, 36.4021)	(30, 36.3791)	(31, 36.3825)	(32, 36.375)	(33, 36.3757)	(34, 36.3646)	(35, 36.3556)	(36, 36.3502)	(37, 36.3279)	(38, 36.3295)	(39, 36.269)	(40, 36.307)	(41, 36.323)	(42, 36.3093)	(43, 36.3177)	(44, 36.2833)	(45, 36.2881)	(46, 36.2958)	(47, 36.2735)	(48, 36.2736)	(49, 36.2756)	(50, 36.2455)	(51, 36.2488)	(52, 36.2523)	(53, 36.2286)	(54, 36.242)	(55, 36.2406)	(56, 36.2153)	(57, 36.2133)	(58, 36.2396)	(59, 36.2336)	(60, 36.1907)	(61, 36.2185)	(62, 36.1993)	(63, 36.194)	(64, 36.1519)	(65, 36.1828)	(66, 36.1938)	(67, 36.2036)	(68, 36.1873)	(69, 36.1254)	(70, 36.083)	(71, 36.102)	(72, 36.1293)	(73, 36.1067)	(74, 36.118)	(75, 36.1098)	(76, 36.1072)	(77, 36.0807)	(78, 36.0894)	(79, 36.1139)	(80, 36.1028)	(81, 36.1173)	(82, 36.0851)	(83, 36.0841)	(84, 36.0753)	(85, 36.1018)	(86, 36.0624)	(87, 36.0533)	(88, 36.028)	(89, 35.9297)	(90, 36.0172)	(91, 36.0361)	(92, 36.0349)	(93, 36.0546)	(94, 36.0355)	(95, 35.9643)	(96, 35.9725)	(97, 36.0128)	(98, 35.9974)	(99, 35.9796)	(100, 35.9824)	(101, 35.9602)	(102, 35.9377)	(103, 35.9512)	(104, 35.9497)	(105, 35.9544)	(106, 35.9408)	(107, 35.9145)	(108, 35.8966)	(109, 35.9172)	(110, 35.8748)	(111, 35.8767)	(112, 35.8692)	(113, 35.7978)	(114, 35.6575)	(115, 35.7367)	(116, 35.8401)	(117, 35.7892)	(118, 35.7695)	(119, 35.7304)	(120, 35.6517)	(121, 35.7293)	(122, 35.6989)	(123, 35.6467)	(124, 35.7211)	(125, 35.5636)	(126, 35.6122)	(127, 35.6851)	(128, 35.6077)	(129, 35.6065)	(130, 35.5979)	(131, 35.6158)	(132, 35.6547)	(133, 35.6123)	(134, 35.5164)	(135, 35.5671)	(136, 35.5535)	(137, 35.5058)	(138, 35.4202)	(139, 35.2041)	(140, 35.4264)	(141, 35.502)	(142, 35.4326)	(143, 35.4556)	(144, 35.3733)	(145, 35.1527)	(146, 35.2331)	(147, 35.3522)	(148, 35.2872)	(149, 35.3626)	(150, 35.312)
SRR18856602	(1, 36.3147)	(2, 36.3816)	(3, 36.4278)	(4, 36.4262)	(5, 36.3865)	(6, 36.3677)	(7, 36.303)	(8, 36.3947)	(9, 36.4059)	(10, 36.424)	(11, 36.4411)	(12, 36.4022)	(13, 36.4099)	(14, 36.3939)	(15, 36.4063)	(16, 36.414)	(17, 36.4209)	(18, 36.4186)	(19, 36.4025)	(20, 36.4117)	(21, 36.3798)	(22, 36.3721)	(23, 36.3677)	(24, 36.3718)	(25, 36.3719)	(26, 36.3567)	(27, 36.3572)	(28, 36.379)	(29, 36.3508)	(30, 36.3276)	(31, 36.3292)	(32, 36.3213)	(33, 36.3235)	(34, 36.3117)	(35, 36.3005)	(36, 36.2944)	(37, 36.2689)	(38, 36.2729)	(39, 36.2074)	(40, 36.2485)	(41, 36.2688)	(42, 36.251)	(43, 36.26)	(44, 36.2236)	(45, 36.2276)	(46, 36.235)	(47, 36.2096)	(48, 36.2112)	(49, 36.2134)	(50, 36.182)	(51, 36.1852)	(52, 36.1899)	(53, 36.1664)	(54, 36.1777)	(55, 36.1757)	(56, 36.1488)	(57, 36.1452)	(58, 36.1739)	(59, 36.1683)	(60, 36.1221)	(61, 36.1513)	(62, 36.1319)	(63, 36.1273)	(64, 36.0773)	(65, 36.1127)	(66, 36.1258)	(67, 36.1362)	(68, 36.1178)	(69, 36.0507)	(70, 36.0071)	(71, 36.0291)	(72, 36.0573)	(73, 36.0332)	(74, 36.0448)	(75, 36.036)	(76, 36.0329)	(77, 36.0058)	(78, 36.0133)	(79, 36.0421)	(80, 36.0284)	(81, 36.045)	(82, 36.0128)	(83, 36.0108)	(84, 36.0005)	(85, 36.0273)	(86, 35.9861)	(87, 35.9749)	(88, 35.9469)	(89, 35.8391)	(90, 35.9344)	(91, 35.956)	(92, 35.9528)	(93, 35.9748)	(94, 35.9548)	(95, 35.881)	(96, 35.8892)	(97, 35.933)	(98, 35.9157)	(99, 35.8962)	(100, 35.9)	(101, 35.875)	(102, 35.8515)	(103, 35.8673)	(104, 35.8643)	(105, 35.8683)	(106, 35.854)	(107, 35.8256)	(108, 35.8086)	(109, 35.8294)	(110, 35.7851)	(111, 35.7859)	(112, 35.7764)	(113, 35.7039)	(114, 35.5519)	(115, 35.6363)	(116, 35.7493)	(117, 35.6914)	(118, 35.6719)	(119, 35.6309)	(120, 35.5445)	(121, 35.6277)	(122, 35.5961)	(123, 35.5416)	(124, 35.6187)	(125, 35.4559)	(126, 35.5078)	(127, 35.5817)	(128, 35.499)	(129, 35.4994)	(130, 35.4893)	(131, 35.5087)	(132, 35.5472)	(133, 35.5062)	(134, 35.4029)	(135, 35.4555)	(136, 35.4404)	(137, 35.3892)	(138, 35.2981)	(139, 35.0692)	(140, 35.3071)	(141, 35.3868)	(142, 35.3105)	(143, 35.3345)	(144, 35.2513)	(145, 35.0177)	(146, 35.1004)	(147, 35.2292)	(148, 35.1593)	(149, 35.2391)	(150, 35.1835)
SRR18856603	(1, 36.3838)	(2, 36.444)	(3, 36.4714)	(4, 36.4817)	(5, 36.4327)	(6, 36.4209)	(7, 36.3653)	(8, 36.4512)	(9, 36.4575)	(10, 36.4728)	(11, 36.4908)	(12, 36.4586)	(13, 36.4638)	(14, 36.4483)	(15, 36.4611)	(16, 36.4644)	(17, 36.4707)	(18, 36.4716)	(19, 36.4589)	(20, 36.4671)	(21, 36.4381)	(22, 36.4298)	(23, 36.4259)	(24, 36.4311)	(25, 36.4289)	(26, 36.417)	(27, 36.4173)	(28, 36.4363)	(29, 36.4117)	(30, 36.3903)	(31, 36.392)	(32, 36.3839)	(33, 36.3849)	(34, 36.375)	(35, 36.3654)	(36, 36.3606)	(37, 36.3385)	(38, 36.341)	(39, 36.2799)	(40, 36.3173)	(41, 36.3347)	(42, 36.3188)	(43, 36.3282)	(44, 36.2953)	(45, 36.2989)	(46, 36.3059)	(47, 36.2822)	(48, 36.2853)	(49, 36.2865)	(50, 36.2564)	(51, 36.2616)	(52, 36.2629)	(53, 36.2402)	(54, 36.2516)	(55, 36.2494)	(56, 36.2257)	(57, 36.2228)	(58, 36.2493)	(59, 36.2431)	(60, 36.2005)	(61, 36.2288)	(62, 36.2086)	(63, 36.2033)	(64, 36.1613)	(65, 36.1912)	(66, 36.202)	(67, 36.2104)	(68, 36.1951)	(69, 36.1335)	(70, 36.0938)	(71, 36.113)	(72, 36.1378)	(73, 36.1163)	(74, 36.1259)	(75, 36.1191)	(76, 36.1142)	(77, 36.0903)	(78, 36.096)	(79, 36.1223)	(80, 36.1115)	(81, 36.1234)	(82, 36.0962)	(83, 36.0947)	(84, 36.0836)	(85, 36.1094)	(86, 36.0693)	(87, 36.0605)	(88, 36.033)	(89, 35.9347)	(90, 36.0208)	(91, 36.0435)	(92, 36.0384)	(93, 36.0587)	(94, 36.0401)	(95, 35.9699)	(96, 35.9771)	(97, 36.0165)	(98, 36.0012)	(99, 35.9829)	(100, 35.9869)	(101, 35.9638)	(102, 35.9431)	(103, 35.9579)	(104, 35.9549)	(105, 35.9571)	(106, 35.9445)	(107, 35.92)	(108, 35.9015)	(109, 35.9212)	(110, 35.8818)	(111, 35.8799)	(112, 35.8718)	(113, 35.8043)	(114, 35.6628)	(115, 35.7388)	(116, 35.8433)	(117, 35.7915)	(118, 35.7721)	(119, 35.7349)	(120, 35.6545)	(121, 35.7301)	(122, 35.6995)	(123, 35.6479)	(124, 35.7188)	(125, 35.5641)	(126, 35.6157)	(127, 35.6856)	(128, 35.6072)	(129, 35.6058)	(130, 35.5971)	(131, 35.6141)	(132, 35.6535)	(133, 35.6141)	(134, 35.5142)	(135, 35.5654)	(136, 35.55)	(137, 35.5019)	(138, 35.4164)	(139, 35.1996)	(140, 35.4214)	(141, 35.4996)	(142, 35.4258)	(143, 35.4524)	(144, 35.3688)	(145, 35.1509)	(146, 35.2277)	(147, 35.348)	(148, 35.279)	(149, 35.3571)	(150, 35.3076)
SRR18856604	(1, 36.3005)	(2, 36.3427)	(3, 36.4096)	(4, 36.4089)	(5, 36.3677)	(6, 36.3507)	(7, 36.2761)	(8, 36.3811)	(9, 36.3904)	(10, 36.4085)	(11, 36.4206)	(12, 36.3833)	(13, 36.3917)	(14, 36.3736)	(15, 36.3865)	(16, 36.3952)	(17, 36.4005)	(18, 36.4014)	(19, 36.3836)	(20, 36.3945)	(21, 36.3625)	(22, 36.3573)	(23, 36.3505)	(24, 36.3582)	(25, 36.3553)	(26, 36.3404)	(27, 36.342)	(28, 36.3657)	(29, 36.3385)	(30, 36.313)	(31, 36.317)	(32, 36.3059)	(33, 36.3062)	(34, 36.2983)	(35, 36.2908)	(36, 36.2848)	(37, 36.2554)	(38, 36.2623)	(39, 36.1936)	(40, 36.2328)	(41, 36.2513)	(42, 36.2325)	(43, 36.2462)	(44, 36.2081)	(45, 36.211)	(46, 36.2198)	(47, 36.196)	(48, 36.1974)	(49, 36.1997)	(50, 36.167)	(51, 36.17)	(52, 36.1729)	(53, 36.1485)	(54, 36.1597)	(55, 36.1599)	(56, 36.1307)	(57, 36.1274)	(58, 36.1578)	(59, 36.1506)	(60, 36.1024)	(61, 36.1351)	(62, 36.1143)	(63, 36.1082)	(64, 36.0623)	(65, 36.0954)	(66, 36.1081)	(67, 36.1196)	(68, 36.1)	(69, 36.033)	(70, 35.9904)	(71, 36.0112)	(72, 36.0401)	(73, 36.0177)	(74, 36.0278)	(75, 36.0203)	(76, 36.0172)	(77, 35.9906)	(78, 35.9977)	(79, 36.0273)	(80, 36.0166)	(81, 36.0302)	(82, 35.9988)	(83, 35.9976)	(84, 35.9838)	(85, 36.0146)	(86, 35.9708)	(87, 35.9618)	(88, 35.9354)	(89, 35.8295)	(90, 35.9234)	(91, 35.9442)	(92, 35.9416)	(93, 35.9635)	(94, 35.9438)	(95, 35.8661)	(96, 35.8777)	(97, 35.9191)	(98, 35.9037)	(99, 35.8841)	(100, 35.8885)	(101, 35.865)	(102, 35.8407)	(103, 35.858)	(104, 35.8541)	(105, 35.8567)	(106, 35.8452)	(107, 35.816)	(108, 35.7965)	(109, 35.8201)	(110, 35.7747)	(111, 35.7766)	(112, 35.7692)	(113, 35.6946)	(114, 35.5445)	(115, 35.6292)	(116, 35.7399)	(117, 35.6837)	(118, 35.6616)	(119, 35.6232)	(120, 35.5372)	(121, 35.6186)	(122, 35.5868)	(123, 35.5343)	(124, 35.612)	(125, 35.4463)	(126, 35.4972)	(127, 35.5724)	(128, 35.49)	(129, 35.4881)	(130, 35.4796)	(131, 35.4995)	(132, 35.5403)	(133, 35.4997)	(134, 35.396)	(135, 35.4478)	(136, 35.4322)	(137, 35.381)	(138, 35.2909)	(139, 35.0651)	(140, 35.2993)	(141, 35.3835)	(142, 35.3079)	(143, 35.3291)	(144, 35.2427)	(145, 35.0116)	(146, 35.0975)	(147, 35.2224)	(148, 35.1508)	(149, 35.2344)	(150, 35.1764)
SRR18856605	(1, 36.245)	(2, 36.336)	(3, 36.3861)	(4, 36.3892)	(5, 36.358)	(6, 36.3373)	(7, 36.2564)	(8, 36.3574)	(9, 36.3625)	(10, 36.3814)	(11, 36.3989)	(12, 36.361)	(13, 36.3705)	(14, 36.3527)	(15, 36.3657)	(16, 36.3773)	(17, 36.3827)	(18, 36.3795)	(19, 36.3611)	(20, 36.3719)	(21, 36.3396)	(22, 36.3291)	(23, 36.3259)	(24, 36.3315)	(25, 36.3283)	(26, 36.3124)	(27, 36.3136)	(28, 36.3397)	(29, 36.3131)	(30, 36.2853)	(31, 36.2886)	(32, 36.278)	(33, 36.2794)	(34, 36.2683)	(35, 36.2586)	(36, 36.2525)	(37, 36.2261)	(38, 36.228)	(39, 36.1575)	(40, 36.2001)	(41, 36.2199)	(42, 36.2009)	(43, 36.2161)	(44, 36.1746)	(45, 36.1795)	(46, 36.1877)	(47, 36.1629)	(48, 36.1659)	(49, 36.1659)	(50, 36.1317)	(51, 36.136)	(52, 36.1399)	(53, 36.1138)	(54, 36.1244)	(55, 36.1251)	(56, 36.0967)	(57, 36.0925)	(58, 36.1231)	(59, 36.1158)	(60, 36.0664)	(61, 36.0995)	(62, 36.0791)	(63, 36.0751)	(64, 36.0248)	(65, 36.0606)	(66, 36.072)	(67, 36.0832)	(68, 36.0643)	(69, 35.9927)	(70, 35.9499)	(71, 35.971)	(72, 36.0018)	(73, 35.9767)	(74, 35.9896)	(75, 35.9797)	(76, 35.9786)	(77, 35.9503)	(78, 35.9598)	(79, 35.9888)	(80, 35.9753)	(81, 35.9909)	(82, 35.9587)	(83, 35.9556)	(84, 35.9435)	(85, 35.9749)	(86, 35.9291)	(87, 35.9193)	(88, 35.8904)	(89, 35.7792)	(90, 35.8776)	(91, 35.8994)	(92, 35.8975)	(93, 35.919)	(94, 35.8997)	(95, 35.82)	(96, 35.8305)	(97, 35.8741)	(98, 35.8583)	(99, 35.8367)	(100, 35.8422)	(101, 35.8138)	(102, 35.791)	(103, 35.8086)	(104, 35.8046)	(105, 35.8079)	(106, 35.797)	(107, 35.766)	(108, 35.7458)	(109, 35.7698)	(110, 35.7238)	(111, 35.7262)	(112, 35.7172)	(113, 35.6387)	(114, 35.4796)	(115, 35.5706)	(116, 35.6831)	(117, 35.6264)	(118, 35.6061)	(119, 35.5611)	(120, 35.4735)	(121, 35.5585)	(122, 35.5244)	(123, 35.4699)	(124, 35.5483)	(125, 35.3786)	(126, 35.4306)	(127, 35.5081)	(128, 35.4238)	(129, 35.4235)	(130, 35.4137)	(131, 35.433)	(132, 35.4757)	(133, 35.4357)	(134, 35.3261)	(135, 35.3785)	(136, 35.3661)	(137, 35.3129)	(138, 35.2203)	(139, 34.982)	(140, 35.2262)	(141, 35.3088)	(142, 35.2329)	(143, 35.2577)	(144, 35.1658)	(145, 34.929)	(146, 35.0154)	(147, 35.1433)	(148, 35.0726)	(149, 35.1571)	(150, 35.0976)
SRR18856606	(1, 36.1705)	(2, 36.2963)	(3, 36.35)	(4, 36.3583)	(5, 36.3242)	(6, 36.3037)	(7, 36.2204)	(8, 36.3204)	(9, 36.3275)	(10, 36.3513)	(11, 36.3665)	(12, 36.3267)	(13, 36.3377)	(14, 36.3174)	(15, 36.3331)	(16, 36.3441)	(17, 36.3494)	(18, 36.3475)	(19, 36.3282)	(20, 36.3404)	(21, 36.3073)	(22, 36.2943)	(23, 36.2923)	(24, 36.2962)	(25, 36.2997)	(26, 36.2844)	(27, 36.2794)	(28, 36.3068)	(29, 36.2798)	(30, 36.2533)	(31, 36.2559)	(32, 36.2436)	(33, 36.2462)	(34, 36.2333)	(35, 36.2248)	(36, 36.2169)	(37, 36.1886)	(38, 36.195)	(39, 36.1248)	(40, 36.1666)	(41, 36.1851)	(42, 36.1663)	(43, 36.1787)	(44, 36.1374)	(45, 36.1422)	(46, 36.1513)	(47, 36.1243)	(48, 36.1292)	(49, 36.1285)	(50, 36.0966)	(51, 36.1005)	(52, 36.1028)	(53, 36.0752)	(54, 36.0888)	(55, 36.0877)	(56, 36.0589)	(57, 36.0535)	(58, 36.0879)	(59, 36.0779)	(60, 36.0282)	(61, 36.0623)	(62, 36.0416)	(63, 36.0356)	(64, 35.9857)	(65, 36.0204)	(66, 36.0339)	(67, 36.0466)	(68, 36.0265)	(69, 35.9542)	(70, 35.9068)	(71, 35.9316)	(72, 35.9647)	(73, 35.9372)	(74, 35.9522)	(75, 35.9407)	(76, 35.94)	(77, 35.9116)	(78, 35.9216)	(79, 35.9523)	(80, 35.9379)	(81, 35.954)	(82, 35.9221)	(83, 35.9217)	(84, 35.9072)	(85, 35.9399)	(86, 35.8934)	(87, 35.8846)	(88, 35.8552)	(89, 35.7389)	(90, 35.8403)	(91, 35.8636)	(92, 35.8604)	(93, 35.8835)	(94, 35.8618)	(95, 35.7815)	(96, 35.7932)	(97, 35.8382)	(98, 35.8216)	(99, 35.7999)	(100, 35.807)	(101, 35.7798)	(102, 35.7546)	(103, 35.7698)	(104, 35.7692)	(105, 35.7735)	(106, 35.7603)	(107, 35.7295)	(108, 35.7088)	(109, 35.7339)	(110, 35.6867)	(111, 35.6888)	(112, 35.6804)	(113, 35.602)	(114, 35.443)	(115, 35.5336)	(116, 35.651)	(117, 35.5899)	(118, 35.5664)	(119, 35.5276)	(120, 35.4381)	(121, 35.5239)	(122, 35.49)	(123, 35.4341)	(124, 35.5138)	(125, 35.3428)	(126, 35.3941)	(127, 35.4743)	(128, 35.3891)	(129, 35.3888)	(130, 35.3787)	(131, 35.4018)	(132, 35.4412)	(133, 35.4037)	(134, 35.291)	(135, 35.3473)	(136, 35.3326)	(137, 35.2776)	(138, 35.1818)	(139, 34.9444)	(140, 35.1931)	(141, 35.2779)	(142, 35.199)	(143, 35.2214)	(144, 35.1318)	(145, 34.8914)	(146, 34.9772)	(147, 35.1134)	(148, 35.039)	(149, 35.1253)	(150, 35.0706)
SRR18856607	(1, 36.2389)	(2, 36.3327)	(3, 36.3827)	(4, 36.3777)	(5, 36.3537)	(6, 36.3299)	(7, 36.2529)	(8, 36.3497)	(9, 36.3559)	(10, 36.3754)	(11, 36.3921)	(12, 36.3532)	(13, 36.3634)	(14, 36.3433)	(15, 36.359)	(16, 36.3688)	(17, 36.3756)	(18, 36.3724)	(19, 36.3541)	(20, 36.3643)	(21, 36.3312)	(22, 36.3191)	(23, 36.3221)	(24, 36.3239)	(25, 36.3238)	(26, 36.3052)	(27, 36.3067)	(28, 36.3338)	(29, 36.306)	(30, 36.2796)	(31, 36.2811)	(32, 36.2702)	(33, 36.2718)	(34, 36.2608)	(35, 36.2504)	(36, 36.244)	(37, 36.2184)	(38, 36.2229)	(39, 36.1536)	(40, 36.1965)	(41, 36.214)	(42, 36.1951)	(43, 36.2085)	(44, 36.1657)	(45, 36.172)	(46, 36.1791)	(47, 36.1564)	(48, 36.1567)	(49, 36.1577)	(50, 36.1259)	(51, 36.1296)	(52, 36.1338)	(53, 36.1073)	(54, 36.1214)	(55, 36.1196)	(56, 36.0884)	(57, 36.0869)	(58, 36.1179)	(59, 36.109)	(60, 36.0607)	(61, 36.0922)	(62, 36.0714)	(63, 36.0658)	(64, 36.0157)	(65, 36.0508)	(66, 36.0641)	(67, 36.0747)	(68, 36.0543)	(69, 35.9836)	(70, 35.9387)	(71, 35.9638)	(72, 35.9948)	(73, 35.9709)	(74, 35.9818)	(75, 35.9727)	(76, 35.9693)	(77, 35.9407)	(78, 35.9494)	(79, 35.9782)	(80, 35.9679)	(81, 35.9824)	(82, 35.9504)	(83, 35.9509)	(84, 35.9361)	(85, 35.9657)	(86, 35.9185)	(87, 35.911)	(88, 35.8794)	(89, 35.7679)	(90, 35.8679)	(91, 35.8898)	(92, 35.8876)	(93, 35.911)	(94, 35.8916)	(95, 35.8093)	(96, 35.8227)	(97, 35.8651)	(98, 35.8516)	(99, 35.8299)	(100, 35.8333)	(101, 35.8068)	(102, 35.7835)	(103, 35.7977)	(104, 35.7953)	(105, 35.7994)	(106, 35.7886)	(107, 35.7593)	(108, 35.7391)	(109, 35.7596)	(110, 35.7129)	(111, 35.7134)	(112, 35.7068)	(113, 35.6284)	(114, 35.4738)	(115, 35.5597)	(116, 35.6757)	(117, 35.6167)	(118, 35.5945)	(119, 35.5543)	(120, 35.4688)	(121, 35.5516)	(122, 35.5153)	(123, 35.4618)	(124, 35.5428)	(125, 35.3749)	(126, 35.4257)	(127, 35.5022)	(128, 35.419)	(129, 35.4218)	(130, 35.4087)	(131, 35.4302)	(132, 35.4702)	(133, 35.4307)	(134, 35.3188)	(135, 35.3755)	(136, 35.3602)	(137, 35.3091)	(138, 35.2165)	(139, 34.984)	(140, 35.2279)	(141, 35.3087)	(142, 35.2284)	(143, 35.2528)	(144, 35.1646)	(145, 34.9246)	(146, 35.0156)	(147, 35.1412)	(148, 35.0726)	(149, 35.159)	(150, 35.0986)
SRR18856608	(1, 36.3276)	(2, 36.4049)	(3, 36.4382)	(4, 36.4367)	(5, 36.4183)	(6, 36.3879)	(7, 36.3268)	(8, 36.4175)	(9, 36.4262)	(10, 36.4406)	(11, 36.4591)	(12, 36.4225)	(13, 36.429)	(14, 36.4143)	(15, 36.4258)	(16, 36.4349)	(17, 36.4407)	(18, 36.4388)	(19, 36.424)	(20, 36.4322)	(21, 36.4015)	(22, 36.3929)	(23, 36.389)	(24, 36.3933)	(25, 36.3929)	(26, 36.381)	(27, 36.3791)	(28, 36.4008)	(29, 36.3756)	(30, 36.3525)	(31, 36.3555)	(32, 36.3452)	(33, 36.3461)	(34, 36.3347)	(35, 36.3253)	(36, 36.3192)	(37, 36.2947)	(38, 36.2994)	(39, 36.2366)	(40, 36.274)	(41, 36.2923)	(42, 36.2757)	(43, 36.2863)	(44, 36.249)	(45, 36.2534)	(46, 36.2608)	(47, 36.2389)	(48, 36.2392)	(49, 36.2407)	(50, 36.2106)	(51, 36.213)	(52, 36.2186)	(53, 36.1932)	(54, 36.2062)	(55, 36.2042)	(56, 36.1767)	(57, 36.1743)	(58, 36.2032)	(59, 36.1953)	(60, 36.1518)	(61, 36.1796)	(62, 36.1622)	(63, 36.1573)	(64, 36.1116)	(65, 36.1443)	(66, 36.1576)	(67, 36.1655)	(68, 36.149)	(69, 36.0853)	(70, 36.0431)	(71, 36.0647)	(72, 36.0905)	(73, 36.0686)	(74, 36.0795)	(75, 36.0716)	(76, 36.0689)	(77, 36.0422)	(78, 36.049)	(79, 36.0762)	(80, 36.0637)	(81, 36.0782)	(82, 36.0456)	(83, 36.0448)	(84, 36.0338)	(85, 36.0621)	(86, 36.0221)	(87, 36.0121)	(88, 35.9831)	(89, 35.8842)	(90, 35.9726)	(91, 35.9956)	(92, 35.9918)	(93, 36.0111)	(94, 35.9929)	(95, 35.9202)	(96, 35.9299)	(97, 35.9705)	(98, 35.9537)	(99, 35.9352)	(100, 35.9404)	(101, 35.9149)	(102, 35.8937)	(103, 35.9076)	(104, 35.906)	(105, 35.9105)	(106, 35.8975)	(107, 35.8729)	(108, 35.8527)	(109, 35.871)	(110, 35.8281)	(111, 35.8308)	(112, 35.8236)	(113, 35.7526)	(114, 35.6078)	(115, 35.6885)	(116, 35.7958)	(117, 35.7404)	(118, 35.7175)	(119, 35.6833)	(120, 35.6013)	(121, 35.6791)	(122, 35.6468)	(123, 35.5944)	(124, 35.6693)	(125, 35.512)	(126, 35.5616)	(127, 35.6319)	(128, 35.5534)	(129, 35.5529)	(130, 35.5444)	(131, 35.563)	(132, 35.6029)	(133, 35.5642)	(134, 35.4628)	(135, 35.5134)	(136, 35.5011)	(137, 35.4521)	(138, 35.3635)	(139, 35.1442)	(140, 35.3736)	(141, 35.4479)	(142, 35.3761)	(143, 35.3977)	(144, 35.3152)	(145, 35.0919)	(146, 35.1748)	(147, 35.2958)	(148, 35.2263)	(149, 35.3079)	(150, 35.2518)
SRR18856609	(1, 36.397)	(2, 36.4533)	(3, 36.4905)	(4, 36.477)	(5, 36.4573)	(6, 36.4225)	(7, 36.3595)	(8, 36.4492)	(9, 36.4604)	(10, 36.4713)	(11, 36.4935)	(12, 36.46)	(13, 36.4667)	(14, 36.4548)	(15, 36.4633)	(16, 36.4724)	(17, 36.478)	(18, 36.4725)	(19, 36.4597)	(20, 36.4668)	(21, 36.4398)	(22, 36.4323)	(23, 36.43)	(24, 36.437)	(25, 36.4335)	(26, 36.4211)	(27, 36.4214)	(28, 36.439)	(29, 36.4144)	(30, 36.3916)	(31, 36.3962)	(32, 36.3883)	(33, 36.3884)	(34, 36.3773)	(35, 36.3686)	(36, 36.3629)	(37, 36.3394)	(38, 36.3439)	(39, 36.2853)	(40, 36.3213)	(41, 36.3389)	(42, 36.3244)	(43, 36.3339)	(44, 36.2994)	(45, 36.3037)	(46, 36.3081)	(47, 36.2867)	(48, 36.2881)	(49, 36.2909)	(50, 36.2617)	(51, 36.2654)	(52, 36.2697)	(53, 36.2481)	(54, 36.258)	(55, 36.2559)	(56, 36.2296)	(57, 36.2281)	(58, 36.2529)	(59, 36.2478)	(60, 36.2055)	(61, 36.2365)	(62, 36.2191)	(63, 36.2146)	(64, 36.171)	(65, 36.2021)	(66, 36.2117)	(67, 36.2202)	(68, 36.2045)	(69, 36.1431)	(70, 36.1039)	(71, 36.1259)	(72, 36.1514)	(73, 36.131)	(74, 36.1409)	(75, 36.1337)	(76, 36.13)	(77, 36.1025)	(78, 36.1075)	(79, 36.1333)	(80, 36.1194)	(81, 36.1347)	(82, 36.1057)	(83, 36.1045)	(84, 36.0951)	(85, 36.1239)	(86, 36.0845)	(87, 36.0732)	(88, 36.0455)	(89, 35.9477)	(90, 36.0345)	(91, 36.0575)	(92, 36.0527)	(93, 36.0753)	(94, 36.0575)	(95, 35.9895)	(96, 36.0011)	(97, 36.0356)	(98, 36.0214)	(99, 36.0035)	(100, 36.0047)	(101, 35.9835)	(102, 35.9603)	(103, 35.9759)	(104, 35.9747)	(105, 35.9785)	(106, 35.9679)	(107, 35.9433)	(108, 35.9232)	(109, 35.9428)	(110, 35.8987)	(111, 35.8991)	(112, 35.892)	(113, 35.8261)	(114, 35.6898)	(115, 35.7668)	(116, 35.868)	(117, 35.8172)	(118, 35.7975)	(119, 35.7614)	(120, 35.6841)	(121, 35.7574)	(122, 35.726)	(123, 35.6782)	(124, 35.7494)	(125, 35.6019)	(126, 35.6478)	(127, 35.7131)	(128, 35.641)	(129, 35.6398)	(130, 35.6321)	(131, 35.651)	(132, 35.6856)	(133, 35.6483)	(134, 35.5522)	(135, 35.5994)	(136, 35.5879)	(137, 35.5403)	(138, 35.4601)	(139, 35.2505)	(140, 35.4679)	(141, 35.5387)	(142, 35.4697)	(143, 35.4892)	(144, 35.4107)	(145, 35.1965)	(146, 35.2766)	(147, 35.3917)	(148, 35.3287)	(149, 35.4055)	(150, 35.3521)
