Sample	0	1	2	3	4	5	6	7	8	9	10	11	12	13	14	15	16	17	18	19	20	21	22	23	24	25	26	27	28	29	30	31	32	33	34	35	36	37	38	39	40	41	42	43	44	45	46	47	48	49	50	51	52	53	54	55	56	57	58	59	60	61	62	63	64	65	66	67	68	69	70	71	72	73
GW_M1_R1 - polya	(1, 0.0011007015787193404)	(2, 0.009601504540521015)	(3, 0.013280387894009888)	(4, 0.016734897464144433)	(5, 0.019986200588976946)	(6, 0.02281839042037402)	(7, 0.02607816048042745)	(8, 0.03244529576655779)	(9, 0.03997240117795389)	(10, 0.04898333698681588)	(12, 0.0578461014293118)	(14, 0.06770161402646035)	(16, 0.07802492479456463)	(18, 0.08933251678210063)	(20, 0.10013844285779723)	(22, 0.109377985917624)	(24, 0.11955735878697267)	(26, 0.1290720772414793)	(28, 0.13706274735622065)	(30, 0.14565033640403674)	(32, 0.1540431859417717)	(34, 0.16155759095033642)	(36, 0.17031240196876565)	(38, 0.17873065231216337)	(40, 0.18648424824071902)	(42, 0.1974235285461451)	(44, 0.2059349151769729)	(46, 0.21445265200921643)	(48, 0.22294287130199197)	(50, 0.22983072310420877)	(52, 0.23646880031740847)	(54, 0.2429565894304369)	(56, 0.24956291563655816)	(58, 0.2563745650217867)	(60, 0.26275016724313793)	(62, 0.2694517464704945)	(64, 0.27572151200158435)	(66, 0.2821330986976245)	(68, 0.28841556463154566)	(70, 0.2946789799612197)	(72, 0.3006058346158623)	(74, 0.3065983080184671)	(76, 0.3131538326132628)	(78, 0.31856420421942944)	(80, 0.3245672612910603)	(82, 0.32991836435068045)	(84, 0.33556581014303277)	(86, 0.34123230653963216)	(88, 0.3468120168502171)	(90, 0.35246792957779033)	(92, 0.358081507629259)	(94, 0.36396391087399177)	(96, 0.3696494578748382)	(98, 0.37547894277444027)	(100, 0.38120259098378084)	(102, 0.38708711096231885)	(104, 0.3927028057475927)	(106, 0.3982041969073842)	(108, 0.40402944833937576)	(110, 0.40932974978767045)	(112, 0.4146533353078226)	(114, 0.41997268736036436)	(116, 0.4251121170394616)	(118, 0.4306113914654478)	(120, 0.43610643242382363)	(122, 0.44130301391566207)	(124, 0.4467493699965176)	(126, 0.4521851424083469)	(128, 0.45739230756921145)	(130, 0.4630101190882906)	(132, 0.4689115729372704)	(134, 0.47446799917599786)	(136, 0.47912269681369757)	(138, 0.48390016501210054)
GW_M1_R2 - polya	(1, 0.0014478459227769786)	(2, 0.0106048363641998)	(3, 0.014965308002972572)	(4, 0.02009627074684888)	(5, 0.02736090116639653)	(6, 0.034197951357287815)	(7, 0.041047701951010485)	(8, 0.052249457248285)	(9, 0.06484402338940053)	(10, 0.08139899848010046)	(12, 0.09955845779516434)	(14, 0.11759514654952492)	(16, 0.13566358631096395)	(18, 0.15311605653508117)	(20, 0.16952497699322028)	(22, 0.1837917628404671)	(24, 0.19901954583528814)	(26, 0.2122046807080627)	(28, 0.22352920656604053)	(30, 0.23439440118828356)	(32, 0.24474311276205057)	(34, 0.25462614289866714)	(36, 0.2658617659368253)	(38, 0.2762972635966068)	(40, 0.28585431672721795)	(42, 0.2980721042510026)	(44, 0.3080080527327499)	(46, 0.317397883892748)	(48, 0.32678771505274606)	(50, 0.33430635352892124)	(52, 0.34168952104156175)	(54, 0.3491065562950859)	(56, 0.3568982534321357)	(58, 0.36400836228390154)	(60, 0.3713788293937107)	(62, 0.3785968916695433)	(64, 0.38541489125618755)	(66, 0.39198946645523036)	(68, 0.3993048984861035)	(70, 0.4062858865757504)	(72, 0.41277579242258405)	(74, 0.419204312989066)	(76, 0.42670178412718895)	(78, 0.4324190821351138)	(80, 0.43867614726337223)	(82, 0.4450686833551653)	(84, 0.4511500595775897)	(86, 0.45667261807543347)	(88, 0.4622904295945125)	(90, 0.4679590427249172)	(92, 0.47351758569744984)	(94, 0.47982756917083896)	(96, 0.4853331937982409)	(98, 0.491283332524741)	(100, 0.4970429652087705)	(102, 0.5026565432602392)	(104, 0.5078806422915456)	(106, 0.5133841501851422)	(108, 0.5194274251990725)	(110, 0.524626123424716)	(112, 0.529947592211063)	(114, 0.5353431466805931)	(116, 0.5400444124620079)	(118, 0.5451626748030527)	(120, 0.5500777306987956)	(122, 0.5553187636005439)	(124, 0.5610487620113)	(126, 0.5664421997470249)	(128, 0.5712874034271953)	(130, 0.5765855881416847)	(132, 0.5817144341517557)	(134, 0.5865511708967052)	(136, 0.5911317828512218)	(138, 0.5954118186053958)
GW_M2_R1 - polya	(1, 0.0009415408412244835)	(2, 0.009930661077324375)	(3, 0.013466999512474601)	(4, 0.01717756007178841)	(5, 0.02050260784571897)	(6, 0.02362007181213547)	(7, 0.026685639826673452)	(8, 0.03310220359108125)	(9, 0.04013781192432562)	(10, 0.049186241819715246)	(12, 0.0591076357627756)	(14, 0.06971109078766785)	(16, 0.08001799751611147)	(18, 0.09098101735044772)	(20, 0.10098396207503146)	(22, 0.11007872764174119)	(24, 0.12001309557277118)	(26, 0.1292802298367917)	(28, 0.13744086826968815)	(30, 0.1453735351996897)	(32, 0.1534303817288291)	(34, 0.16104055238644277)	(36, 0.16949773911578786)	(38, 0.17756941305974971)	(40, 0.18470881329675115)	(42, 0.1948674458769704)	(44, 0.20266481264671726)	(46, 0.21041955059884965)	(48, 0.2184523025789026)	(50, 0.22511722554158614)	(52, 0.2319619309089917)	(54, 0.2383006507455817)	(56, 0.24490441062212273)	(58, 0.2519900614803928)	(60, 0.25846593490409037)	(62, 0.2653124936983487)	(64, 0.27228693894545053)	(66, 0.27884065629696586)	(68, 0.2852850214641657)	(70, 0.2916089138859333)	(72, 0.2972804000555138)	(74, 0.3030464109945874)	(76, 0.30939625139229426)	(78, 0.3153438981629426)	(80, 0.32199028685709813)	(82, 0.3275857825257137)	(84, 0.3333684743064625)	(86, 0.3391381920992417)	(88, 0.3446391629983642)	(90, 0.3503681054003817)	(92, 0.35651592227113293)	(94, 0.3629195120475711)	(96, 0.36898021785624047)	(98, 0.3754764789753189)	(100, 0.38152606422287144)	(102, 0.38820210774667185)	(104, 0.39407747087006084)	(106, 0.3998082666989311)	(108, 0.40593198902059585)	(110, 0.41192041118200595)	(112, 0.4180015046860562)	(114, 0.42368411141675355)	(116, 0.42914616035196723)	(118, 0.4347842848381973)	(120, 0.44019629124838533)	(122, 0.4462088079588818)	(124, 0.45210455877765165)	(126, 0.458259789355814)	(128, 0.46395722350133384)	(130, 0.4699345251016271)	(132, 0.4767514290662406)	(134, 0.4826286456164824)	(136, 0.48767738036352076)	(138, 0.49269275342720864)
GW_M2_R2 - polya	(1, 0.0011120561116824607)	(2, 0.010679445525857232)	(3, 0.015257409852283363)	(4, 0.020906654899630263)	(5, 0.027601232691958678)	(6, 0.03394736623595992)	(7, 0.04024160382808265)	(8, 0.051106392039220294)	(9, 0.06354288622153581)	(10, 0.0796269244501698)	(12, 0.09734753858982981)	(14, 0.11533689962314642)	(16, 0.132229031959603)	(18, 0.1489117270616927)	(20, 0.1645398222845369)	(22, 0.17772139406167967)	(24, 0.1912532635140024)	(26, 0.20361562062220578)	(28, 0.21466945837232942)	(30, 0.22478546213493422)	(32, 0.2348125014086044)	(34, 0.24403886028186322)	(36, 0.25436430127883486)	(38, 0.26443952965067796)	(40, 0.2734379170210419)	(42, 0.2852979954521353)	(44, 0.2949395219404223)	(46, 0.3044160934388096)	(48, 0.31393344032795867)	(50, 0.32195321832004203)	(52, 0.3297394645286721)	(54, 0.33691964015643516)	(56, 0.3438736977081561)	(58, 0.35162287537973014)	(60, 0.35855839866292305)	(62, 0.3656106878378427)	(64, 0.37273340723316883)	(66, 0.37982091151829167)	(68, 0.3868583732783889)	(70, 0.39380687054955144)	(72, 0.4004736469390878)	(74, 0.4070218040100447)	(76, 0.4138961642070951)	(78, 0.420444321278052)	(80, 0.4272908800723103)	(82, 0.4331921911716386)	(84, 0.4393066463590393)	(86, 0.44523761228801245)	(88, 0.45063108442967237)	(90, 0.455772490519351)	(92, 0.46167936189923764)	(94, 0.46793282410059867)	(96, 0.4736932747591138)	(98, 0.4799411766799164)	(100, 0.48571274789954844)	(102, 0.49186797847771085)	(104, 0.4973856302185087)	(106, 0.5032090973900192)	(108, 0.5092142003931044)	(110, 0.5149338756608579)	(112, 0.5204051917303356)	(114, 0.5258153447136708)	(116, 0.5312495922460924)	(118, 0.5368969838665865)	(120, 0.5424665315592627)	(122, 0.5480397861056447)	(124, 0.5539466574855314)	(126, 0.5599943893062311)	(128, 0.5651005802857065)	(130, 0.5708536172368104)	(132, 0.5768957887769517)	(134, 0.5824449487742472)	(136, 0.587065541918288)	(138, 0.5918455297716697)
GW_M3_R1 - polya	(1, 0.0008211841735886734)	(2, 0.009129635812250545)	(3, 0.01320954632175445)	(4, 0.01671351318009888)	(5, 0.01986076655127357)	(6, 0.023078619466783936)	(7, 0.026786953427152697)	(8, 0.033482762842568035)	(9, 0.04107778750689042)	(10, 0.05005693481674123)	(12, 0.058933898575579874)	(14, 0.06845740552991367)	(16, 0.07838964668829614)	(18, 0.08969486319573297)	(20, 0.10024392142567977)	(22, 0.10923978968024166)	(24, 0.11936710852692008)	(26, 0.12824593016850439)	(28, 0.1361382160721349)	(30, 0.14392831842475323)	(32, 0.15181688856289238)	(34, 0.15909049951221288)	(36, 0.167174147338648)	(38, 0.1747301564653112)	(40, 0.18179196878162465)	(42, 0.1901561569026568)	(44, 0.1974985095135673)	(46, 0.20561931499491592)	(48, 0.21407453937048615)	(50, 0.22100444201185665)	(52, 0.22753489986290681)	(54, 0.23412666784456432)	(56, 0.24081690361174263)	(58, 0.24707239481643284)	(60, 0.25350810064745355)	(62, 0.2600106902573186)	(64, 0.26648355374325283)	(66, 0.2727353291824517)	(68, 0.27933267081234625)	(70, 0.28554543071388583)	(72, 0.29196255771744983)	(74, 0.2980285448820811)	(76, 0.3043156200934478)	(78, 0.3098428212618331)	(80, 0.31572116226915115)	(82, 0.3213171050991264)	(84, 0.32660835515881087)	(86, 0.33192375769418914)	(88, 0.33747511133826824)	(90, 0.342753356218733)	(92, 0.3485369452060215)	(94, 0.35440785468235686)	(96, 0.35971768356949807)	(98, 0.36510554353195773)	(100, 0.37071449154115277)	(102, 0.37614508280676295)	(104, 0.38144190651468446)	(106, 0.38653064735509024)	(108, 0.39248887732047233)	(110, 0.3979770629511984)	(112, 0.4028818733997824)	(114, 0.4084146482164047)	(116, 0.4135275415325043)	(118, 0.41898414315655397)	(120, 0.4243441348778284)	(122, 0.4300942819756948)	(124, 0.43548957346913714)	(126, 0.44071579763272295)	(128, 0.44573951257703015)	(130, 0.45118125113911434)	(132, 0.4566620052388578)	(134, 0.46212418051114446)	(136, 0.4672073477033132)	(138, 0.4720304113110874)
GW_M3_R2 - polya	(1, 0.0011704661297757108)	(2, 0.010835172172780867)	(3, 0.015145460142748562)	(4, 0.02143253535411524)	(5, 0.029807870771621437)	(6, 0.03755152605559788)	(7, 0.045666757888709476)	(8, 0.05805883580236661)	(9, 0.0720301140498481)	(10, 0.09063680974779056)	(12, 0.11053473395397764)	(14, 0.13092128132227746)	(16, 0.15103286204421723)	(18, 0.17042172637808917)	(20, 0.18821095366793428)	(22, 0.20334340863146314)	(24, 0.21881771402019629)	(26, 0.23304723796932675)	(28, 0.2452832537323471)	(30, 0.25686901053438094)	(32, 0.26730288003409586)	(34, 0.27779805966441806)	(36, 0.28837312825280437)	(38, 0.2979207876828319)	(40, 0.3070950126809787)	(42, 0.3172483418860965)	(44, 0.3264151353532606)	(46, 0.3358587533495303)	(48, 0.3455829116403971)	(50, 0.3535866705087682)	(52, 0.3612820208413571)	(54, 0.36852404778400105)	(56, 0.3758422479192178)	(58, 0.3834298410525575)	(60, 0.39064771551950767)	(62, 0.3979919260131638)	(64, 0.4049589863094478)	(66, 0.41216571347992403)	(68, 0.41941145618805936)	(70, 0.4261815809133017)	(72, 0.4326377234545249)	(74, 0.43961778893002856)	(76, 0.44678735844559125)	(78, 0.4527771724176498)	(80, 0.4593466458063592)	(82, 0.46530116000624994)	(84, 0.4709305447256474)	(86, 0.47654135061758807)	(88, 0.4821298619165807)	(90, 0.4873635176111492)	(92, 0.49308765435057617)	(94, 0.4991759361081555)	(96, 0.5049892512193749)	(98, 0.5105015893257948)	(100, 0.5160102116667233)	(102, 0.521202993940887)	(104, 0.5268305207775388)	(106, 0.5322406753329465)	(108, 0.5379053598245118)	(110, 0.5429457957135301)	(112, 0.5480512574986469)	(114, 0.5534744172332745)	(116, 0.5582733283653549)	(118, 0.5635404259493455)	(120, 0.5685121201767738)	(122, 0.573546982417555)	(124, 0.5786115707822671)	(126, 0.5838229318838875)	(128, 0.5885010806374991)	(130, 0.5934263277962855)	(132, 0.5985596578225874)	(134, 0.6035480729947267)	(136, 0.6078286348407637)	(138, 0.6121612174036795)
GW_P1_R1 - polya	(1, 0.000997055810635667)	(2, 0.010676502731405283)	(3, 0.014762975999083583)	(4, 0.018860365936221396)	(5, 0.022699394696150697)	(6, 0.02632009006688971)	(7, 0.030115452148980953)	(8, 0.03716762061982739)	(9, 0.04531145603662528)	(10, 0.05551854198127143)	(12, 0.06595305853965747)	(14, 0.07683515854588362)	(16, 0.08800291140296707)	(18, 0.10109199808492506)	(20, 0.11347332069692455)	(22, 0.12394604559841889)	(24, 0.135099242896223)	(26, 0.14622150963055844)	(28, 0.15568444260704767)	(30, 0.16521833393502378)	(32, 0.17437196127682675)	(34, 0.1829597412516449)	(36, 0.19335241057710284)	(38, 0.20287356579070948)	(40, 0.21173972083674525)	(42, 0.22435029350739452)	(44, 0.2341279904532998)	(46, 0.2436946317896544)	(48, 0.2530065508386204)	(50, 0.26099755288298504)	(52, 0.26868470762739327)	(54, 0.27617172343171037)	(56, 0.2839225587479657)	(58, 0.29201726915219584)	(60, 0.2997189794558833)	(62, 0.3077027037206084)	(64, 0.3154499001470439)	(66, 0.3226730964394227)	(68, 0.3302365289299564)	(70, 0.3372359334984152)	(72, 0.34383506018669174)	(74, 0.3506980063869066)	(76, 0.3584743139319009)	(78, 0.364926065582474)	(80, 0.372032817400618)	(82, 0.378555527402678)	(84, 0.3850855151843776)	(86, 0.3915481835044103)	(88, 0.3979326156933164)	(90, 0.4040677839295636)	(92, 0.41079609120644445)	(94, 0.41766631518629893)	(96, 0.42405620570993485)	(98, 0.4306298601694726)	(100, 0.4367977784140983)	(102, 0.44292566887070584)	(104, 0.4495975733553792)	(106, 0.4559528944257266)	(108, 0.46320520183666414)	(110, 0.4692694117214245)	(112, 0.47512802433136403)	(114, 0.4817307899094604)	(116, 0.4877749859002117)	(118, 0.493728209645467)	(120, 0.5002745724313559)	(122, 0.5065771295993156)	(124, 0.5131671590630427)	(126, 0.5190530633466309)	(128, 0.5249680787487779)	(130, 0.5315417332083157)	(132, 0.5377351236816803)	(134, 0.5434663751479254)	(136, 0.5490720849153862)	(138, 0.5546450446744684)
GW_P1_R2 - polya	(1, 0.0011498891830688716)	(2, 0.011200502865461983)	(3, 0.01600383742764841)	(4, 0.022379172392004938)	(5, 0.0305484800375417)	(6, 0.038135565311904346)	(7, 0.04591915063653826)	(8, 0.05802209817732012)	(9, 0.07149326829036114)	(10, 0.09034635644694286)	(12, 0.11030930599857523)	(14, 0.13095454739142726)	(16, 0.15123953869211532)	(18, 0.17129709937906346)	(20, 0.19011379863744682)	(22, 0.2059247749046438)	(24, 0.2222615707508074)	(26, 0.2370645745379092)	(28, 0.25005541119473157)	(30, 0.2629752895000671)	(32, 0.27481077863909087)	(34, 0.28571107309441623)	(36, 0.2979704928974511)	(38, 0.3092928985718777)	(40, 0.31962734566021817)	(42, 0.3337880853941185)	(44, 0.3450795605050765)	(46, 0.3558743271556265)	(48, 0.36671821881874433)	(50, 0.37581908225815963)	(52, 0.38437047333477947)	(54, 0.3923505587096846)	(56, 0.40109299150184585)	(58, 0.4095315769940507)	(60, 0.4180574958419316)	(62, 0.4262832062796758)	(64, 0.4343014999976893)	(66, 0.44184855748403373)	(68, 0.4496084900248387)	(70, 0.4571537280662732)	(72, 0.4649937161831146)	(74, 0.472249662483872)	(76, 0.4801769839563895)	(78, 0.48675245786083715)	(80, 0.49388832079753986)	(82, 0.5003928363505006)	(84, 0.5071611714153996)	(86, 0.5137621175485863)	(88, 0.5204613137069083)	(90, 0.5264854958036504)	(92, 0.5327662196326912)	(94, 0.5394090129988058)	(96, 0.5459717507888839)	(98, 0.5521305718089602)	(100, 0.5583530734008835)	(102, 0.5649467417544303)	(104, 0.5714221461888325)	(106, 0.5778884533986849)	(108, 0.5846222190102954)	(110, 0.5906081927639293)	(112, 0.596686958207969)	(114, 0.6029986126004784)	(116, 0.6086916557236153)	(118, 0.6148140878454931)	(120, 0.6205799087650267)	(122, 0.6264221463707769)	(124, 0.632402661789681)	(126, 0.638226704946332)	(128, 0.6437996647054143)	(130, 0.6494854300489115)	(132, 0.6557952649965109)	(134, 0.6614755720052783)	(136, 0.6665281705201236)	(138, 0.6716844773948343)
GW_P2_R1 - polya	(1, 0.0011455964066296883)	(2, 0.011114722583471019)	(3, 0.015420865104845024)	(4, 0.019609198066672006)	(5, 0.023643159881506334)	(6, 0.027303381024674236)	(7, 0.03100422615389284)	(8, 0.03868215951747479)	(9, 0.04723757097975183)	(10, 0.057996833685279234)	(12, 0.06805127023282703)	(14, 0.07953160869075433)	(16, 0.09129225265243146)	(18, 0.1041070890521242)	(20, 0.1162739728743083)	(22, 0.1267894916635315)	(24, 0.13786359026095182)	(26, 0.14868582014485782)	(28, 0.15858385434611044)	(30, 0.16823814463105885)	(32, 0.17770962697877912)	(34, 0.18645190877688939)	(36, 0.19651040772304224)	(38, 0.20572799015794566)	(40, 0.21419199765160862)	(42, 0.2260135775923618)	(44, 0.23582223902430285)	(46, 0.24530590856783835)	(48, 0.2545844269818178)	(50, 0.26234970191540874)	(52, 0.2702145056148239)	(54, 0.27814024529331516)	(56, 0.28601926738784805)	(58, 0.2942090629756688)	(60, 0.3019093395315786)	(62, 0.3097111760526152)	(64, 0.3174094214092225)	(66, 0.3247806436781217)	(68, 0.3324992010277543)	(70, 0.3398399553071155)	(72, 0.34695930886250037)	(74, 0.35419240957882714)	(76, 0.36201455809288907)	(78, 0.3687134533926492)	(80, 0.37529047673425725)	(82, 0.3818634376772603)	(84, 0.38813171872488295)	(86, 0.39432281419900933)	(88, 0.4007373415964146)	(90, 0.40681062751099395)	(92, 0.4131906245202561)	(94, 0.4199382686032771)	(96, 0.42594046254226775)	(98, 0.43182484692171136)	(100, 0.43843233825285743)	(102, 0.44483264725514493)	(104, 0.45109483470486006)	(106, 0.45762920286111486)	(108, 0.4644499701190271)	(110, 0.47050497523988366)	(112, 0.47638935961932727)	(114, 0.48227171279946834)	(116, 0.48789407246888494)	(118, 0.494178603110928)	(120, 0.5000264259029259)	(122, 0.5062012717826321)	(124, 0.5125711127953816)	(126, 0.5187764266646258)	(128, 0.5245755006733628)	(130, 0.5307056601684133)	(132, 0.5371689363490793)	(134, 0.5432462846622638)	(136, 0.5486228692160737)	(138, 0.5540685145461697)
GW_P2_R2 - polya	(1, 0.001218719581520945)	(2, 0.011183783359757206)	(3, 0.015416802706239954)	(4, 0.020746669676091553)	(5, 0.02702307552092442)	(6, 0.033266982176916725)	(7, 0.039547450420354666)	(8, 0.04941095423346418)	(9, 0.061212222181191996)	(10, 0.07677527123721446)	(12, 0.0931223632240154)	(14, 0.1097456983159611)	(16, 0.12718151312892076)	(18, 0.14475951189305786)	(20, 0.16060896005073771)	(22, 0.17451048807728664)	(24, 0.18917777824089121)	(26, 0.20249635206761263)	(28, 0.21458198791769534)	(30, 0.22606232637562262)	(32, 0.23706127059884913)	(34, 0.24715429993314508)	(36, 0.2586610439820054)	(38, 0.269375620302877)	(40, 0.27936302727344114)	(42, 0.29308987215997206)	(44, 0.3045864602123196)	(46, 0.31536400371156986)	(48, 0.32600139445894516)	(50, 0.33428868761328756)	(52, 0.34267550953345427)	(54, 0.3512065466041009)	(56, 0.3594247789821571)	(58, 0.36755363859090184)	(60, 0.3756093750247552)	(62, 0.3836894858502391)	(64, 0.39176756547642044)	(66, 0.39977455312701304)	(68, 0.4073976441094266)	(70, 0.41467746240971165)	(72, 0.4218130655595168)	(74, 0.4289608559051371)	(76, 0.4367972228143168)	(78, 0.44379470441154956)	(80, 0.45110295950207013)	(82, 0.45772263802903146)	(84, 0.4644134085315814)	(86, 0.4709112151003906)	(88, 0.4773562104873339)	(90, 0.48361839793704897)	(92, 0.4900877677156227)	(94, 0.4967947878125929)	(96, 0.5032722823883768)	(98, 0.509599468215773)	(100, 0.5162049283476166)	(102, 0.5225564885666432)	(104, 0.5286886792609962)	(106, 0.5347193099902222)	(108, 0.5414953908634788)	(110, 0.5473736816450147)	(112, 0.5526832366218409)	(114, 0.5587829281273533)	(116, 0.5647830908670415)	(118, 0.5702957657741211)	(120, 0.5760643717933203)	(122, 0.5821945312883706)	(124, 0.5885684346997251)	(126, 0.5943634463098573)	(128, 0.5998883084127522)	(130, 0.605723944008935)	(132, 0.6117037947555978)	(134, 0.617411464795721)	(136, 0.6226478965976558)	(138, 0.6276121476930512)
GW_P3_R1 - polya	(1, 0.0012669635613147229)	(2, 0.011924866492644655)	(3, 0.016449124885582703)	(4, 0.020947701584710317)	(5, 0.024718630292542315)	(6, 0.028682171703952562)	(7, 0.032435979282577604)	(8, 0.03999067754514681)	(9, 0.048662529488469886)	(10, 0.05963503316897763)	(12, 0.06989272970509497)	(14, 0.08117341371132791)	(16, 0.09289496679463997)	(18, 0.10605683487248718)	(20, 0.11860662258118572)	(22, 0.12940149454617128)	(24, 0.14146118993132073)	(26, 0.1526348668800102)	(28, 0.1625116182912728)	(30, 0.1722171584104658)	(32, 0.18152677241674797)	(34, 0.19030777155876538)	(36, 0.20083084559759054)	(38, 0.2109194709827892)	(40, 0.21982459831155704)	(42, 0.23286875862610643)	(44, 0.24306011078654682)	(46, 0.2525387959437477)	(48, 0.26245835017802766)	(50, 0.2704153949769603)	(52, 0.27793799112226647)	(54, 0.2857131239233752)	(56, 0.2937386532391357)	(58, 0.3016058121097319)	(60, 0.30932530124091806)	(62, 0.317162498135402)	(64, 0.32483062387896733)	(66, 0.3325950559743217)	(68, 0.3403744690577323)	(70, 0.3477814975808915)	(72, 0.35456574502914767)	(74, 0.3611231375154117)	(76, 0.36882764565854176)	(78, 0.375397878991711)	(80, 0.382612294811292)	(82, 0.38930665633121164)	(84, 0.39576988260683743)	(86, 0.4022331088824632)	(88, 0.40859574852399816)	(90, 0.4145410606411135)	(92, 0.42139593274734843)	(94, 0.4284327168514072)	(96, 0.43478465578718783)	(98, 0.4409546827251445)	(100, 0.4477560513026076)	(102, 0.4543006029419664)	(104, 0.4608280334521183)	(106, 0.4673383428330632)	(108, 0.47383153108480114)	(110, 0.4803825031476126)	(112, 0.48664027587275493)	(114, 0.49324689160548896)	(116, 0.49923286640447084)	(118, 0.5053665109428627)	(120, 0.5114059892706164)	(122, 0.5176744627015131)	(124, 0.5238851523213361)	(126, 0.5299781341778615)	(128, 0.5357543751440582)	(130, 0.5422539838192488)	(132, 0.5485224572501455)	(134, 0.5545341137429378)	(136, 0.5602932335799276)	(138, 0.5657420329500411)
GW_P3_R2 - polya	(1, 0.001433894571082541)	(2, 0.012673915895448968)	(3, 0.017609081389353954)	(4, 0.023888255526004962)	(5, 0.0313915904009533)	(6, 0.038184398413812985)	(7, 0.045328189575415255)	(8, 0.05711180675210253)	(9, 0.07019662974851844)	(10, 0.08706522229967155)	(12, 0.10466146284212029)	(14, 0.12319080492634811)	(16, 0.14127071736889335)	(18, 0.15990706651066464)	(20, 0.1770752788229395)	(22, 0.19238798875741053)	(24, 0.20830421849642672)	(26, 0.22283791705198125)	(28, 0.23591417948379367)	(30, 0.24861591721420395)	(32, 0.2601063350532221)	(34, 0.2710938197217859)	(36, 0.2835772630548075)	(38, 0.294406377278207)	(40, 0.3051199238794595)	(42, 0.3196557625761649)	(44, 0.33153140582233964)	(46, 0.342131524942596)	(48, 0.3531254300346125)	(50, 0.3614741206641543)	(52, 0.3701438324663265)	(54, 0.37880498370389526)	(56, 0.3876352060923826)	(58, 0.3958897305112862)	(60, 0.40379541192259794)	(62, 0.4119707511189193)	(64, 0.42006048466920587)	(66, 0.4277542921065816)	(68, 0.4358911087621873)	(70, 0.4437518472093308)	(72, 0.451126773615227)	(74, 0.458848402887564)	(76, 0.4666791793585954)	(78, 0.47343346483073945)	(80, 0.48059865740385044)	(82, 0.48726091680650707)	(84, 0.493852551551185)	(86, 0.5003842623436386)	(88, 0.5068710301719239)	(90, 0.5129661521696002)	(92, 0.5197182975005934)	(94, 0.5264362005731726)	(96, 0.5329593508010227)	(98, 0.5396836742970545)	(100, 0.5462389266421677)	(102, 0.5525395021903274)	(104, 0.559221022863342)	(106, 0.5652112779446256)	(108, 0.5721132331561796)	(110, 0.5780970678140107)	(112, 0.5839054108974704)	(114, 0.5898507230145857)	(116, 0.5950362850231424)	(118, 0.6007140794963991)	(120, 0.6067471374007001)	(122, 0.6125982833071772)	(124, 0.6186570229052887)	(126, 0.6245488314936323)	(128, 0.6301538611677595)	(130, 0.6360863324379696)	(132, 0.6419203572152398)	(134, 0.6474804439251987)	(136, 0.652753751720941)	(138, 0.6580056581051746)
YR_M1_R1 - polya	(1, 0.001174752087858832)	(2, 0.012326130115891924)	(3, 0.016832268721559383)	(4, 0.020864999769432985)	(5, 0.02530977072871976)	(6, 0.029566055345551574)	(7, 0.033620703409989704)	(8, 0.04104618862205262)	(9, 0.05006723264001335)	(10, 0.060666301850620274)	(12, 0.07123030383472395)	(14, 0.08353670863570781)	(16, 0.0966759600661438)	(18, 0.11013519993842194)	(20, 0.12316267458437885)	(22, 0.13451788086646208)	(24, 0.1455180314801999)	(26, 0.1560206658179229)	(28, 0.16581538052061157)	(30, 0.17582269028397615)	(32, 0.18556480414690996)	(34, 0.19477871791063855)	(36, 0.20436083755265125)	(38, 0.21395172400128976)	(40, 0.2224095006935421)	(42, 0.23294720225776833)	(44, 0.24227508450763247)	(46, 0.25197555603909366)	(48, 0.2610207087752754)	(50, 0.26916288042899844)	(52, 0.27734450271253763)	(54, 0.2854669490513526)	(56, 0.29357186177691597)	(58, 0.30194197040291015)	(60, 0.3098671635926443)	(62, 0.31788221655029314)	(64, 0.32590165291125484)	(66, 0.3332372783554032)	(68, 0.3406167378326806)	(70, 0.3479764719950499)	(72, 0.3551915538480933)	(74, 0.36270689882807083)	(76, 0.3703581293107484)	(78, 0.3771217206225625)	(80, 0.3844310456468334)	(82, 0.39111135229570226)	(84, 0.3980700050549407)	(86, 0.40518865203510024)	(88, 0.411568695557035)	(90, 0.4183739292003217)	(92, 0.4255342185119538)	(94, 0.4327690256799053)	(96, 0.4395896012347872)	(98, 0.4467038648116337)	(100, 0.45383127859841904)	(102, 0.46039542505949593)	(104, 0.46695299641560345)	(106, 0.47378672218042406)	(108, 0.48144014436475807)	(110, 0.488304553952769)	(112, 0.4948358248889991)	(114, 0.5008914965657789)	(116, 0.5066578636239067)	(118, 0.5128691461182947)	(120, 0.5190146775629891)	(122, 0.5249717226652284)	(124, 0.5309419179774065)	(126, 0.5366995182289087)	(128, 0.5425338280383867)	(130, 0.5482475942567597)	(132, 0.554493943977651)	(134, 0.5608805626045551)	(136, 0.5665526864914556)	(138, 0.5722554942015464)
YR_M1_R2 - polya	(1, 0.0013369380104363573)	(2, 0.012738170027305096)	(3, 0.01830509223469583)	(4, 0.024880197204054964)	(5, 0.03351111832716706)	(6, 0.04047196278806192)	(7, 0.04755992594503107)	(8, 0.059794004591351965)	(9, 0.07359734162369325)	(10, 0.09168764709605667)	(12, 0.11015273355167357)	(14, 0.1291854707363118)	(16, 0.14850751253960187)	(18, 0.16802461579031622)	(20, 0.1861127295610232)	(22, 0.20196969104546098)	(24, 0.21686230380105942)	(26, 0.23019223327560684)	(28, 0.24286246055156188)	(30, 0.25540118572812975)	(32, 0.2670698053470858)	(34, 0.27813789871217365)	(36, 0.28982405194438127)	(38, 0.30041873775167527)	(40, 0.31005784163675576)	(42, 0.3215555085265085)	(44, 0.3321940283669315)	(46, 0.3432445881187678)	(48, 0.35355216100906645)	(50, 0.36248334525911263)	(52, 0.371497814172104)	(54, 0.3803150299360146)	(56, 0.38881225725808305)	(58, 0.3974081111546919)	(60, 0.4049431814495774)	(62, 0.4136420453240396)	(64, 0.4219376360937144)	(66, 0.42973790228903075)	(68, 0.437522826572752)	(70, 0.44478612586223737)	(72, 0.45216777704117117)	(74, 0.4599351677116408)	(76, 0.4678932364262218)	(78, 0.4752661207985298)	(80, 0.4828099579000412)	(82, 0.48990011275866685)	(84, 0.49695520039078916)	(86, 0.5040891892825439)	(88, 0.5110105831136225)	(90, 0.5176799312542091)	(92, 0.5247481690962703)	(94, 0.5315512110379005)	(96, 0.5383849368027211)	(98, 0.5455167339928193)	(100, 0.5521970406416881)	(102, 0.5587831041193296)	(104, 0.5652595825141483)	(106, 0.5716462011410525)	(108, 0.5791637378226864)	(110, 0.5858002104384262)	(112, 0.5920093012311577)	(114, 0.5979729214383664)	(116, 0.6037524387064331)	(118, 0.6094223708916772)	(120, 0.6153224317508488)	(122, 0.6210077058476879)	(124, 0.6271357036791306)	(126, 0.6325404399639438)	(128, 0.638041611121641)	(130, 0.6437071599035722)	(132, 0.649293807425871)	(134, 0.655060174483999)	(136, 0.6600988965921845)	(138, 0.6655956843465687)
YR_M2_R1 - polya	(1, 0.00108521747095879)	(2, 0.01156141132446648)	(3, 0.015731380819174273)	(4, 0.019559549535627326)	(5, 0.02380215169571425)	(6, 0.027455147513311753)	(7, 0.03107396325308378)	(8, 0.038529492728765234)	(9, 0.046809616581986235)	(10, 0.05731144549386303)	(12, 0.06815507518399457)	(14, 0.08005615103185168)	(16, 0.09306167064444443)	(18, 0.10649230497499151)	(20, 0.11870313777814198)	(22, 0.1297475754254982)	(24, 0.14051002743079422)	(26, 0.14998645400790678)	(28, 0.1599435379294401)	(30, 0.16945414458437816)	(32, 0.17839009868087544)	(34, 0.18748627189217965)	(36, 0.19756939485069436)	(38, 0.20679801586357227)	(40, 0.21478974531014083)	(42, 0.22478955432895598)	(44, 0.23384086618811423)	(46, 0.24366336605320976)	(48, 0.2528855783014954)	(50, 0.2606423197130138)	(52, 0.2680188077587239)	(54, 0.2761216224582252)	(56, 0.28418812082503697)	(58, 0.2920644925089446)	(60, 0.2998789128017935)	(62, 0.30793259363942077)	(64, 0.3159435493797662)	(66, 0.3232089521725434)	(68, 0.33059398523770983)	(70, 0.33801106212583765)	(72, 0.34504147688356474)	(74, 0.3523047434214779)	(76, 0.36007002985245273)	(78, 0.3667394175381483)	(80, 0.3741821294846452)	(82, 0.38075538570145656)	(84, 0.38754226740467723)	(86, 0.3945491833588993)	(88, 0.40159668815553917)	(90, 0.4081955794307197)	(92, 0.4146769766883751)	(94, 0.42185052052199645)	(96, 0.42850709067850745)	(98, 0.4354392377124863)	(100, 0.4423713847464652)	(102, 0.44917962899832675)	(104, 0.455981464485596)	(106, 0.46297129040090534)	(108, 0.47150990109268154)	(110, 0.47831387283481486)	(112, 0.48477818005355766)	(114, 0.4909861366886093)	(116, 0.49685656505513437)	(118, 0.503246103353634)	(120, 0.5093814273233064)	(122, 0.5154761624505613)	(124, 0.5215708975778159)	(126, 0.5273046056330393)	(128, 0.5338095016941997)	(130, 0.5398422854303957)	(132, 0.5461805536121571)	(134, 0.5522603349553632)	(136, 0.5579854979911301)	(138, 0.563900787709801)
YR_M2_R2 - polya	(1, 0.001303115467096185)	(2, 0.011950209709731244)	(3, 0.016880685936055826)	(4, 0.02218287050873243)	(5, 0.029241056579692754)	(6, 0.03576090642490186)	(7, 0.042246576192285494)	(8, 0.05303893576567882)	(9, 0.06568556456110408)	(10, 0.08170747604179489)	(12, 0.09873983607320125)	(14, 0.11641093630897115)	(16, 0.13458192018293863)	(18, 0.15191549215018196)	(20, 0.16823861556670977)	(22, 0.18268397095770056)	(24, 0.19644145228245374)	(26, 0.20910944362651993)	(28, 0.2211301497467662)	(30, 0.23257406705370762)	(32, 0.2434305142730237)	(34, 0.2537165814436272)	(36, 0.2644811697037873)	(38, 0.2747544193452063)	(40, 0.2840044029067251)	(42, 0.2946899497369138)	(44, 0.30485638663512815)	(46, 0.3156572912279778)	(48, 0.32574895920594893)	(50, 0.33438583762147334)	(52, 0.34311457499615367)	(54, 0.3518454486256981)	(56, 0.36051437086418386)	(58, 0.36939478233421474)	(60, 0.37779240020496085)	(62, 0.38601911768657954)	(64, 0.39388908060589484)	(66, 0.4015539630582573)	(68, 0.4094986948978159)	(70, 0.417595100832725)	(72, 0.42493313629088136)	(74, 0.4326535613697102)	(76, 0.4406581083454634)	(78, 0.44752189522379127)	(80, 0.45459717133366434)	(82, 0.4612857853131367)	(84, 0.46794876423424)	(86, 0.47514794312623043)	(88, 0.4821954479228703)	(90, 0.48923013519032554)	(92, 0.49634813639748043)	(94, 0.503758804521016)	(96, 0.5108511706698018)	(98, 0.5177619551551398)	(100, 0.524215581099562)	(102, 0.5305132604389056)	(104, 0.536787440974744)	(106, 0.5438798071235298)	(108, 0.5513460178735318)	(110, 0.5579128653257509)	(112, 0.5644968028168827)	(114, 0.5706748518838372)	(116, 0.5764897376238959)	(118, 0.5823281221674595)	(120, 0.5882220493374897)	(122, 0.594028390058092)	(124, 0.5998539570724712)	(126, 0.6057350667133168)	(128, 0.611353417005879)	(130, 0.6170935338256945)	(132, 0.6230921374840652)	(134, 0.6289241132630365)	(136, 0.6342647504232668)	(138, 0.6396822927586044)
YR_M3_R1 - polya	(1, 0.0008443939343345542)	(2, 0.010384339545983029)	(3, 0.014653219991785498)	(4, 0.018512697317910606)	(5, 0.022508642350594837)	(6, 0.025852101161293273)	(7, 0.029502612311749728)	(8, 0.036552022278694266)	(9, 0.04520492779770846)	(10, 0.0555722088803716)	(12, 0.06526994527772906)	(14, 0.07635794643565755)	(16, 0.08868481849219305)	(18, 0.10126117057478193)	(20, 0.11321275643827985)	(22, 0.12411737911551954)	(24, 0.1344782632744377)	(26, 0.14470267972679676)	(28, 0.15470533615599724)	(30, 0.164204767917261)	(32, 0.17336516272004193)	(34, 0.18230592980757926)	(36, 0.19208682621362116)	(38, 0.2010147994536686)	(40, 0.2086761817922142)	(42, 0.21826090587007735)	(44, 0.227310420661279)	(46, 0.23631728929418092)	(48, 0.2453262902349978)	(50, 0.253360826458666)	(52, 0.2613036734419898)	(54, 0.2690567450208798)	(56, 0.2767650381335551)	(58, 0.28485501436301286)	(60, 0.29276161211178187)	(62, 0.3008899698837095)	(64, 0.3082379029587521)	(66, 0.31561995296043444)	(68, 0.3227503906281485)	(70, 0.3296697298122788)	(72, 0.33640569051572045)	(74, 0.34362781742377885)	(76, 0.35120177513781)	(78, 0.35804435123700085)	(80, 0.365304859687529)	(82, 0.3719448665347962)	(84, 0.378798104173562)	(86, 0.3858709695275714)	(88, 0.39259840099935306)	(90, 0.3991723063012556)	(92, 0.4060127500925315)	(94, 0.41301524928534633)	(96, 0.4202437731171497)	(98, 0.4272142876912398)	(100, 0.43405473148251567)	(102, 0.44036849521878996)	(104, 0.4467931389666435)	(106, 0.4537529920011586)	(108, 0.46140797741595924)	(110, 0.4681759227381256)	(112, 0.4738969048740337)	(114, 0.4797991331827156)	(116, 0.48566937687267275)	(118, 0.4918168205915781)	(120, 0.49794507353924855)	(122, 0.5041351634164537)	(124, 0.5104638533081329)	(126, 0.5165302693262688)	(128, 0.5223194853154565)	(130, 0.528287815169503)	(132, 0.5345141542812628)	(134, 0.5404291764374346)	(136, 0.545953986245164)	(138, 0.5515257068270231)
YR_M3_R2 - polya	(1, 0.0013646770655911988)	(2, 0.011424905808496318)	(3, 0.015992309362396862)	(4, 0.02121646375411317)	(5, 0.0283596952693171)	(6, 0.03551145601618098)	(7, 0.04249263212984595)	(8, 0.053909008706682325)	(9, 0.06666021003830008)	(10, 0.08320052253484841)	(12, 0.1012824936539318)	(14, 0.11970350173149799)	(16, 0.13819914058608873)	(18, 0.1558781055092397)	(20, 0.17282142420172042)	(22, 0.18803117655931734)	(24, 0.20183147338510832)	(26, 0.2149558286018487)	(28, 0.22723792219216948)	(30, 0.23934943114929136)	(32, 0.2503350815273005)	(34, 0.26084949185609774)	(36, 0.27173065914627254)	(38, 0.28215551254264026)	(40, 0.2914907565944501)	(42, 0.3023548654213051)	(44, 0.31277971881767275)	(46, 0.3231469999003359)	(48, 0.3337147179270078)	(50, 0.3424699742259413)	(52, 0.35136596284726396)	(54, 0.3601702622282421)	(56, 0.3683391338505545)	(58, 0.3765698424024014)	(60, 0.384843197112548)	(62, 0.3929822164240505)	(64, 0.4014879926969307)	(66, 0.40912165503258147)	(68, 0.4168320804531717)	(70, 0.42470669358321594)	(72, 0.4320098481920438)	(74, 0.43967762745433436)	(76, 0.44744988980445927)	(78, 0.45440121360731445)	(80, 0.46201994978756034)	(82, 0.46899046436165037)	(84, 0.4760484035602548)	(86, 0.48347949664398193)	(88, 0.49071441739953026)	(90, 0.49746743656629167)	(92, 0.5045061849936613)	(94, 0.5117112534383998)	(96, 0.5188480880298587)	(98, 0.5256991933607096)	(100, 0.532456477143301)	(102, 0.5386444347125912)	(104, 0.5450669461525297)	(106, 0.5515001191320432)	(108, 0.5584940890931981)	(110, 0.5649954959259911)	(112, 0.5711706596477913)	(114, 0.5769769341002988)	(116, 0.5824441715943236)	(118, 0.5880052306366077)	(120, 0.5938157697049453)	(122, 0.5996988072423923)	(124, 0.6056607401726939)	(126, 0.6112793715286826)	(128, 0.6172988767726888)	(130, 0.6231328712280912)	(132, 0.6286726071912254)	(134, 0.6341249185298454)	(136, 0.6393874544640314)	(138, 0.6444452888383787)
YR_P1_R1 - polya	(1, 0.0009116649577025261)	(2, 0.008996576631376634)	(3, 0.01242532630156516)	(4, 0.01573400302610506)	(5, 0.019385110003050297)	(6, 0.022836095403914493)	(7, 0.02620703217434627)	(8, 0.03266428836256124)	(9, 0.04017107103866789)	(10, 0.049203224839125606)	(12, 0.05802858634429957)	(14, 0.06835041252394622)	(16, 0.07934375776999814)	(18, 0.09077959405649592)	(20, 0.10025423889739948)	(22, 0.10930418128239774)	(24, 0.11834078222899058)	(26, 0.12780653277762388)	(28, 0.13643844342591951)	(30, 0.14508591908568808)	(32, 0.1533153630087541)	(34, 0.161046726564685)	(36, 0.1696608486284401)	(38, 0.17776354888665474)	(40, 0.18528812014730195)	(42, 0.19357092982398952)	(44, 0.2014890735175961)	(46, 0.21023216281927007)	(48, 0.21803690428643072)	(50, 0.2253257768019158)	(52, 0.23210767465799556)	(54, 0.23892514968315642)	(56, 0.2455625152898443)	(58, 0.2530626272467483)	(60, 0.26006021169038207)	(62, 0.26740022638642114)	(64, 0.27458014382159546)	(66, 0.2808439491529321)	(68, 0.28719447383390384)	(70, 0.29377402654083495)	(72, 0.29987773461130673)	(74, 0.30653733594867033)	(76, 0.31332368095088525)	(78, 0.3192472796028841)	(80, 0.3257267715217747)	(82, 0.33163035801616547)	(84, 0.33733827008061035)	(86, 0.34307953574106864)	(88, 0.3489897929546621)	(90, 0.35503346455230955)	(92, 0.3611171604651733)	(94, 0.36727868143540177)	(96, 0.3737292669044141)	(98, 0.3799908486626831)	(100, 0.386145698913709)	(102, 0.3913933313531674)	(104, 0.3972235399363284)	(106, 0.402922557708503)	(108, 0.40972446772219084)	(110, 0.41545683909037895)	(112, 0.4211313975588103)	(114, 0.4269638297150389)	(116, 0.4321269663779298)	(118, 0.4375391432243882)	(120, 0.44309585232023846)	(122, 0.4485925249432644)	(124, 0.45395800675530396)	(126, 0.4591367084296678)	(128, 0.46453776741078834)	(130, 0.47005889933755757)	(132, 0.47544216973413755)	(134, 0.4808143222653798)	(136, 0.4857995730828653)	(138, 0.49119173777171565)
YR_P1_R2 - polya	(1, 0.001156257995134911)	(2, 0.009467974121700869)	(3, 0.01315465826772718)	(4, 0.017415024265185815)	(5, 0.022515900882184827)	(6, 0.02709201425523799)	(7, 0.032028346465237036)	(8, 0.040517948437208365)	(9, 0.050288328496098364)	(10, 0.06290932922760943)	(12, 0.07555478926286374)	(14, 0.08884953263384765)	(16, 0.10351844416058806)	(18, 0.1178182425581123)	(20, 0.13075054351908277)	(22, 0.1424954564619724)	(24, 0.1538223376681594)	(26, 0.1644910412463465)	(28, 0.1744104007007635)	(30, 0.18450986957365342)	(32, 0.19389334791878676)	(34, 0.20284545308881202)	(36, 0.21187538331620218)	(38, 0.22050284681836269)	(40, 0.22875897361823944)	(42, 0.23735308352438644)	(44, 0.24618956289489824)	(46, 0.2560466623034233)	(48, 0.26486535308939463)	(50, 0.27242105437298775)	(52, 0.2791495864754459)	(54, 0.2865451904981742)	(56, 0.29401861957826736)	(58, 0.30130971566681997)	(60, 0.3084273730561024)	(62, 0.31591192000153334)	(64, 0.32294285804118067)	(66, 0.32968473158204425)	(68, 0.33620202424308354)	(70, 0.34273488191559576)	(72, 0.34884303713220266)	(74, 0.3552936226012149)	(76, 0.36202437827674067)	(78, 0.36826594787740163)	(80, 0.37493221993396786)	(82, 0.3810092451276289)	(84, 0.38691727876815474)	(86, 0.39269634517076174)	(88, 0.39867998029558493)	(90, 0.40445459955205676)	(92, 0.4101936416394475)	(94, 0.4161150167183788)	(96, 0.4218318230750939)	(98, 0.4277665395924306)	(100, 0.43332324868828087)	(102, 0.43859756400455013)	(104, 0.4444922562066706)	(106, 0.4502557575978047)	(108, 0.45661517657104667)	(110, 0.4622563814434645)	(112, 0.4676307575477743)	(114, 0.47280945922213813)	(116, 0.4780037259079749)	(118, 0.4831690861439334)	(120, 0.4883344463798919)	(122, 0.4937088224842016)	(124, 0.49869407330168714)	(126, 0.503625958365551)	(128, 0.5085133719680637)	(130, 0.5135364235276978)	(132, 0.5186817716060481)	(134, 0.5234846894319931)	(136, 0.5281653107392219)	(138, 0.5325813268514104)
YR_P2_R1 - polya	(1, 0.0009393158663868631)	(2, 0.010579207269352504)	(3, 0.014518273805813543)	(4, 0.018162992513176393)	(5, 0.022301176698733265)	(6, 0.025902608960640502)	(7, 0.0295083698670933)	(8, 0.036884380172730234)	(9, 0.04516507718838954)	(10, 0.05560143918773851)	(12, 0.06635812088345903)	(14, 0.07868610054921843)	(16, 0.09156814671680968)	(18, 0.10511680414441743)	(20, 0.11777592511791228)	(22, 0.12886591244364104)	(24, 0.13927413825344387)	(26, 0.15001134104870936)	(28, 0.15997155214804656)	(30, 0.17005512961693228)	(32, 0.17920371986397668)	(34, 0.18819215026283528)	(36, 0.19773681148579858)	(38, 0.20706936912602936)	(40, 0.21493451626531473)	(42, 0.22449649206646027)	(44, 0.2337554627494165)	(46, 0.2440857729573992)	(48, 0.2530071093658016)	(50, 0.26074672581326575)	(52, 0.26855127192891326)	(54, 0.2761220712391005)	(56, 0.28363876249246817)	(58, 0.29127665579311157)	(60, 0.2991980753114893)	(62, 0.3068576118348605)	(64, 0.31470760871823644)	(66, 0.3219494310429609)	(68, 0.329600310277241)	(70, 0.33653047019468507)	(72, 0.3430732164253014)	(74, 0.35013972864593074)	(76, 0.3576932133779357)	(78, 0.36403467763718345)	(80, 0.37089990788644406)	(82, 0.3782802468366266)	(84, 0.3849138946026997)	(86, 0.3910822130801249)	(88, 0.3978825136612022)	(90, 0.40439928802454517)	(92, 0.4111324946151662)	(94, 0.4184717114421659)	(96, 0.4252914909236981)	(98, 0.43216537846204994)	(100, 0.4386258804463006)	(102, 0.44546513882828787)	(104, 0.45211177252799767)	(106, 0.45881684292907254)	(108, 0.4667425910919958)	(110, 0.4733913891139784)	(112, 0.47959217242549534)	(114, 0.48570421852382833)	(116, 0.49120376141896427)	(118, 0.49713184012411094)	(120, 0.5032828440233539)	(122, 0.5096091580266922)	(124, 0.5158878569400291)	(126, 0.5218462361569948)	(128, 0.527579525857591)	(130, 0.5331656416436383)	(132, 0.5394811340356126)	(134, 0.5458312555839515)	(136, 0.5517982920900082)	(138, 0.5575142672124223)
YR_P2_R2 - polya	(1, 0.0012682928518495432)	(2, 0.011133273771184386)	(3, 0.015916425994029933)	(4, 0.02094631095597249)	(5, 0.027144929945216674)	(6, 0.03299292872627037)	(7, 0.03869808223732053)	(8, 0.04822110023755601)	(9, 0.058899866331456434)	(10, 0.07324283003317472)	(12, 0.08845585128855091)	(14, 0.10435496270439859)	(16, 0.12078649739935035)	(18, 0.1381551836384162)	(20, 0.1539850367415349)	(22, 0.16836479392189047)	(24, 0.1814286431603953)	(26, 0.19382371681661092)	(28, 0.20507602831279825)	(30, 0.21716593252855174)	(32, 0.22769103174108474)	(34, 0.23752138350405505)	(36, 0.24868928643160396)	(38, 0.25921222132186417)	(40, 0.26834349699072635)	(42, 0.2787668730564386)	(44, 0.2890625541080568)	(46, 0.3004100957842465)	(48, 0.31023828322494407)	(50, 0.31925701413562163)	(52, 0.32753554682900815)	(54, 0.33551323872647815)	(56, 0.3433870431548547)	(58, 0.3517002050046057)	(60, 0.35961946020071056)	(62, 0.3678352275481864)	(64, 0.375975243616115)	(66, 0.3835741791158484)	(68, 0.3915886644919556)	(70, 0.39902311149895764)	(72, 0.4061848538995893)	(74, 0.4135348923379529)	(76, 0.42123122233996135)	(78, 0.42791897816285396)	(80, 0.4354529839944039)	(82, 0.4422814207650273)	(84, 0.4487440870715508)	(86, 0.4554534861171712)	(88, 0.46244208273598036)	(90, 0.4694609798666085)	(92, 0.4763997970731437)	(94, 0.48306590967330854)	(96, 0.4895870126811971)	(98, 0.49588519049498914)	(100, 0.5020600019392327)	(102, 0.5081612264262018)	(104, 0.514606578154543)	(106, 0.5216709260528996)	(108, 0.5291270162826294)	(110, 0.5352065975468706)	(112, 0.5411000470956526)	(114, 0.5468831162085229)	(116, 0.5522073489995637)	(118, 0.5578475728424304)	(120, 0.5635354117752984)	(122, 0.5692708657981674)	(124, 0.5748894464183063)	(126, 0.580382496346624)	(128, 0.586236988094496)	(130, 0.5918317611696344)	(132, 0.5975260930693207)	(134, 0.6029671992630916)	(136, 0.6081096289832186)	(138, 0.6133061667601654)
YR_P3_R1 - polya	(1, 0.0010116652532369877)	(2, 0.011674146480376587)	(3, 0.015843148407669476)	(4, 0.01950396499845262)	(5, 0.02444936118985762)	(6, 0.02813841029933575)	(7, 0.03186980818685636)	(8, 0.038767953587997867)	(9, 0.047440042247140976)	(10, 0.05828838755568923)	(12, 0.06941435263140486)	(14, 0.08207663726610592)	(16, 0.09508712296471183)	(18, 0.10847404224591757)	(20, 0.12081635833540882)	(22, 0.13186938940449572)	(24, 0.14324709443857497)	(26, 0.15370253719528465)	(28, 0.16353451183081344)	(30, 0.17323708742232352)	(32, 0.18266910137634)	(34, 0.1912306126705944)	(36, 0.2008555488356933)	(38, 0.21038167118535972)	(40, 0.21834088874745441)	(42, 0.22827638261819816)	(44, 0.23763781527547717)	(46, 0.24747214262089717)	(48, 0.2569559161925211)	(50, 0.26504218008874325)	(52, 0.27267201826606313)	(54, 0.2804971313643567)	(56, 0.28835282969123643)	(58, 0.29619911717855124)	(60, 0.3035889789469638)	(62, 0.31125881319243487)	(64, 0.31882042278290856)	(66, 0.32580797115991755)	(68, 0.333282530484415)	(70, 0.34031713305924893)	(72, 0.3471141119350667)	(74, 0.35397226126805703)	(76, 0.3616585644827669)	(78, 0.3680438191276161)	(80, 0.3748949103309327)	(82, 0.38154837390338425)	(84, 0.3882065428956184)	(86, 0.39487647543730875)	(88, 0.4014993537811742)	(90, 0.4082892745273182)	(92, 0.4152580012251972)	(94, 0.4226102196353497)	(96, 0.4298589188102873)	(98, 0.4366582503959964)	(100, 0.4433352410673605)	(102, 0.44965932525503727)	(104, 0.45607751783836403)	(106, 0.4627498030899457)	(108, 0.4701137850495544)	(110, 0.4764378692372312)	(112, 0.48239728339176446)	(114, 0.48801320190217534)	(116, 0.4934973686586763)	(118, 0.4994097286153846)	(120, 0.5051409299104667)	(122, 0.5109191854033738)	(124, 0.5163562979620497)	(126, 0.5219181041449619)	(128, 0.5279033981082989)	(130, 0.5339780950475033)	(132, 0.540130431413119)	(134, 0.5455934237805987)	(136, 0.5508470249677573)	(138, 0.5563029592055633)
YR_P3_R2 - polya	(1, 0.0011810603654069018)	(2, 0.012563470819268637)	(3, 0.01729712312046124)	(4, 0.02219546511404126)	(5, 0.02908419967561777)	(6, 0.035314175467644614)	(7, 0.0412759423320691)	(8, 0.05142553280291646)	(9, 0.06224329288287848)	(10, 0.07714535733404843)	(12, 0.09350139649801015)	(14, 0.11060089198760649)	(16, 0.12855912658750865)	(18, 0.1460538773388348)	(20, 0.1620193666608492)	(22, 0.17596623089617214)	(24, 0.19017189321953243)	(26, 0.20270477881021484)	(28, 0.21471065738525752)	(30, 0.22702944637583627)	(32, 0.23750135810178472)	(34, 0.24756154559676463)	(36, 0.2583957746459654)	(38, 0.26808893939791045)	(40, 0.27730920946171456)	(42, 0.2884539962165602)	(44, 0.2987870980589249)	(46, 0.30997423359181303)	(48, 0.32007912257472665)	(50, 0.32837242494137875)	(52, 0.33646809967716584)	(54, 0.3450884287187015)	(56, 0.35368052524154214)	(58, 0.3620020601268892)	(60, 0.36967189437236025)	(62, 0.3775299454091313)	(64, 0.38587265468349957)	(66, 0.3935566051883182)	(68, 0.4011723271062906)	(70, 0.40836220853394695)	(72, 0.4155332682824733)	(74, 0.4227631457782809)	(76, 0.43033416620831955)	(78, 0.43721348993033105)	(80, 0.4447656886812398)	(82, 0.4517038301505325)	(84, 0.45836670456254913)	(86, 0.46521779576586564)	(88, 0.4714383607183275)	(90, 0.47792478188850046)	(92, 0.48413123058161484)	(94, 0.49099643804427884)	(96, 0.49747580108477807)	(98, 0.5041010321385346)	(100, 0.5106603873153364)	(102, 0.5168550724589945)	(104, 0.5233885478269924)	(106, 0.5299526084235766)	(108, 0.5370366179061268)	(110, 0.5436077366323847)	(112, 0.5498588868134329)	(114, 0.5556818437942735)	(116, 0.5612107120387083)	(118, 0.5665278363929307)	(120, 0.5716261587272667)	(122, 0.5774326467388688)	(124, 0.5829191662052611)	(126, 0.5878786786560135)	(128, 0.5933346128938195)	(130, 0.5985999776304344)	(132, 0.6039923887011767)	(134, 0.6093942106114839)	(136, 0.6145372344337539)	(138, 0.6193908749394001)
