Sample	0	1	2	3	4	5	6	7	8	9	10	11	12	13	14	15	16	17	18	19	20	21	22	23	24	25	26	27	28	29	30	31	32	33	34	35	36	37	38	39	40	41	42	43	44	45	46	47	48	49	50	51	52	53	54	55	56	57	58	59	60	61	62	63	64	65	66	67	68	69	70	71	72	73	74	75	76	77	78	79	80	81	82	83	84	85	86	87	88	89	90	91	92	93	94	95	96	97	98	99	100
GW_M1_R1	(0.0, 2.5356806185167403e-05)	(1.0, 4.014827645984839e-05)	(2.0, 4.8600545188237514e-05)	(3.0, 5.916588109872393e-05)	(4.0, 9.931415755857233e-05)	(5.0, 0.000141575501200518)	(6.0, 0.0001901760463887555)	(7.0, 0.0002577941962158686)	(8.0, 0.00035710835377444086)	(9.0, 0.0005472844001631964)	(10.0, 0.0008093047307432596)	(11.0, 0.0010692119941412253)	(12.0, 0.0016798884097673403)	(13.0, 0.0024997584764210865)	(14.0, 0.003765485718497359)	(15.0, 0.005365077575345003)	(16.0, 0.007822574708124143)	(17.0, 0.01175287966682509)	(18.0, 0.017320811691651433)	(19.0, 0.024834878591189373)	(20.0, 0.03742875899648918)	(21.0, 0.05439457540154827)	(22.0, 0.07418133649470723)	(23.0, 0.102521793540996)	(24.0, 0.14292575112987815)	(25.0, 0.1907465745279218)	(26.0, 0.2476641521448942)	(27.0, 0.3195676022173006)	(28.0, 0.41132754459987503)	(29.0, 0.5236095954549784)	(30.0, 0.6524116055397183)	(31.0, 0.8128356660045442)	(32.0, 1.0205184739969757)	(33.0, 1.2537081159445034)	(34.0, 1.5038973833720037)	(35.0, 1.804231848097855)	(36.0, 2.197682844337187)	(37.0, 2.663045742917654)	(38.0, 3.1676567513383955)	(39.0, 3.7423645373908507)	(40.0, 4.325137900877371)	(41.0, 4.859541043498502)	(42.0, 5.349273945890097)	(43.0, 5.708434087898354)	(44.0, 5.938976056666714)	(45.0, 5.9730513780452155)	(46.0, 5.782659798803886)	(47.0, 5.512793649776696)	(48.0, 5.157899790409092)	(49.0, 4.746113710230702)	(50.0, 4.369360170864303)	(51.0, 3.851246663149959)	(52.0, 3.1395719754211404)	(53.0, 2.519255747310298)	(54.0, 2.098345443039612)	(55.0, 1.7440115464752646)	(56.0, 1.4022736433833993)	(57.0, 1.143120744969442)	(58.0, 1.0266632733625145)	(59.0, 0.9209570875780979)	(60.0, 0.7742109109829878)	(61.0, 0.631443639891767)	(62.0, 0.4735700515157326)	(63.0, 0.36112740755478995)	(64.0, 0.27588205129462134)	(65.0, 0.2098127797119856)	(66.0, 0.16904114843341847)	(67.0, 0.13526376952759342)	(68.0, 0.10482503676948203)	(69.0, 0.08115023206126407)	(70.0, 0.06228054212513533)	(71.0, 0.04358412369793857)	(72.0, 0.02797700949096803)	(73.0, 0.01802234999610773)	(74.0, 0.012230432849979076)	(75.0, 0.008800924813435185)	(76.0, 0.006146912432720998)	(77.0, 0.005339720769159836)	(78.0, 0.0051537708571352744)	(79.0, 0.005639776309017649)	(80.0, 0.004221908229830372)	(81.0, 0.0020496751666343647)	(82.0, 0.001088229598780101)	(83.0, 0.00033386461477137076)	(84.0, 0.00017115844174987998)	(85.0, 0.00014580163556471255)	(86.0, 0.00011621869501535059)	(87.0, 8.87488216480859e-05)	(88.0, 9.297495601228047e-05)	(89.0, 8.240962010179405e-05)	(90.0, 6.127894828082122e-05)	(91.0, 8.663575446598863e-05)	(92.0, 0.00015214083711100442)	(93.0, 0.00018594991202456094)	(94.0, 0.00022187205412021476)	(95.0, 0.00036767368968492733)	(96.0, 0.0006550508264501579)	(97.0, 0.0012445965702553)	(98.0, 0.003032251406309602)	(99.0, 0.0030723996827694503)	(100.0, 0.0009318626273049019)
GW_M1_R2	(0.0, 0.00034657881485430036)	(1.0, 0.0005346612204764512)	(2.0, 0.0015807375214086383)	(3.0, 0.003812366963397304)	(4.0, 0.006847044878828861)	(5.0, 0.009632355110401836)	(6.0, 0.011832285270544071)	(7.0, 0.012891041284214831)	(8.0, 0.012174637514485515)	(9.0, 0.01095104523521332)	(10.0, 0.009718999814115411)	(11.0, 0.00866447037135751)	(12.0, 0.008057957445362484)	(13.0, 0.007745191197811042)	(14.0, 0.008068523872644628)	(15.0, 0.009015275757124668)	(16.0, 0.010693224409529025)	(17.0, 0.013679296759462722)	(18.0, 0.018740615427609367)	(19.0, 0.02598707125770324)	(20.0, 0.037356547013289436)	(21.0, 0.05378522815156585)	(22.0, 0.07466660174653744)	(23.0, 0.10299308000450721)	(24.0, 0.14282005771636175)	(25.0, 0.19151226791793455)	(26.0, 0.24894080019638337)	(27.0, 0.3233559209736058)	(28.0, 0.4170737911098476)	(29.0, 0.5278965937304231)	(30.0, 0.65838774409398)	(31.0, 0.820740899284112)	(32.0, 1.03139953343729)	(33.0, 1.2671766785255794)	(34.0, 1.5192662740520415)	(35.0, 1.8279644470998582)	(36.0, 2.220217700523951)	(37.0, 2.6810322740109593)	(38.0, 3.186948585709068)	(39.0, 3.7575081862338724)	(40.0, 4.332205599682365)	(41.0, 4.8674120478065745)	(42.0, 5.34512233851773)	(43.0, 5.681880715856006)	(44.0, 5.908088904397586)	(45.0, 5.937024008867008)	(46.0, 5.748151234484152)	(47.0, 5.482881077565946)	(48.0, 5.118952189114365)	(49.0, 4.70697141595451)	(50.0, 4.340998980466564)	(51.0, 3.8372022940812536)	(52.0, 3.141534081250416)	(53.0, 2.5232501552630824)	(54.0, 2.096298867929887)	(55.0, 1.7357977284886348)	(56.0, 1.3952565701833513)	(57.0, 1.1424336646035083)	(58.0, 1.0247595905331912)	(59.0, 0.9175822053249553)	(60.0, 0.7693204375582897)	(61.0, 0.6266377433965958)	(62.0, 0.47362742320933504)	(63.0, 0.3627475618814361)	(64.0, 0.27804074093140607)	(65.0, 0.21125035408097823)	(66.0, 0.16721582502537422)	(67.0, 0.1338724070938428)	(68.0, 0.10543392470668232)	(69.0, 0.08157704518905916)	(70.0, 0.06295688703246623)	(71.0, 0.044372654728632596)	(72.0, 0.027652340197369025)	(73.0, 0.017886848103212186)	(74.0, 0.012667033025833392)	(75.0, 0.009108260317207528)	(76.0, 0.006164453676402404)	(77.0, 0.0051268305172959315)	(78.0, 0.005019052959018069)	(79.0, 0.005638245597751668)	(80.0, 0.004349141469330184)	(81.0, 0.0021978168746858073)	(82.0, 0.0013503894066579142)	(83.0, 0.0006635716333185996)	(84.0, 0.00046069622950144803)	(85.0, 0.0003782780967007303)	(86.0, 0.00038673123852644493)	(87.0, 0.0003825046676135876)	(88.0, 0.0003782780967007303)	(89.0, 0.0003846179530700163)	(90.0, 0.0003846179530700163)	(91.0, 0.0004776025131528773)	(92.0, 0.0006128527823643117)	(93.0, 0.0006762513460571714)	(94.0, 0.0006825912024264575)	(95.0, 0.00071006391336003)	(96.0, 0.0006551184914928849)	(97.0, 0.0005536807895843091)	(98.0, 0.0005684737877793098)	(99.0, 0.000872786893505037)	(100.0, 0.010737603404114027)
GW_M2_R1	(0.0, 2.221129303208971e-05)	(1.0, 3.146599846212709e-05)	(2.0, 5.36772914942168e-05)	(3.0, 7.403764344029903e-05)	(4.0, 0.0001073545829884336)	(5.0, 0.00017954128534272516)	(6.0, 0.0002535789287830242)	(7.0, 0.00031095810244925596)	(8.0, 0.00044977868389981657)	(9.0, 0.00056453703123228)	(10.0, 0.0008384763119613866)	(11.0, 0.0014400321649138163)	(12.0, 0.001963848492253932)	(13.0, 0.002680162692538825)	(14.0, 0.004177574031118873)	(15.0, 0.00617473946292094)	(16.0, 0.00868276463446107)	(17.0, 0.012693753967839269)	(18.0, 0.018916617898996405)	(19.0, 0.027591978769113443)	(20.0, 0.04129264468774078)	(21.0, 0.058217649978193134)	(22.0, 0.07935539718039852)	(23.0, 0.11043454895555004)	(24.0, 0.15196596504338578)	(25.0, 0.20197839318730776)	(26.0, 0.2595241515512802)	(27.0, 0.33415964896235967)	(28.0, 0.42894449103571647)	(29.0, 0.5337003527393955)	(30.0, 0.6555977798405899)	(31.0, 0.8064735405843173)	(32.0, 0.9956989496890336)	(33.0, 1.2123238396899185)	(34.0, 1.458771092468556)	(35.0, 1.7580775207813946)	(36.0, 2.1526815018484147)	(37.0, 2.6176045857139445)	(38.0, 3.112679499870536)	(39.0, 3.68223998521024)	(40.0, 4.218855570160097)	(41.0, 4.689188954820027)	(42.0, 5.1940812604968025)	(43.0, 5.596733133405783)	(44.0, 5.810509425075303)	(45.0, 5.8368353601415865)	(46.0, 5.729552963855507)	(47.0, 5.555668154471621)	(48.0, 5.222252583825837)	(49.0, 4.803264304891754)	(50.0, 4.388196319177836)	(51.0, 3.852654280057863)	(52.0, 3.2546078114045027)	(53.0, 2.7363072885006896)	(54.0, 2.3113238113890295)	(55.0, 1.899021131657606)	(56.0, 1.4997953506988257)	(57.0, 1.2207770876297146)	(58.0, 1.0615295203539754)	(59.0, 0.9200602422093381)	(60.0, 0.7707448248011151)	(61.0, 0.6328941364796222)	(62.0, 0.4839007828203645)	(63.0, 0.3707657108203295)	(64.0, 0.27755416867007904)	(65.0, 0.20461783517595444)	(66.0, 0.16458938324995676)	(67.0, 0.13368051805471792)	(68.0, 0.10743972627838994)	(69.0, 0.08220399551176401)	(70.0, 0.06271173493501929)	(71.0, 0.044389269124631286)	(72.0, 0.028982035524705057)	(73.0, 0.02044364429495257)	(74.0, 0.014859355038468016)	(75.0, 0.011201895452517244)	(76.0, 0.006915115897323929)	(77.0, 0.005141914336928768)	(78.0, 0.005365878208335672)	(79.0, 0.007089104359408633)	(80.0, 0.0054510214982920165)	(81.0, 0.0022118745977789335)	(82.0, 0.0011883041772167994)	(83.0, 0.00035908257068545033)	(84.0, 0.0001462243457945906)	(85.0, 9.624893647238873e-05)	(86.0, 7.403764344029903e-05)	(87.0, 6.478293801026166e-05)	(88.0, 5.737917366623175e-05)	(89.0, 6.293199692425418e-05)	(90.0, 8.329234887033642e-05)	(91.0, 0.00011660928841847097)	(92.0, 0.0001462243457945906)	(93.0, 0.00019064693185877002)	(94.0, 0.0003202128078792933)	(95.0, 0.0005090087986520559)	(96.0, 0.0008810479569395586)	(97.0, 0.0017583940317071022)	(98.0, 0.004364519080805628)	(99.0, 0.004688433770856936)	(100.0, 0.0015955112161384441)
GW_M2_R2	(0.0, 0.00039613951308011946)	(1.0, 0.0005738469582001731)	(2.0, 0.001521619998840459)	(3.0, 0.0035097220411210582)	(4.0, 0.006123502379761846)	(5.0, 0.008463317073842553)	(6.0, 0.010493994858183165)	(7.0, 0.011428810064283446)	(8.0, 0.010580997461523191)	(9.0, 0.00937962108774283)	(10.0, 0.008404081258802536)	(11.0, 0.00775804065102234)	(12.0, 0.007432243668302242)	(13.0, 0.007250833984742187)	(14.0, 0.00772842274350233)	(15.0, 0.008950161428702698)	(16.0, 0.010790173933383254)	(17.0, 0.014236957921024293)	(18.0, 0.02026235098212611)	(19.0, 0.028629409856528634)	(20.0, 0.04192414809457264)	(21.0, 0.05898961618375779)	(22.0, 0.08016271782212418)	(23.0, 0.11097459723903348)	(24.0, 0.15484056939538668)	(25.0, 0.20623134118104217)	(26.0, 0.26336613590635943)	(27.0, 0.3385789609342021)	(28.0, 0.43310266166509065)	(29.0, 0.5408489069844431)	(30.0, 0.6670434064503212)	(31.0, 0.8162288066286062)	(32.0, 1.007447570935444)	(33.0, 1.229402318771171)	(34.0, 1.476199086539305)	(35.0, 1.7820576641407775)	(36.0, 2.1807443172676177)	(37.0, 2.6388148749720757)	(38.0, 3.1247484791759823)	(39.0, 3.688997384220453)	(40.0, 4.216753324961832)	(41.0, 4.680821508939092)	(42.0, 5.186484341789764)	(43.0, 5.577172308766982)	(44.0, 5.778622209002763)	(45.0, 5.798651318963169)	(46.0, 5.682806427056314)	(47.0, 5.509367662857581)	(48.0, 5.196576643777207)	(49.0, 4.783943658446883)	(50.0, 4.359959610059515)	(51.0, 3.8423144824977786)	(52.0, 3.262053396200304)	(53.0, 2.7360282519296253)	(54.0, 2.310635501815837)	(55.0, 1.897273175512832)	(56.0, 1.4944992511482307)	(57.0, 1.2188213213096477)	(58.0, 1.058534759169019)	(59.0, 0.9172591914177967)	(60.0, 0.7667224742089113)	(61.0, 0.6308947503221504)	(62.0, 0.487292325711387)	(63.0, 0.3737132037298127)	(64.0, 0.27682747487420345)	(65.0, 0.20266423444410112)	(66.0, 0.16227836642134894)	(67.0, 0.13290110439994007)	(68.0, 0.10782214120737253)	(69.0, 0.08384089171226529)	(70.0, 0.06428381715295939)	(71.0, 0.04516916008723362)	(72.0, 0.029460562386308887)	(73.0, 0.020749195336986256)	(74.0, 0.015388354075864641)	(75.0, 0.011521366025283475)	(76.0, 0.007232322792542181)	(77.0, 0.005619997951921695)	(78.0, 0.0055718688522016805)	(79.0, 0.006989826174722108)	(80.0, 0.005488568487301656)	(81.0, 0.002278727759820687)	(82.0, 0.0012328454005203719)	(83.0, 0.0004923977125201486)	(84.0, 0.00033320145960010053)	(85.0, 0.00036467048634011)	(86.0, 0.00036281936712010944)	(87.0, 0.00037947944010011445)	(88.0, 0.00041835294372012617)	(89.0, 0.00045167308968013624)	(90.0, 0.0005035044278401519)	(91.0, 0.0005831025543001759)	(92.0, 0.0006960208267202099)	(93.0, 0.0007904279069402384)	(94.0, 0.0009144528946802758)	(95.0, 0.0009607308751802897)	(96.0, 0.0008441103643202545)	(97.0, 0.00072934097268022)	(98.0, 0.0007071275420402133)	(99.0, 0.0010477334785203162)	(100.0, 0.010281116147883101)
GW_M3_R1	(0.0, 4.8239168312209835e-05)	(1.0, 4.452846305742447e-05)	(2.0, 4.2673110430031774e-05)	(3.0, 5.751593144917326e-05)	(4.0, 8.349086823267086e-05)	(5.0, 0.00010204439450659773)	(6.0, 0.00013544074179966606)	(7.0, 0.0002003780837584101)	(8.0, 0.0003024224782650078)	(9.0, 0.00043600786743728116)	(10.0, 0.000602989603902623)	(11.0, 0.0008757264401293479)	(12.0, 0.0012913254286653095)	(13.0, 0.0019815166060553886)	(14.0, 0.003094728182491)	(15.0, 0.004677343973656961)	(16.0, 0.006896345716018614)	(17.0, 0.00993355796706044)	(18.0, 0.014584927003933905)	(19.0, 0.021627845577516538)	(20.0, 0.03277109345763701)	(21.0, 0.047055453335933306)	(22.0, 0.06555146367841098)	(23.0, 0.09073602024263931)	(24.0, 0.12629199799399274)	(25.0, 0.17144571488684854)	(26.0, 0.22745510000257893)	(27.0, 0.29783975727534784)	(28.0, 0.38362755206073085)	(29.0, 0.49214898258955647)	(30.0, 0.6205226862314838)	(31.0, 0.7788436366321565)	(32.0, 0.9833832763338084)	(33.0, 1.212717848547936)	(34.0, 1.46001594490048)	(35.0, 1.7635163830420026)	(36.0, 2.1550681461743277)	(37.0, 2.628591243737489)	(38.0, 3.1460732111014655)	(39.0, 3.715629360658472)	(40.0, 4.298336249638438)	(41.0, 4.840459155246816)	(42.0, 5.314909929123674)	(43.0, 5.660541714728031)	(44.0, 5.904416685483035)	(45.0, 5.944976549270466)	(46.0, 5.762363466919341)	(47.0, 5.5000852534532285)	(48.0, 5.155626050709385)	(49.0, 4.790939793621706)	(50.0, 4.47145178188994)	(51.0, 3.969332134280775)	(52.0, 3.226144664441852)	(53.0, 2.568340522515539)	(54.0, 2.128417861034459)	(55.0, 1.775097494142188)	(56.0, 1.4373936303146808)	(57.0, 1.1699612472496717)	(58.0, 1.0511685845756003)	(59.0, 0.9473356301361958)	(60.0, 0.8016440650701852)	(61.0, 0.6564701433872171)	(62.0, 0.4895941620216368)	(63.0, 0.37333776638921107)	(64.0, 0.29264848062390314)	(65.0, 0.2265830842677044)	(66.0, 0.180306879035276)	(67.0, 0.14708679024180998)	(68.0, 0.11562928644436699)	(69.0, 0.08572100209079687)	(70.0, 0.06555517438366577)	(71.0, 0.0461927143641957)	(72.0, 0.02975800079075129)	(73.0, 0.02023262040171724)	(74.0, 0.016028391348045415)	(75.0, 0.012375202024709214)	(76.0, 0.007816600619205387)	(77.0, 0.006977981231623891)	(78.0, 0.007430687272707708)	(79.0, 0.00922852396865122)	(80.0, 0.007154239731226197)	(81.0, 0.0030743193035896806)	(82.0, 0.0015102570386976463)	(83.0, 0.0003989008148894275)	(84.0, 0.00015028356281880756)	(85.0, 0.00010018904187920505)	(86.0, 7.421410509570744e-05)	(87.0, 9.647833662441967e-05)	(88.0, 8.534622086006355e-05)	(89.0, 5.751593144917326e-05)	(90.0, 8.349086823267086e-05)	(91.0, 0.00011688721552573922)	(92.0, 0.00013915144705445144)	(93.0, 0.0001836799101118759)	(94.0, 0.0003321081203032908)	(95.0, 0.0005120773251603814)	(96.0, 0.0008516068559732428)	(97.0, 0.001628999606850778)	(98.0, 0.003966743917365562)	(99.0, 0.004037247317206484)	(100.0, 0.0012263880867065655)
GW_M3_R2	(0.0, 0.00039709246669201374)	(1.0, 0.000636461290071779)	(2.0, 0.0018574278465360084)	(3.0, 0.004308638820835776)	(4.0, 0.00809400626032974)	(5.0, 0.012090908939089541)	(6.0, 0.014731388285364007)	(7.0, 0.01556268466423327)	(8.0, 0.014764788586300717)	(9.0, 0.013170852002709878)	(10.0, 0.011762472646545213)	(11.0, 0.010606451119680144)	(12.0, 0.009335384111810847)	(13.0, 0.008535632461604034)	(14.0, 0.008402031257857188)	(15.0, 0.008750878845418397)	(16.0, 0.009893911366363634)	(17.0, 0.012534390712638099)	(18.0, 0.016894985557153203)	(19.0, 0.022855083702081933)	(20.0, 0.033244432865673454)	(21.0, 0.04699979013477578)	(22.0, 0.06588209359766332)	(23.0, 0.0926004787747582)	(24.0, 0.12894557291072303)	(25.0, 0.17439781576876454)	(26.0, 0.22954913490437218)	(27.0, 0.3007251762005042)	(28.0, 0.3902899387345702)	(29.0, 0.49874257144834655)	(30.0, 0.6274580533970611)	(31.0, 0.789445801795563)	(32.0, 0.9997415187821953)	(33.0, 1.2329182974827493)	(34.0, 1.4809804769674308)	(35.0, 1.784088207968087)	(36.0, 2.1730736793938514)	(37.0, 2.6472354849250523)	(38.0, 3.1642925547203626)	(39.0, 3.7339922099364786)	(40.0, 4.311398056807603)	(41.0, 4.832895511055221)	(42.0, 5.285070640708695)	(43.0, 5.6244622319602655)	(44.0, 5.867208196879187)	(45.0, 5.908689515070308)	(46.0, 5.727646894987413)	(47.0, 5.468280569207929)	(48.0, 5.122904757371864)	(49.0, 4.752818289559456)	(50.0, 4.449398822416724)	(51.0, 3.959251261742757)	(52.0, 3.222440623078903)	(53.0, 2.568655710254616)	(54.0, 2.122596546817109)	(55.0, 1.7647735561652964)	(56.0, 1.431633387905714)	(57.0, 1.1704560235865504)	(58.0, 1.0498735149159248)	(59.0, 0.9475368484181154)	(60.0, 0.800404811647353)	(61.0, 0.6522299432584555)	(62.0, 0.4864271382640713)	(63.0, 0.3707674628370624)	(64.0, 0.2908590984182545)	(65.0, 0.2251662731925659)	(66.0, 0.17850419721170577)	(67.0, 0.14474020410923905)	(68.0, 0.1145593210683717)	(69.0, 0.08661254704571554)	(70.0, 0.06637567582261694)	(71.0, 0.04709442432076313)	(72.0, 0.03036458469601922)	(73.0, 0.02086591022407334)	(74.0, 0.016458926072701694)	(75.0, 0.013111473689933503)	(76.0, 0.008633977792139907)	(77.0, 0.007023341058080711)	(78.0, 0.007463111687080745)	(79.0, 0.00934837311773068)	(80.0, 0.0074389892475153424)	(81.0, 0.003362296960962285)	(82.0, 0.001714548781417854)	(83.0, 0.0006327501455232556)	(84.0, 0.00040822590033758423)	(85.0, 0.0003377141539156379)	(86.0, 0.00030431385297892644)	(87.0, 0.0003748255994008728)	(88.0, 0.00041564818943463125)	(89.0, 0.0004286371953544635)	(90.0, 0.00042307047853167826)	(91.0, 0.0004898710804051011)	(92.0, 0.0005789385495696649)	(93.0, 0.0006680060187342288)	(94.0, 0.0007626402047215779)	(95.0, 0.0007756292106414101)	(96.0, 0.0007552179156245309)	(97.0, 0.0006976951751224168)	(98.0, 0.0006939840305738932)	(99.0, 0.0010205647508439606)	(100.0, 0.012925916462507327)
GW_P1_R1	(0.0, 6.540082521671245e-05)	(1.0, 7.085089398477182e-05)	(2.0, 9.628454823571553e-05)	(3.0, 0.00012716827125471865)	(4.0, 0.00015078523591630923)	(5.0, 0.00022345281949043419)	(6.0, 0.0003161039885474435)	(7.0, 0.0004923228787146965)	(8.0, 0.0007957100401366681)	(9.0, 0.0011535978892392336)	(10.0, 0.001473335256965383)	(11.0, 0.0020237922025393793)	(12.0, 0.003206457125208263)	(13.0, 0.004752459965747771)	(14.0, 0.007323075734682442)	(15.0, 0.009939108743350938)	(16.0, 0.013272734139813922)	(17.0, 0.018441216021523557)	(18.0, 0.025210201431453295)	(19.0, 0.03453890247278159)	(20.0, 0.04875994857823784)	(21.0, 0.06586226437240814)	(22.0, 0.0862564217024863)	(23.0, 0.11525260423815151)	(24.0, 0.15666767680663468)	(25.0, 0.20623968563131334)	(26.0, 0.2620756401600816)	(27.0, 0.33302281869308914)	(28.0, 0.42444590558769574)	(29.0, 0.5322391823719633)	(30.0, 0.6545387255272156)	(31.0, 0.8067028288418439)	(32.0, 1.0061535454777446)	(33.0, 1.2290758916080877)	(34.0, 1.4676272182756356)	(35.0, 1.7531218039320684)	(36.0, 2.117822238994708)	(37.0, 2.566726236523865)	(38.0, 3.0646735862071983)	(39.0, 3.6247444530880517)	(40.0, 4.2043247494689675)	(41.0, 4.735924457105479)	(42.0, 5.215813912270643)	(43.0, 5.573507375587147)	(44.0, 5.838322583647973)	(45.0, 5.902024804098641)	(46.0, 5.733245257799789)	(47.0, 5.503112470689303)	(48.0, 5.173782981931368)	(49.0, 4.8040775670500615)	(50.0, 4.491201835902898)	(51.0, 3.995245578009496)	(52.0, 3.2569411122067966)	(53.0, 2.6099053146836098)	(54.0, 2.172386510810929)	(55.0, 1.8065869785467308)	(56.0, 1.4530664512169704)	(57.0, 1.1908418425105618)	(58.0, 1.0799492932868577)	(59.0, 0.9663353430583029)	(60.0, 0.8145055106281156)	(61.0, 0.6700968551704357)	(62.0, 0.49876304330895327)	(63.0, 0.3776661486618528)	(64.0, 0.29373690632332783)	(65.0, 0.2255892464475135)	(66.0, 0.17856241973751852)	(67.0, 0.14558405362199126)	(68.0, 0.11479298177204517)	(69.0, 0.08677417823545194)	(70.0, 0.06853643144793593)	(71.0, 0.04921957104434418)	(72.0, 0.030075296151740958)	(73.0, 0.01848844995084674)	(74.0, 0.01291121291153265)	(75.0, 0.009871891228544873)	(76.0, 0.006832569545557097)	(77.0, 0.005549986695473792)	(78.0, 0.00528656670501759)	(79.0, 0.006585499761405073)	(80.0, 0.005201182294317992)	(81.0, 0.002299929020121054)	(82.0, 0.0011408810621137617)	(83.0, 0.0003578878491025653)	(84.0, 0.00019075240688207795)	(85.0, 0.000132618340022778)	(86.0, 0.00010173461700377492)	(87.0, 7.266758357412494e-05)	(88.0, 6.90342043954187e-05)	(89.0, 8.901778987830306e-05)	(90.0, 9.810123782506867e-05)	(91.0, 0.00010900137536118741)	(92.0, 0.00012898496084407177)	(93.0, 0.0001598686838630749)	(94.0, 0.00020710261318625608)	(95.0, 0.00034880440115579974)	(96.0, 0.0007339425940986619)	(97.0, 0.0020365090296648515)	(98.0, 0.00611316046817326)	(99.0, 0.006596399898941191)	(100.0, 0.00210554323406027)
GW_P1_R2	(0.0, 0.0007267250408555734)	(1.0, 0.0007321754786619902)	(2.0, 0.0016042455276886781)	(3.0, 0.003909780719802984)	(4.0, 0.007078301897933285)	(5.0, 0.010212303636622946)	(6.0, 0.01265591658649981)	(7.0, 0.013676965268901893)	(8.0, 0.013046531295959682)	(9.0, 0.01170390678297901)	(10.0, 0.01044303883709459)	(11.0, 0.0098089712389481)	(12.0, 0.009834406615378048)	(13.0, 0.010582933407459288)	(14.0, 0.012185362122545828)	(15.0, 0.013546154761547888)	(16.0, 0.01596069870979053)	(17.0, 0.020653525661115398)	(18.0, 0.02672531337746371)	(19.0, 0.03562406150274021)	(20.0, 0.048817754619473144)	(21.0, 0.06524900779321766)	(22.0, 0.08828800840094148)	(23.0, 0.1188177273672841)	(24.0, 0.1585804879776968)	(25.0, 0.20727651615282663)	(26.0, 0.2657106598754212)	(27.0, 0.33835772858454854)	(28.0, 0.4306826945874427)	(29.0, 0.5403600377533658)	(30.0, 0.6655565941667597)	(31.0, 0.8192244208682729)	(32.0, 1.0197932648940027)	(33.0, 1.24760884751401)	(34.0, 1.4913851288438078)	(35.0, 1.7796206313605474)	(36.0, 2.1468620466939003)	(37.0, 2.6019590690288865)	(38.0, 3.0981869118636953)	(39.0, 3.648931850450887)	(40.0, 4.215439455174237)	(41.0, 4.739580806828308)	(42.0, 5.217553316636826)	(43.0, 5.57286190679933)	(44.0, 5.830217045517514)	(45.0, 5.881331251266091)	(46.0, 5.702077252688655)	(47.0, 5.458435415491416)	(48.0, 5.12508300562576)	(49.0, 4.750081983668672)	(50.0, 4.437246838518971)	(51.0, 3.9679659601990864)	(52.0, 3.2459064941058062)	(53.0, 2.5927278441974186)	(54.0, 2.1571088697699645)	(55.0, 1.7946329538920214)	(56.0, 1.444838389977008)	(57.0, 1.1793112281744031)	(58.0, 1.062468376105644)	(59.0, 0.9568443418550928)	(60.0, 0.8105636751938766)	(61.0, 0.6660180645677031)	(62.0, 0.4956410123643181)	(63.0, 0.37707582194873135)	(64.0, 0.2930991098526656)	(65.0, 0.22536470241972187)	(66.0, 0.1787198556724069)	(67.0, 0.14538497804836173)	(68.0, 0.11548750986756344)	(69.0, 0.08804092188705058)	(70.0, 0.0686337296710025)	(71.0, 0.04934099664888915)	(72.0, 0.03129641388444527)	(73.0, 0.019868662616991377)	(74.0, 0.013876814655137173)	(75.0, 0.010337663706170532)	(76.0, 0.006905704700730085)	(77.0, 0.005495858121470274)	(78.0, 0.00562121819101786)	(79.0, 0.0066967712514841085)	(80.0, 0.005439536930803967)	(81.0, 0.0027906241568854016)	(82.0, 0.0014879695211517864)	(83.0, 0.0007612444802962131)	(84.0, 0.0005977313461037092)	(85.0, 0.0005541278436523747)	(86.0, 0.0005868304704908755)	(87.0, 0.0006449684737593214)	(88.0, 0.0006685870375871275)	(89.0, 0.0007012896644256282)	(90.0, 0.0008230161087689369)	(91.0, 0.0009265744270908561)	(92.0, 0.0010719194352619707)	(93.0, 0.0013026546357336154)	(94.0, 0.0014879695211517864)	(95.0, 0.001473435020334675)	(96.0, 0.0012136308182288077)	(97.0, 0.0009084063010694667)	(98.0, 0.0007993975449411307)	(99.0, 0.0009429257405101064)	(100.0, 0.0076542314928113265)
GW_P2_R1	(0.0, 4.867060204987192e-05)	(1.0, 4.2586776793637926e-05)	(2.0, 4.664266029779392e-05)	(3.0, 0.0001054529711080558)	(4.0, 0.00014803974790169374)	(5.0, 0.00015817945666208374)	(6.0, 0.0002190177092244236)	(7.0, 0.0004116721756718333)	(8.0, 0.000600270758615087)	(9.0, 0.0007361428560043127)	(10.0, 0.001064669419840948)	(11.0, 0.001689275479480971)	(12.0, 0.0025612904328745096)	(13.0, 0.0037050495810464997)	(14.0, 0.0059378134500843735)	(15.0, 0.008770848077737335)	(16.0, 0.011938493094483164)	(17.0, 0.016221506074871894)	(18.0, 0.02252232109857823)	(19.0, 0.031187716205207505)	(20.0, 0.0440083639618446)	(21.0, 0.06165956897193148)	(22.0, 0.0826994646497407)	(23.0, 0.11208028475384671)	(24.0, 0.15233898441609908)	(25.0, 0.19981715671574915)	(26.0, 0.25481493703210445)	(27.0, 0.3252940246838231)	(28.0, 0.41591057393367625)	(29.0, 0.5222538114708943)	(30.0, 0.6452930934529705)	(31.0, 0.800164977117415)	(32.0, 0.9967009240783019)	(33.0, 1.2207600964983916)	(34.0, 1.4750964392770054)	(35.0, 1.7819260543081583)	(36.0, 2.1655477396652487)	(37.0, 2.6253794760654303)	(38.0, 3.1325494567843686)	(39.0, 3.708101633383377)	(40.0, 4.300453279456599)	(41.0, 4.849646269162098)	(42.0, 5.334742103909667)	(43.0, 5.679806532734498)	(44.0, 5.9388233650769084)	(45.0, 5.981142453559272)	(46.0, 5.78473832281227)	(47.0, 5.5077295912454245)	(48.0, 5.109823084186696)	(49.0, 4.699170963216158)	(50.0, 4.347637400202197)	(51.0, 3.8365109051249555)	(52.0, 3.144441307218554)	(53.0, 2.5397901944189787)	(54.0, 2.1189699735035217)	(55.0, 1.763271018130793)	(56.0, 1.4198897809601863)	(57.0, 1.1618382488917653)	(58.0, 1.0282577256823877)	(59.0, 0.9156745113740256)	(60.0, 0.7844605961893231)	(61.0, 0.6473392866808173)	(62.0, 0.49192188668506376)	(63.0, 0.3843801355723676)	(64.0, 0.30581767209686606)	(65.0, 0.239307266453964)	(66.0, 0.19242328108767276)	(67.0, 0.16058053969654407)	(68.0, 0.12583784159994382)	(69.0, 0.0909471037554419)	(70.0, 0.07123550992524377)	(71.0, 0.051521888153293574)	(72.0, 0.03327041238459161)	(73.0, 0.02327874337210332)	(74.0, 0.019084959828806026)	(75.0, 0.014775583605640283)	(76.0, 0.009440068855923073)	(77.0, 0.008132046425832765)	(78.0, 0.008894552524614093)	(79.0, 0.012246740240799019)	(80.0, 0.009985585187232054)	(81.0, 0.0042485379706034025)	(82.0, 0.00208472412113618)	(83.0, 0.0005292927972923571)	(84.0, 0.00015209563140584974)	(85.0, 0.00011356473811636779)	(86.0, 7.097796132272987e-05)	(87.0, 6.286619431441789e-05)	(88.0, 7.097796132272987e-05)	(89.0, 8.111767008311985e-05)	(90.0, 7.706178657896387e-05)	(91.0, 0.0001095088546122118)	(92.0, 0.00013790003914130374)	(93.0, 0.00013587209738922577)	(94.0, 0.00015209563140584974)	(95.0, 0.0002656603695222175)	(96.0, 0.000553628098317293)	(97.0, 0.0015939622171333052)	(98.0, 0.004704824864820952)	(99.0, 0.005248313254377855)	(100.0, 0.0018555667031513667)
GW_P2_R2	(0.0, 0.00033665471603265963)	(1.0, 0.00044616890076617545)	(2.0, 0.0009957678648917824)	(3.0, 0.0024377046305497406)	(4.0, 0.0045286143427766806)	(5.0, 0.006491757506147853)	(6.0, 0.008168946964937066)	(7.0, 0.00875302261684915)	(8.0, 0.008410283779442407)	(9.0, 0.007809983803866098)	(10.0, 0.007112337886304441)	(11.0, 0.006658056823706154)	(12.0, 0.006550570679430667)	(13.0, 0.006986599377906702)	(14.0, 0.008704349645856476)	(15.0, 0.010764838751212997)	(16.0, 0.013310029526038223)	(17.0, 0.017978578660418843)	(18.0, 0.02419249462381685)	(19.0, 0.03229248821318096)	(20.0, 0.04501235796593302)	(21.0, 0.06200733700420824)	(22.0, 0.08347211721197734)	(23.0, 0.11312612478926377)	(24.0, 0.15390799035975025)	(25.0, 0.20283852249059348)	(26.0, 0.25959729078942506)	(27.0, 0.3307612304616301)	(28.0, 0.42249355645915576)	(29.0, 0.5316994790430513)	(30.0, 0.6578111468850688)	(31.0, 0.8166087427891248)	(32.0, 1.0172590096255059)	(33.0, 1.2431421558406723)	(34.0, 1.4960976141300555)	(35.0, 1.8052561576327706)	(36.0, 2.189863890295504)	(37.0, 2.646694199749533)	(38.0, 3.1646334242848635)	(39.0, 3.7415663177037732)	(40.0, 4.310571600972251)	(41.0, 4.841867499964154)	(42.0, 5.332055018871829)	(43.0, 5.683903814016035)	(44.0, 5.915769679582384)	(45.0, 5.943113749077977)	(46.0, 5.748150107685906)	(47.0, 5.467672112340624)	(48.0, 5.075327405330514)	(49.0, 4.66820639554321)	(50.0, 4.3121980894195895)	(51.0, 3.810917189206501)	(52.0, 3.132290235060232)	(53.0, 2.5258128482487696)	(54.0, 2.1058056693911564)	(55.0, 1.7504666166186844)	(56.0, 1.4133515354020523)	(57.0, 1.156838894149288)	(58.0, 1.0211447351430878)	(59.0, 0.911561597033999)	(60.0, 0.7795300790949975)	(61.0, 0.6439413781926148)	(62.0, 0.4928178873817371)	(63.0, 0.3845610877321987)	(64.0, 0.30545128554543977)	(65.0, 0.23807369740837317)	(66.0, 0.19074937332028816)	(67.0, 0.160030644502537)	(68.0, 0.12686812693286198)	(69.0, 0.09248878508837013)	(70.0, 0.0718595575493086)	(71.0, 0.051956368494221125)	(72.0, 0.033466723638379214)	(73.0, 0.024026195306258546)	(74.0, 0.0203453018749376)	(75.0, 0.015806547329870777)	(76.0, 0.009430388129830526)	(77.0, 0.008185171288601292)	(78.0, 0.00912212598021026)	(79.0, 0.012145934303130112)	(80.0, 0.009929286082505432)	(81.0, 0.0043562309038442945)	(82.0, 0.0024153961855114315)	(83.0, 0.001014020229014035)	(84.0, 0.0005800195709960281)	(85.0, 0.0005333746404613824)	(86.0, 0.0005130942358811017)	(87.0, 0.00048267362901068065)	(88.0, 0.000523234438171242)	(89.0, 0.0005719074091639157)	(90.0, 0.0007057580793937684)	(91.0, 0.0007665992931346106)	(92.0, 0.0008152722641272841)	(93.0, 0.0009714313793954456)	(94.0, 0.0011701793442821964)	(95.0, 0.0011762634656562806)	(96.0, 0.0009653472580213613)	(97.0, 0.0007463188885543298)	(98.0, 0.000606384096950393)	(99.0, 0.000752403009928414)	(100.0, 0.005745438617593523)
GW_P3_R1	(0.0, 5.555893776524985e-05)	(1.0, 6.1969584430471e-05)	(2.0, 7.906464220439402e-05)	(3.0, 9.829658220005743e-05)	(4.0, 0.00013462357996964387)	(5.0, 0.00021368822217403792)	(6.0, 0.0003055741577088742)	(7.0, 0.0004444715021219988)	(8.0, 0.000591916375422085)	(9.0, 0.0007585931887178346)	(10.0, 0.0011517795175180643)	(11.0, 0.001707368895170563)	(12.0, 0.0022864639772622055)	(13.0, 0.003363452617019357)	(14.0, 0.005684106709829408)	(15.0, 0.00783381022490023)	(16.0, 0.01036815253988432)	(17.0, 0.014917574789969586)	(18.0, 0.02171499713732573)	(19.0, 0.030717681937517952)	(20.0, 0.04437663309888245)	(21.0, 0.0609908923729139)	(22.0, 0.08226355489033937)	(23.0, 0.11290003530343119)	(24.0, 0.1531482119499112)	(25.0, 0.20111694406353925)	(26.0, 0.2572207867953329)	(27.0, 0.32538091902218574)	(28.0, 0.41596335640176046)	(29.0, 0.5287843270629872)	(30.0, 0.6539393819080995)	(31.0, 0.8071068257980063)	(32.0, 1.007003610112932)	(33.0, 1.2342332549261386)	(34.0, 1.4804896990417216)	(35.0, 1.7710672173184216)	(36.0, 2.1408781914950334)	(37.0, 2.5971495572454826)	(38.0, 3.09327377643139)	(39.0, 3.658468439670612)	(40.0, 4.242083027661235)	(41.0, 4.783848914221296)	(42.0, 5.270175528420523)	(43.0, 5.619265155692918)	(44.0, 5.87407767622435)	(45.0, 5.932688081802245)	(46.0, 5.7617246827696835)	(47.0, 5.517436307180324)	(48.0, 5.1907583006495415)	(49.0, 4.806527645240625)	(50.0, 4.46460725782217)	(51.0, 3.9638374566861985)	(52.0, 3.227553318363334)	(53.0, 2.5716650998690067)	(54.0, 2.1350765562630087)	(55.0, 1.7842731494487774)	(56.0, 1.4362370051117002)	(57.0, 1.1635323697376365)	(58.0, 1.0496002203211046)	(59.0, 0.9495984061080983)	(60.0, 0.7998243311863152)	(61.0, 0.6488023170470356)	(62.0, 0.4785504997943144)	(63.0, 0.3607976049653108)	(64.0, 0.2759676545266613)	(65.0, 0.2104978570169795)	(66.0, 0.17154463099687414)	(67.0, 0.14744701018230788)	(68.0, 0.11763322942458612)	(69.0, 0.08515048277191062)	(70.0, 0.06615573670286039)	(71.0, 0.0475969146070452)	(72.0, 0.028270951793625213)	(73.0, 0.016994624309501237)	(74.0, 0.011306243835228345)	(75.0, 0.007908601102661143)	(76.0, 0.005786677056472947)	(77.0, 0.005643505947616341)	(78.0, 0.0069726466895388564)	(79.0, 0.009667255171153475)	(80.0, 0.007335916667234722)	(81.0, 0.002433908850562292)	(82.0, 0.0009295437664570648)	(83.0, 0.00021582510439577826)	(84.0, 0.00011539163997398047)	(85.0, 8.974905331309592e-05)	(86.0, 8.761217109135553e-05)	(87.0, 6.410646665221137e-05)	(88.0, 4.487452665654796e-05)	(89.0, 7.051711331743251e-05)	(90.0, 0.00010684411108701896)	(91.0, 0.00011325475775224009)	(92.0, 0.00011325475775224009)	(93.0, 0.00015171863774356693)	(94.0, 0.000203003811065336)	(95.0, 0.0002842053354914704)	(96.0, 0.0005256730265481332)	(97.0, 0.001324866977479035)	(98.0, 0.0040728975146371625)	(99.0, 0.004701140887828834)	(100.0, 0.001686000072953159)
GW_P3_R2	(0.0, 0.0004658685469406156)	(1.0, 0.0005812671778341627)	(2.0, 0.0013890575940889915)	(3.0, 0.0034341777749246293)	(4.0, 0.006077661227060141)	(5.0, 0.008573690873053898)	(6.0, 0.010373054710319945)	(7.0, 0.010924403724589114)	(8.0, 0.010426480002400292)	(9.0, 0.009452002674854782)	(10.0, 0.00885363940355491)	(11.0, 0.008291605330869672)	(12.0, 0.0076184466506573146)	(13.0, 0.007866340005910119)	(14.0, 0.00932164496217874)	(15.0, 0.010717113591317372)	(16.0, 0.013089196559684728)	(17.0, 0.017504262697204506)	(18.0, 0.02363321220466178)	(19.0, 0.0321641628440514)	(20.0, 0.04538585412809539)	(21.0, 0.06215925882964076)	(22.0, 0.08349945749821411)	(23.0, 0.11340266198142526)	(24.0, 0.15293310409751473)	(25.0, 0.202035221542719)	(26.0, 0.2604547099267356)	(27.0, 0.33090557408724597)	(28.0, 0.42127766115867576)	(29.0, 0.5341332481491984)	(30.0, 0.6648179236127738)	(31.0, 0.8190738379421979)	(32.0, 1.0194186832434948)	(33.0, 1.2494530318596815)	(34.0, 1.495446583726109)	(35.0, 1.7907324470775465)	(36.0, 2.1694194653897707)	(37.0, 2.6251350698234375)	(38.0, 3.1155236888172486)	(39.0, 3.6724887697899034)	(40.0, 4.243173465768791)	(41.0, 4.77449440654288)	(42.0, 5.2585852521062595)	(43.0, 5.601306363789996)	(44.0, 5.839375876335065)	(45.0, 5.893880359315435)	(46.0, 5.726994705938217)	(47.0, 5.472730918857752)	(48.0, 5.144496609374523)	(49.0, 4.773282720918498)	(50.0, 4.437246181779855)	(51.0, 3.945286859198882)	(52.0, 3.2258298208696976)	(53.0, 2.5765479721938878)	(54.0, 2.1337783845371305)	(55.0, 1.7786070427869913)	(56.0, 1.4340673341608412)	(57.0, 1.1672849326401096)	(58.0, 1.0550854082363337)	(59.0, 0.9510813236376827)	(60.0, 0.7974344576379747)	(61.0, 0.6504892602768251)	(62.0, 0.48219317918868604)	(63.0, 0.3622555354799929)	(64.0, 0.27683490447856957)	(65.0, 0.21145516904232556)	(66.0, 0.17056131347234565)	(67.0, 0.1450154758112075)	(68.0, 0.1171338843803166)	(69.0, 0.08496331050121558)	(70.0, 0.06605716813982279)	(71.0, 0.048396903589743676)	(72.0, 0.02914242832398704)	(73.0, 0.017602565234632342)	(74.0, 0.011131693857860857)	(75.0, 0.008370674763148584)	(76.0, 0.0065819959842986055)	(77.0, 0.005695136135764865)	(78.0, 0.00671235369697465)	(79.0, 0.00976828040397043)	(80.0, 0.007759489421749428)	(81.0, 0.0027802521998611966)	(82.0, 0.0012971660917107967)	(83.0, 0.0006175963764487978)	(84.0, 0.0005150198156545337)	(85.0, 0.0005107457922881061)	(86.0, 0.0005021977455552507)	(87.0, 0.0005107457922881061)	(88.0, 0.0005598970610020242)	(89.0, 0.0005791301661509488)	(90.0, 0.0006453775283305776)	(91.0, 0.0007479540891248415)	(92.0, 0.0008996819186330236)	(93.0, 0.0009894364093280047)	(94.0, 0.0010300396313090675)	(95.0, 0.001036450666358709)	(96.0, 0.0009018189303162374)	(97.0, 0.000756502135857697)	(98.0, 0.0006133223530823701)	(99.0, 0.0007436800657584139)	(100.0, 0.006618325182913241)
YR_M1_R1	(0.0, 6.563565307671718e-05)	(1.0, 7.876278369206062e-05)	(2.0, 0.000100641334717633)	(3.0, 0.0001334591612559916)	(4.0, 0.000155337712281564)	(5.0, 0.000201282669435266)	(6.0, 0.0002953604388452273)	(7.0, 0.0004463224409216768)	(8.0, 0.0006541686756646145)	(9.0, 0.0009013963022535826)	(10.0, 0.0013958515554315187)	(11.0, 0.0022184850739930405)	(12.0, 0.0031417599272721957)	(13.0, 0.004454472988806539)	(14.0, 0.00728336963641305)	(15.0, 0.010394499592249445)	(16.0, 0.014048217613520035)	(17.0, 0.019325324120888096)	(18.0, 0.026801225006326184)	(19.0, 0.03699444192914036)	(20.0, 0.04994873199138177)	(21.0, 0.06782788388947954)	(22.0, 0.09001273462940994)	(23.0, 0.12096432076528721)	(24.0, 0.16363405883046106)	(25.0, 0.2122394477888727)	(26.0, 0.2711190043088931)	(27.0, 0.3494026477334937)	(28.0, 0.4480814764241329)	(29.0, 0.5575158007989434)	(30.0, 0.6914650415979079)	(31.0, 0.8624196636015256)	(32.0, 1.0728038102634296)	(33.0, 1.3116760182157314)	(34.0, 1.5675522360251084)	(35.0, 1.8755234716814755)	(36.0, 2.2583193518453006)	(37.0, 2.7064095796898435)	(38.0, 3.2191553015251584)	(39.0, 3.7803926438535513)	(40.0, 4.3483926463039495)	(41.0, 4.901852163742752)	(42.0, 5.36608219867886)	(43.0, 5.673169540873793)	(44.0, 5.855746049182195)	(45.0, 5.8547111937186855)	(46.0, 5.672325028804207)	(47.0, 5.421491817006224)	(48.0, 5.043205106208769)	(49.0, 4.645656519088401)	(50.0, 4.310345846070479)	(51.0, 3.8267182877950985)	(52.0, 3.160501094080701)	(53.0, 2.5114476236458656)	(54.0, 2.036575861490919)	(55.0, 1.6893282510334444)	(56.0, 1.3934033455717572)	(57.0, 1.1435502928597205)	(58.0, 1.0023067431488302)	(59.0, 0.8918813204125612)	(60.0, 0.7554707426232199)	(61.0, 0.6109804159401347)	(62.0, 0.46336583217059774)	(63.0, 0.36794253187256376)	(64.0, 0.2884665074170695)	(65.0, 0.22167566684620205)	(66.0, 0.17977605377712838)	(67.0, 0.14151703159870993)	(68.0, 0.10592938050051387)	(69.0, 0.08486908728329788)	(70.0, 0.06655674007489377)	(71.0, 0.04584650367408696)	(72.0, 0.02896720155785785)	(73.0, 0.018914007361607334)	(74.0, 0.013534071664419084)	(75.0, 0.009646253147174868)	(76.0, 0.006220072056570231)	(77.0, 0.004962055372599819)	(78.0, 0.006241950607595804)	(79.0, 0.005933463038135234)	(80.0, 0.003353981872220248)	(81.0, 0.0016321399065077006)	(82.0, 0.0006388536899467139)	(83.0, 0.00023847620617873912)	(84.0, 0.00012689559594831988)	(85.0, 9.40777694099613e-05)	(86.0, 9.845347961507578e-05)	(87.0, 0.00010501704492274749)	(88.0, 8.532634899973233e-05)	(89.0, 8.532634899973233e-05)	(90.0, 0.00010720490002530472)	(91.0, 0.000100641334717633)	(92.0, 0.0001115806102304192)	(93.0, 0.00017502840820457914)	(94.0, 0.00025160333679408257)	(95.0, 0.00036974751233217345)	(96.0, 0.000621350849126256)	(97.0, 0.0013827244248161754)	(98.0, 0.003804680023347039)	(99.0, 0.004156924694858755)	(100.0, 0.0014002272656366331)
YR_M1_R2	(0.0, 0.0004682301879117144)	(1.0, 0.0006104496375110669)	(2.0, 0.001575353903254366)	(3.0, 0.003684577740389379)	(4.0, 0.006640554300523613)	(5.0, 0.009209256359441148)	(6.0, 0.010929017703827164)	(7.0, 0.011745138545374218)	(8.0, 0.011014349373586776)	(9.0, 0.009955361471954674)	(10.0, 0.009320843927588333)	(11.0, 0.00863819056951144)	(12.0, 0.008465339238459919)	(13.0, 0.00923770024936102)	(14.0, 0.010944333644553248)	(15.0, 0.013073249405478939)	(16.0, 0.01613862554222806)	(17.0, 0.020980650803202938)	(18.0, 0.028218526792043834)	(19.0, 0.03869900623174996)	(20.0, 0.052201101977559256)	(21.0, 0.06861103846979223)	(22.0, 0.09014087514760191)	(23.0, 0.12123442281308497)	(24.0, 0.16300974513924554)	(25.0, 0.2125130535574817)	(26.0, 0.274297558446505)	(27.0, 0.3543430406640852)	(28.0, 0.45163646013076836)	(29.0, 0.5636484986352184)	(30.0, 0.7001572903352739)	(31.0, 0.8685341787032458)	(32.0, 1.0806774616917691)	(33.0, 1.3215643894400877)	(34.0, 1.572964616501097)	(35.0, 1.8811979236135399)	(36.0, 2.2735857610412182)	(37.0, 2.729526000516016)	(38.0, 3.237417910933691)	(39.0, 3.7929139531195686)	(40.0, 4.348657238348595)	(41.0, 4.888375673595073)	(42.0, 5.340819502601259)	(43.0, 5.634393266447307)	(44.0, 5.820860468804317)	(45.0, 5.8170227316566665)	(46.0, 5.6248645633241505)	(47.0, 5.375251925345029)	(48.0, 5.008406701065395)	(49.0, 4.615929155984892)	(50.0, 4.294718871094391)	(51.0, 3.829431531793617)	(52.0, 3.168725916777204)	(53.0, 2.524167679269148)	(54.0, 2.0424157036878334)	(55.0, 1.6905888532858908)	(56.0, 1.395468179426508)	(57.0, 1.151233624633774)	(58.0, 1.0113837698638999)	(59.0, 0.8963479270618144)	(60.0, 0.7600623104980534)	(61.0, 0.6157030051801137)	(62.0, 0.4679063651649343)	(63.0, 0.3713087270055218)	(64.0, 0.2901145492334853)	(65.0, 0.2227265980302475)	(66.0, 0.18063839291496836)	(67.0, 0.14254546033766485)	(68.0, 0.10715032131968447)	(69.0, 0.08476935593581097)	(70.0, 0.0677839776705837)	(71.0, 0.048297725083940105)	(72.0, 0.030618753502974445)	(73.0, 0.0195715842564032)	(74.0, 0.013267980651853438)	(75.0, 0.00991160164130872)	(76.0, 0.006647118275120506)	(77.0, 0.004927356930734489)	(78.0, 0.006218271934790152)	(79.0, 0.006356115401324908)	(80.0, 0.0038311731730533262)	(81.0, 0.002023892167375401)	(82.0, 0.0009889721725985742)	(83.0, 0.000511990018557669)	(84.0, 0.00036101860282912554)	(85.0, 0.00034789065363533916)	(86.0, 0.0004266583487980575)	(87.0, 0.0004769821540409053)	(88.0, 0.0004726061709763098)	(89.0, 0.0004835461286377985)	(90.0, 0.0004988620693638826)	(91.0, 0.0005557498492036236)	(92.0, 0.0006848413496091897)	(93.0, 0.0008489407145315195)	(94.0, 0.0009211444350973447)	(95.0, 0.0009123924689681537)	(96.0, 0.0007833009685625877)	(97.0, 0.000658585451221617)	(98.0, 0.000682653358076892)	(99.0, 0.000901452511306665)	(100.0, 0.007314455692471314)
YR_M2_R1	(0.0, 3.4120143122911355e-05)	(1.0, 3.625265206809332e-05)	(2.0, 5.5445232574730953e-05)	(3.0, 9.596290253318817e-05)	(4.0, 0.00016207067983382893)	(5.0, 0.0002068533676826501)	(6.0, 0.00031987634177729394)	(7.0, 0.0004840795305563049)	(8.0, 0.0006696078087871353)	(9.0, 0.0009809541147837015)	(10.0, 0.0014394435379978228)	(11.0, 0.0021303764362367774)	(12.0, 0.0031561132388693005)	(13.0, 0.004830132760837138)	(14.0, 0.0076663696579291445)	(15.0, 0.010526064153418153)	(16.0, 0.014076691547146115)	(17.0, 0.019627612331454755)	(18.0, 0.027012490808619886)	(19.0, 0.03725066625443847)	(20.0, 0.05090725353938374)	(21.0, 0.06875635341055675)	(22.0, 0.09240374510367949)	(23.0, 0.12450440225550354)	(24.0, 0.16557652453970806)	(25.0, 0.21358356591364433)	(26.0, 0.27614071582055716)	(27.0, 0.35512458213220655)	(28.0, 0.453657157944339)	(29.0, 0.5678935296287914)	(30.0, 0.7055320544776705)	(31.0, 0.8756273654722193)	(32.0, 1.0865111750612633)	(33.0, 1.3238636856779058)	(34.0, 1.5738449142679158)	(35.0, 1.886014368717322)	(36.0, 2.274636401360447)	(37.0, 2.7324882043999588)	(38.0, 3.255460433098492)	(39.0, 3.813953863296921)	(40.0, 4.3661798497054605)	(41.0, 4.905787780685359)	(42.0, 5.378663109243678)	(43.0, 5.694206192844362)	(44.0, 5.878975297890707)	(45.0, 5.870165903438161)	(46.0, 5.668466809876016)	(47.0, 5.405677732561243)	(48.0, 5.027551908946304)	(49.0, 4.624844654720252)	(50.0, 4.268427772167265)	(51.0, 3.7665823095886495)	(52.0, 3.114518651893526)	(53.0, 2.4967883882158324)	(54.0, 2.030479054699729)	(55.0, 1.6760240803763093)	(56.0, 1.3800915490355183)	(57.0, 1.1390519304526563)	(58.0, 0.9963422993321345)	(59.0, 0.8801461519270599)	(60.0, 0.7438468426957549)	(61.0, 0.6020328653322093)	(62.0, 0.4591590310229084)	(63.0, 0.36642687954167097)	(64.0, 0.28750698849837697)	(65.0, 0.22122221295528613)	(66.0, 0.17821590505780155)	(67.0, 0.13919312386991686)	(68.0, 0.10417519448108392)	(69.0, 0.08310174108479579)	(70.0, 0.06573032321734354)	(71.0, 0.04505991401169481)	(72.0, 0.027656508510064837)	(73.0, 0.017537753565176437)	(74.0, 0.011455838053517487)	(75.0, 0.008120594063252903)	(76.0, 0.005388850104474812)	(77.0, 0.004064562049516815)	(78.0, 0.0050049984943420596)	(79.0, 0.005039118637464971)	(80.0, 0.002855429477598644)	(81.0, 0.0013392156175742705)	(82.0, 0.0005928374867605848)	(83.0, 0.00022178093029892381)	(84.0, 0.0001642031887790109)	(85.0, 0.00013861308143682738)	(86.0, 9.809541147837014e-05)	(87.0, 0.0001002279204235521)	(88.0, 0.00011302297409464387)	(89.0, 9.809541147837014e-05)	(90.0, 0.00011302297409464387)	(91.0, 0.00014927562616273718)	(92.0, 0.000157805661943465)	(93.0, 0.00020258834979228617)	(94.0, 0.00031561132388693)	(95.0, 0.0004542244053237574)	(96.0, 0.0007634382023751416)	(97.0, 0.0018744753628149424)	(98.0, 0.0056148960526641)	(99.0, 0.006320756513519329)	(100.0, 0.0021602315614693253)
YR_M2_R2	(0.0, 0.0003668128387393939)	(1.0, 0.0005480866253257223)	(2.0, 0.00132649759125525)	(3.0, 0.003152031253818746)	(4.0, 0.005480866253257223)	(5.0, 0.007553785318691473)	(6.0, 0.008997577713031994)	(7.0, 0.009343064223937703)	(8.0, 0.008846160785412826)	(9.0, 0.008084810881750247)	(10.0, 0.007466347374573362)	(11.0, 0.007031290286766174)	(12.0, 0.0071357892931512325)	(13.0, 0.00825968676998647)	(14.0, 0.010349666897687668)	(15.0, 0.012861908316495842)	(16.0, 0.01584759421321184)	(17.0, 0.021012830814530512)	(18.0, 0.02855808560208851)	(19.0, 0.03888002827359239)	(20.0, 0.052398787487365754)	(21.0, 0.06972642885223537)	(22.0, 0.09225982684130768)	(23.0, 0.12439220498832193)	(24.0, 0.1671856144193956)	(25.0, 0.21768422609677998)	(26.0, 0.2814819358112507)	(27.0, 0.36152390943663987)	(28.0, 0.4605420495684426)	(29.0, 0.576171266449903)	(30.0, 0.7131118827355656)	(31.0, 0.8858636687195532)	(32.0, 1.0997475431963704)	(33.0, 1.3360667145542249)	(34.0, 1.5905217951018458)	(35.0, 1.9028629272884396)	(36.0, 2.2951223403989878)	(37.0, 2.756169823937088)	(38.0, 3.2655278379168373)	(39.0, 3.8095539304230264)	(40.0, 4.35612212120699)	(41.0, 4.890724109443473)	(42.0, 5.350378983774034)	(43.0, 5.659248189789304)	(44.0, 5.842097992002541)	(45.0, 5.835414320859464)	(46.0, 5.639256890078007)	(47.0, 5.367683166178287)	(48.0, 4.989433017821687)	(49.0, 4.595292622596208)	(50.0, 4.249102342871988)	(51.0, 3.762887659857355)	(52.0, 3.1205450634050917)	(53.0, 2.509191753927958)	(54.0, 2.035717419161168)	(55.0, 1.6769979218346578)	(56.0, 1.385059687486551)	(57.0, 1.142014192329952)	(58.0, 0.9999254005052378)	(59.0, 0.88505753352744)	(60.0, 0.7474941884690337)	(61.0, 0.6055354872441049)	(62.0, 0.4638177735236967)	(63.0, 0.3682694269304347)	(64.0, 0.28914661803467734)	(65.0, 0.22504607446496827)	(66.0, 0.18109464543252543)	(67.0, 0.14041680772255333)	(68.0, 0.10559304700292797)	(69.0, 0.08326224912827569)	(70.0, 0.0655315401673494)	(71.0, 0.04657456735598618)	(72.0, 0.029306639709050883)	(73.0, 0.01885673907054489)	(74.0, 0.012977070486797746)	(75.0, 0.009155392539001269)	(76.0, 0.006073738167033685)	(77.0, 0.004664067897227061)	(78.0, 0.005229215584819732)	(79.0, 0.004770699536395489)	(80.0, 0.0029217069132149403)	(81.0, 0.0016527904071106413)	(82.0, 0.0008594510116975335)	(83.0, 0.0005779434842928823)	(84.0, 0.0005054339696583509)	(85.0, 0.0004734444779078224)	(86.0, 0.000524627664708668)	(87.0, 0.0005928719137764623)	(88.0, 0.0006227287727436223)	(89.0, 0.0006931056545947851)	(90.0, 0.000722962513561945)	(91.0, 0.0007741457003627907)	(92.0, 0.0009340931591154334)	(93.0, 0.0011537543358023962)	(94.0, 0.0012966407322880901)	(95.0, 0.0012219985848701902)	(96.0, 0.0010663163916842847)	(97.0, 0.0008871752378813248)	(98.0, 0.0007848088642796335)	(99.0, 0.000981011080349542)	(100.0, 0.00676897645441184)
YR_M3_R1	(0.0, 8.938814770625224e-05)	(1.0, 8.938814770625224e-05)	(2.0, 8.938814770625224e-05)	(3.0, 0.00010002959386175848)	(4.0, 0.00015323682463928956)	(5.0, 0.0002490098400388456)	(6.0, 0.0003554243015939077)	(7.0, 0.00044268416006905875)	(8.0, 0.0007470295201165366)	(9.0, 0.0012067399940344052)	(10.0, 0.001681348492569983)	(11.0, 0.0023964536742200004)	(12.0, 0.0034010061912997875)	(13.0, 0.005073841526945365)	(14.0, 0.007976828038167462)	(15.0, 0.01105433426633986)	(16.0, 0.014561754919194711)	(17.0, 0.020178310200070892)	(18.0, 0.027706069210475994)	(19.0, 0.037434479285839775)	(20.0, 0.050646898832516295)	(21.0, 0.06921835066310575)	(22.0, 0.09228049277131883)	(23.0, 0.12108475922504307)	(24.0, 0.1613626329236341)	(25.0, 0.21120716671602524)	(26.0, 0.2725231794640521)	(27.0, 0.3503696146700423)	(28.0, 0.4482560212760818)	(29.0, 0.5629048338662747)	(30.0, 0.6980831243796702)	(31.0, 0.867660953735355)	(32.0, 1.0769973542172424)	(33.0, 1.3076102621424488)	(34.0, 1.5538575827593248)	(35.0, 1.8595054558162367)	(36.0, 2.248767427895423)	(37.0, 2.701739738107625)	(38.0, 3.2083215257620368)	(39.0, 3.7684042481078714)	(40.0, 4.326618332508798)	(41.0, 4.859959100665845)	(42.0, 5.330059882609951)	(43.0, 5.659189170753603)	(44.0, 5.85001158321414)	(45.0, 5.855219506962645)	(46.0, 5.673189057315787)	(47.0, 5.415012675558588)	(48.0, 5.037258363351966)	(49.0, 4.634967004599978)	(50.0, 4.29026928073082)	(51.0, 3.812817387782492)	(52.0, 3.1680691915342187)	(53.0, 2.5356310201986356)	(54.0, 2.0624144228201984)	(55.0, 1.7098867228698194)	(56.0, 1.4128456514634808)	(57.0, 1.162846156932173)	(58.0, 1.0200805153099017)	(59.0, 0.905391265224318)	(60.0, 0.765683975227139)	(61.0, 0.6223734915617057)	(62.0, 0.4742977683078366)	(63.0, 0.37628792092639324)	(64.0, 0.29718792336328437)	(65.0, 0.23091512499602276)	(66.0, 0.18554212687817534)	(67.0, 0.14316363170848737)	(68.0, 0.10718915883518305)	(69.0, 0.08502941136095689)	(70.0, 0.06668142989963306)	(71.0, 0.0465435571949531)	(72.0, 0.029455522958441213)	(73.0, 0.018624659061366986)	(74.0, 0.01235259069731162)	(75.0, 0.00845143653670304)	(76.0, 0.005465446745467994)	(77.0, 0.004539640929938953)	(78.0, 0.00557824607471636)	(79.0, 0.0053143382100598055)	(80.0, 0.003296720018975827)	(81.0, 0.0017579669048896273)	(82.0, 0.0006682828185657905)	(83.0, 0.0002553947077321493)	(84.0, 0.00016174998156369454)	(85.0, 0.0001511085354081883)	(86.0, 0.00011918419694166967)	(87.0, 9.151643693735348e-05)	(88.0, 0.00011067104001726469)	(89.0, 0.00011279932924836593)	(90.0, 0.00011067104001726469)	(91.0, 0.00012769735386607465)	(92.0, 0.00014898024617708707)	(93.0, 0.00018728945233690945)	(94.0, 0.0002490098400388456)	(95.0, 0.00042991442468245125)	(96.0, 0.0008257762216672826)	(97.0, 0.001630269551023553)	(98.0, 0.004624772499183003)	(99.0, 0.005103637576180783)	(100.0, 0.0016345261294857553)
YR_M3_R2	(0.0, 0.0005789419363594245)	(1.0, 0.0006598235304096382)	(2.0, 0.001600604176993703)	(3.0, 0.0036864979182886885)	(4.0, 0.006251295834880992)	(5.0, 0.008607504377343797)	(6.0, 0.01061251652458857)	(7.0, 0.011229770794971778)	(8.0, 0.010676370414628211)	(9.0, 0.010039959977233108)	(10.0, 0.009146005516678114)	(11.0, 0.008813965288471974)	(12.0, 0.008816093751473296)	(13.0, 0.009256685592746828)	(14.0, 0.011466030188118455)	(15.0, 0.014107452772758329)	(16.0, 0.016821243099443134)	(17.0, 0.021518760943359493)	(18.0, 0.028957739132977833)	(19.0, 0.03922118772534969)	(20.0, 0.05231762057248035)	(21.0, 0.06960074014321023)	(22.0, 0.09158137755785647)	(23.0, 0.12320820929449135)	(24.0, 0.16520278431056284)	(25.0, 0.21385306313176639)	(26.0, 0.2745589563924544)	(27.0, 0.3530375157141763)	(28.0, 0.45273897962207393)	(29.0, 0.5675206038943339)	(30.0, 0.7036336843658368)	(31.0, 0.8755049432595398)	(32.0, 1.0840645189070197)	(33.0, 1.3204516198337761)	(34.0, 1.573928150198142)	(35.0, 1.8830150333980322)	(36.0, 2.2734283594154125)	(37.0, 2.725224429927901)	(38.0, 3.234946621021352)	(39.0, 3.789677290740746)	(40.0, 4.335178944886409)	(41.0, 4.859968525566214)	(42.0, 5.317234745992099)	(43.0, 5.632204700927641)	(44.0, 5.8177236645858175)	(45.0, 5.8095567520497475)	(46.0, 5.627100646650473)	(47.0, 5.375141710406049)	(48.0, 4.9969542758682595)	(49.0, 4.602828910376575)	(50.0, 4.27313424839789)	(51.0, 3.8023629302286213)	(52.0, 3.1573088045851523)	(53.0, 2.5310639064843605)	(54.0, 2.055416279579064)	(55.0, 1.7007696458358887)	(56.0, 1.408944597576715)	(57.0, 1.1659528759568585)	(58.0, 1.02166436909728)	(59.0, 0.9055035008001637)	(60.0, 0.7676088967965546)	(61.0, 0.6232054529349046)	(62.0, 0.4772993141943217)	(63.0, 0.3798561495308261)	(64.0, 0.29955988280597573)	(65.0, 0.23210676183109882)	(66.0, 0.185891444683407)	(67.0, 0.14453115164172928)	(68.0, 0.10979889238616646)	(69.0, 0.08717971607112378)	(70.0, 0.06744673558587296)	(71.0, 0.046917709938127924)	(72.0, 0.029936832113585683)	(73.0, 0.019222149364933685)	(74.0, 0.013109203625138587)	(75.0, 0.009382264909824791)	(76.0, 0.005940540236688066)	(77.0, 0.004716674010928253)	(78.0, 0.005953311014695994)	(79.0, 0.005655326194510996)	(80.0, 0.0035311201191922255)	(81.0, 0.0019943698322381644)	(82.0, 0.0009088537015642436)	(83.0, 0.0006257681223884956)	(84.0, 0.0005214734353237464)	(85.0, 0.00044484876727617545)	(86.0, 0.000457619545284104)	(87.0, 0.0004916749533052466)	(88.0, 0.0006087404183779243)	(89.0, 0.0006704658454162453)	(90.0, 0.0006449242894003884)	(91.0, 0.0007066497164387093)	(92.0, 0.0008854406085497081)	(93.0, 0.0010897730566765639)	(94.0, 0.0012728208747902054)	(95.0, 0.0012877201157994553)	(96.0, 0.0011068007606871353)	(97.0, 0.0009556798875933148)	(98.0, 0.0008769267565444224)	(99.0, 0.0011451130947109207)	(100.0, 0.008877819178511616)
YR_P1_R1	(0.0, 4.442322297723685e-06)	(1.0, 8.88464459544737e-06)	(2.0, 2.4432772637480267e-05)	(3.0, 4.220206182837501e-05)	(4.0, 7.774064021016449e-05)	(5.0, 0.00015770244156919081)	(6.0, 0.00023544308177935532)	(7.0, 0.0002931932716497632)	(8.0, 0.0004753284858564343)	(9.0, 0.000790733368994816)	(10.0, 0.001126128702472954)	(11.0, 0.001581466737989632)	(12.0, 0.0023966328796219283)	(13.0, 0.003878147365912777)	(14.0, 0.006170385671538199)	(15.0, 0.00899126033059274)	(16.0, 0.012711705254936324)	(17.0, 0.017882568409486696)	(18.0, 0.02499028408584459)	(19.0, 0.03544973193583501)	(20.0, 0.04883667018002533)	(21.0, 0.06627500635973965)	(22.0, 0.08988150704984332)	(23.0, 0.12193286242791972)	(24.0, 0.16339305643257487)	(25.0, 0.21255179497918514)	(26.0, 0.27472209553582816)	(27.0, 0.3533378732386442)	(28.0, 0.45027823041957044)	(29.0, 0.5689615340867052)	(30.0, 0.7139611550455552)	(31.0, 0.8914363731619142)	(32.0, 1.112370830316904)	(33.0, 1.3550260223466135)	(34.0, 1.6233511737737196)	(35.0, 1.9528959687857557)	(36.0, 2.3588931305416163)	(37.0, 2.843799263271943)	(38.0, 3.3946538916731264)	(39.0, 3.981191473930776)	(40.0, 4.566072069971374)	(41.0, 5.1285633616314446)	(42.0, 5.592061943209041)	(43.0, 5.898682134003674)	(44.0, 6.056235757775891)	(45.0, 6.006295170504881)	(46.0, 5.753587003115423)	(47.0, 5.410497567417627)	(48.0, 4.9614276486630375)	(49.0, 4.487722831606422)	(50.0, 4.0543965030749645)	(51.0, 3.5159914829131513)	(52.0, 2.878751455110433)	(53.0, 2.324431815317025)	(54.0, 1.9076509161834403)	(55.0, 1.5603834763646354)	(56.0, 1.2688516332542208)	(57.0, 1.0375221419225578)	(58.0, 0.910522810914084)	(59.0, 0.8115567547653958)	(60.0, 0.6928534606479212)	(61.0, 0.5614828844984874)	(62.0, 0.4203569685832526)	(63.0, 0.32887622550622875)	(64.0, 0.25874750455321377)	(65.0, 0.19968682960497738)	(66.0, 0.16339971991602145)	(67.0, 0.13092856508081016)	(68.0, 0.0966293946200856)	(69.0, 0.0754994886109629)	(70.0, 0.05970481168140633)	(71.0, 0.04065391250761831)	(72.0, 0.02730029168066091)	(73.0, 0.020703443068541234)	(74.0, 0.01660984307118886)	(75.0, 0.013093744972540563)	(76.0, 0.008791355827195174)	(77.0, 0.007756294731825554)	(78.0, 0.012000933687300536)	(79.0, 0.011900981435601752)	(80.0, 0.006390280625275522)	(81.0, 0.00313405838104406)	(82.0, 0.0012438502433626318)	(83.0, 0.000366491589562204)	(84.0, 0.00012882734663398687)	(85.0, 9.995225169878292e-05)	(86.0, 8.662528480561187e-05)	(87.0, 0.00012216386318740133)	(88.0, 0.00011772154088967766)	(89.0, 8.440412365675001e-05)	(90.0, 9.550992940105923e-05)	(91.0, 9.995225169878292e-05)	(92.0, 0.0001199427020385395)	(93.0, 0.0001465966358248816)	(94.0, 0.000197683342248704)	(95.0, 0.00025321237097025007)	(96.0, 0.0005042035807916384)	(97.0, 0.00149484145318402)	(98.0, 0.004593361255846291)	(99.0, 0.005446287137009238)	(100.0, 0.0020545740626972046)
YR_P1_R2	(0.0, 0.00031541663205228275)	(1.0, 0.00037094772924458605)	(2.0, 0.0008018690434568596)	(3.0, 0.0017903225734798584)	(4.0, 0.0033096533926612764)	(5.0, 0.004733470724671934)	(6.0, 0.0055731009142195595)	(7.0, 0.00597958854566722)	(8.0, 0.005852977644068768)	(9.0, 0.005422056329856494)	(10.0, 0.005075542283376522)	(11.0, 0.005026674917847295)	(12.0, 0.005439826280958031)	(13.0, 0.006334987567697961)	(14.0, 0.008185283726145506)	(15.0, 0.010697510563125307)	(16.0, 0.014022712663000429)	(17.0, 0.0188583606065062)	(18.0, 0.025817517706645653)	(19.0, 0.0356287519585818)	(20.0, 0.0490384013085792)	(21.0, 0.0674147519914562)	(22.0, 0.09007366088980365)	(23.0, 0.12218618377416879)	(24.0, 0.16458972959021162)	(25.0, 0.21327273187676005)	(26.0, 0.277146821111235)	(27.0, 0.35810449708595016)	(28.0, 0.45741631130466537)	(29.0, 0.5790938302285527)	(30.0, 0.7259202724488903)	(31.0, 0.9049902909429669)	(32.0, 1.1261817572793493)	(33.0, 1.371904641111404)	(34.0, 1.6408128686431889)	(35.0, 1.9694792204855551)	(36.0, 2.381373359555858)	(37.0, 2.8702335993346932)	(38.0, 3.410435670333644)	(39.0, 3.989331809856192)	(40.0, 4.564025355943227)	(41.0, 5.111848514720849)	(42.0, 5.5748801305736)	(43.0, 5.870112319418426)	(44.0, 6.025659365141841)	(45.0, 5.978637853283287)	(46.0, 5.720138374609228)	(47.0, 5.374959295705758)	(48.0, 4.929910870367762)	(49.0, 4.4589516350798375)	(50.0, 4.036397746592501)	(51.0, 3.515376116563771)	(52.0, 2.8870328668573086)	(53.0, 2.3315419741793724)	(54.0, 1.9064181065139754)	(55.0, 1.5602683440315843)	(56.0, 1.2696807761559241)	(57.0, 1.038869102541947)	(58.0, 0.9128512730615093)	(59.0, 0.8131662898696619)	(60.0, 0.6894607752763117)	(61.0, 0.5548933780721469)	(62.0, 0.4201793787713945)	(63.0, 0.3350235518489412)	(64.0, 0.26290198405946535)	(65.0, 0.2008981821784272)	(66.0, 0.16314369981932403)	(67.0, 0.13007604206325124)	(68.0, 0.09795907669111072)	(69.0, 0.0766773390031324)	(70.0, 0.060162390698141395)	(71.0, 0.0420370405745736)	(72.0, 0.02815204503261008)	(73.0, 0.020964099812038343)	(74.0, 0.016934763399764814)	(75.0, 0.013260826009522027)	(76.0, 0.008571780162603937)	(77.0, 0.007705495046404005)	(78.0, 0.012025814407965203)	(79.0, 0.012114664163472887)	(80.0, 0.00678145758912408)	(81.0, 0.003382954440955117)	(82.0, 0.0016059593308014113)	(83.0, 0.0007885415801307068)	(84.0, 0.00060417833745226)	(85.0, 0.0005952933619014914)	(86.0, 0.0005153285819445747)	(87.0, 0.0004686824603030398)	(88.0, 0.0005286560452707274)	(89.0, 0.0006308332641045655)	(90.0, 0.000706355556286098)	(91.0, 0.0007485591901522484)	(92.0, 0.0008662851161999316)	(93.0, 0.000977347310584538)	(94.0, 0.0010906307488568368)	(95.0, 0.0010128872127876123)	(96.0, 0.0007641078973660934)	(97.0, 0.0006086208252276442)	(98.0, 0.0004531337530891949)	(99.0, 0.0004509125092015028)	(100.0, 0.004313655629898121)
YR_P2_R1	(0.0, 2.5930788348907833e-05)	(1.0, 3.4574384465210446e-05)	(2.0, 5.618337475596697e-05)	(3.0, 7.563146601764785e-05)	(4.0, 0.00012101034562823656)	(5.0, 0.00022473349902386787)	(6.0, 0.00034358294562302877)	(7.0, 0.0005250984640653837)	(8.0, 0.0008168198329905967)	(9.0, 0.00115824187958455)	(10.0, 0.0016141915747195125)	(11.0, 0.0023488972446052345)	(12.0, 0.003466082042637347)	(13.0, 0.005212088458130475)	(14.0, 0.007807328192050334)	(15.0, 0.011158882586146671)	(16.0, 0.014905881502563854)	(17.0, 0.020128774455839705)	(18.0, 0.027709208249837098)	(19.0, 0.03816579865153418)	(20.0, 0.05177730163568172)	(21.0, 0.06940591591488089)	(22.0, 0.09109702036874229)	(23.0, 0.12171912050977338)	(24.0, 0.1636340789767538)	(25.0, 0.21148934887466322)	(26.0, 0.2722754385625613)	(27.0, 0.34767784928312717)	(28.0, 0.44229497417023367)	(29.0, 0.556243501771451)	(30.0, 0.6905152847411248)	(31.0, 0.8596661389391087)	(32.0, 1.0707060208157242)	(33.0, 1.30717968426456)	(34.0, 1.558416609880041)	(35.0, 1.8590430437040748)	(36.0, 2.2453296759396966)	(37.0, 2.722912131254736)	(38.0, 3.2588194122635556)	(39.0, 3.8293053995356443)	(40.0, 4.410254459906517)	(41.0, 4.979940914537848)	(42.0, 5.477075184267964)	(43.0, 5.794748950532376)	(44.0, 5.98842168691231)	(45.0, 5.990353530644303)	(46.0, 5.749354944628584)	(47.0, 5.4443937473522235)	(48.0, 5.042777697404339)	(49.0, 4.626547487322815)	(50.0, 4.259518787234316)	(51.0, 3.73907922147562)	(52.0, 3.067432907056383)	(53.0, 2.443650506131173)	(54.0, 1.9740028720508995)	(55.0, 1.6193518016009452)	(56.0, 1.3301025011649947)	(57.0, 1.0904134199608941)	(58.0, 0.9677672737676474)	(59.0, 0.8675447767991186)	(60.0, 0.7325166791692683)	(61.0, 0.588605125630888)	(62.0, 0.4391162916984634)	(63.0, 0.3465714689802404)	(64.0, 0.2713937917586985)	(65.0, 0.20889410914074336)	(66.0, 0.16994174324262565)	(67.0, 0.1335457208959044)	(68.0, 0.09743277632199211)	(69.0, 0.07535487094192617)	(70.0, 0.058839119662700945)	(71.0, 0.04040665094468563)	(72.0, 0.0258270651955122)	(73.0, 0.017066780531639507)	(74.0, 0.01172071633370634)	(75.0, 0.008209255411458404)	(76.0, 0.005220732054246777)	(77.0, 0.004189983217377691)	(78.0, 0.005315811611526106)	(79.0, 0.005050021030949801)	(80.0, 0.002979879761095325)	(81.0, 0.0016098697766613614)	(82.0, 0.0006309825164900906)	(83.0, 0.0002463424893146244)	(84.0, 0.00014261933591899309)	(85.0, 0.0001231712446573122)	(86.0, 0.000105884052424707)	(87.0, 8.427506213395047e-05)	(88.0, 7.34705669885722e-05)	(89.0, 7.34705669885722e-05)	(90.0, 9.291865825025306e-05)	(91.0, 0.00011020585048285829)	(92.0, 0.00012965394174453918)	(93.0, 0.00016855012426790093)	(94.0, 0.00023985979222739746)	(95.0, 0.0003198130563031966)	(96.0, 0.0008124980349324454)	(97.0, 0.002290552970820192)	(98.0, 0.006478375289168808)	(99.0, 0.007327608607595538)	(100.0, 0.002601722431007086)
YR_P2_R2	(0.0, 0.0002636423574726725)	(1.0, 0.0003544044805370352)	(2.0, 0.0009724513185467428)	(3.0, 0.002279858091259586)	(4.0, 0.0040540414968748655)	(5.0, 0.005668310685662458)	(6.0, 0.006804998226897095)	(7.0, 0.007209105774826521)	(8.0, 0.007124826660552469)	(9.0, 0.006897921352891563)	(10.0, 0.006336060591064555)	(11.0, 0.00628851852660227)	(12.0, 0.006910887370472185)	(13.0, 0.007818508601115813)	(14.0, 0.009923325455036984)	(15.0, 0.012780171328634305)	(16.0, 0.016551121441665564)	(17.0, 0.021512784169184056)	(18.0, 0.02809952110014066)	(19.0, 0.03901906890595553)	(20.0, 0.053510754555232104)	(21.0, 0.06977662361012395)	(22.0, 0.09083127515812599)	(23.0, 0.1230280578137436)	(24.0, 0.16517193695662932)	(25.0, 0.21438013467802464)	(26.0, 0.27674451823789226)	(27.0, 0.35484964714063655)	(28.0, 0.4497868278659599)	(29.0, 0.5656835760103608)	(30.0, 0.7032011584704507)	(31.0, 0.8718631151591978)	(32.0, 1.0895128472704696)	(33.0, 1.329539764722967)	(34.0, 1.5796585658590494)	(35.0, 1.892589078161531)	(36.0, 2.2845539506267016)	(37.0, 2.7523786699502386)	(38.0, 3.282384087584584)	(39.0, 3.8444717547192524)	(40.0, 4.415231526612427)	(41.0, 4.976083100071076)	(42.0, 5.458719333477545)	(43.0, 5.763135494235417)	(44.0, 5.950736480603594)	(45.0, 5.947484171193787)	(46.0, 5.710724690171608)	(47.0, 5.408685632636849)	(48.0, 5.006404132183363)	(49.0, 4.586240332483267)	(50.0, 4.224347976793422)	(51.0, 3.7257570587539957)	(52.0, 3.069415087819918)	(53.0, 2.449719404574541)	(54.0, 1.9719389447520153)	(55.0, 1.6097807857017674)	(56.0, 1.3272210085789655)	(57.0, 1.0931649422223453)	(58.0, 0.9659899197857322)	(59.0, 0.8662185755057665)	(60.0, 0.7301942460703782)	(61.0, 0.5852147204926396)	(62.0, 0.4400018065984496)	(63.0, 0.34816350407489516)	(64.0, 0.2727942048816624)	(65.0, 0.21038444026026254)	(66.0, 0.17012063366656718)	(67.0, 0.1337487933499889)	(68.0, 0.09774216252859816)	(69.0, 0.07624882738578505)	(70.0, 0.05940164854269526)	(71.0, 0.04118655484484972)	(72.0, 0.027243763939819525)	(73.0, 0.017901748272980484)	(74.0, 0.01232419971038239)	(75.0, 0.008762866881571204)	(76.0, 0.005596997588969031)	(77.0, 0.004367386921739927)	(78.0, 0.005393863313539267)	(79.0, 0.005225305084991165)	(80.0, 0.003247987403946121)	(81.0, 0.0018238864730076689)	(82.0, 0.000950841289245704)	(83.0, 0.0005856317940581495)	(84.0, 0.0006072418233591883)	(85.0, 0.0006439788731709542)	(86.0, 0.0006396568673107464)	(87.0, 0.0006850379288429277)	(88.0, 0.0007801220577674981)	(89.0, 0.0008082150958588485)	(90.0, 0.0008384691368803028)	(91.0, 0.0010091883683585087)	(92.0, 0.0012987627609924277)	(93.0, 0.0016034641741370737)	(94.0, 0.0018109204554270456)	(95.0, 0.0017957934349163186)	(96.0, 0.0015062190422823994)	(97.0, 0.0011755855939765067)	(98.0, 0.0009810953302671584)	(99.0, 0.0013333388078740896)	(100.0, 0.006072418233591882)
YR_P3_R1	(0.0, 4.22794723860082e-05)	(1.0, 5.872148942501139e-05)	(2.0, 7.751236604101503e-05)	(3.0, 0.0001103964001190214)	(4.0, 0.00019965306404503874)	(5.0, 0.0002701188513550524)	(6.0, 0.00033588691951106514)	(7.0, 0.0004932605111700956)	(8.0, 0.0007257976092931407)	(9.0, 0.0010381959330342013)	(10.0, 0.0015807824953213067)	(11.0, 0.0022877892279984436)	(12.0, 0.0033541714759566504)	(13.0, 0.005296678346136028)	(14.0, 0.00839952184735363)	(15.0, 0.011253386233409183)	(16.0, 0.014377369470819787)	(17.0, 0.019601233170068802)	(18.0, 0.027418237842326318)	(19.0, 0.03827701566679942)	(20.0, 0.05197086700071207)	(21.0, 0.06897661033819538)	(22.0, 0.0902290917908955)	(23.0, 0.11969788404394323)	(24.0, 0.16025799121958706)	(25.0, 0.2088746867443425)	(26.0, 0.26652039848308773)	(27.0, 0.33891459950581876)	(28.0, 0.43277737706233393)	(29.0, 0.5426711212318772)	(30.0, 0.6738901615010077)	(31.0, 0.8372110656090034)	(32.0, 1.040619956117666)	(33.0, 1.2719309495415168)	(34.0, 1.5151224747058358)	(35.0, 1.8145081163903138)	(36.0, 2.2069485279368193)	(37.0, 2.669345024265129)	(38.0, 3.1785331522268647)	(39.0, 3.7465813523286546)	(40.0, 4.324311551606841)	(41.0, 4.878729319583297)	(42.0, 5.363061815501214)	(43.0, 5.702528397007628)	(44.0, 5.923657084165182)	(45.0, 5.925794546380252)	(46.0, 5.730660688161363)	(47.0, 5.459762015426746)	(48.0, 5.061813528172174)	(49.0, 4.660447450233067)	(50.0, 4.305558256744069)	(51.0, 3.812391699957053)	(52.0, 3.159108083525071)	(53.0, 2.541144268552444)	(54.0, 2.074536267002572)	(55.0, 1.7148953305893018)	(56.0, 1.4116293728836187)	(57.0, 1.1560405668718914)	(58.0, 1.0234544903289466)	(59.0, 0.9167105668521608)	(60.0, 0.7726996373266859)	(61.0, 0.6143418735048921)	(62.0, 0.45822492171955687)	(63.0, 0.3639276051412966)	(64.0, 0.2862273303341215)	(65.0, 0.22203534695427607)	(66.0, 0.18118398119108414)	(67.0, 0.14462398187507206)	(68.0, 0.10845389324884204)	(69.0, 0.08521427659399954)	(70.0, 0.06582678964543777)	(71.0, 0.045448083955381816)	(72.0, 0.029511071725433727)	(73.0, 0.019836119127768847)	(74.0, 0.014607557709365834)	(75.0, 0.011030244573594139)	(76.0, 0.007401256527128435)	(77.0, 0.006250315334398212)	(78.0, 0.00851226710704965)	(79.0, 0.008340800357928618)	(80.0, 0.004862139324390943)	(81.0, 0.002541466062314493)	(82.0, 0.0010076607585331953)	(83.0, 0.00035702665570406925)	(84.0, 0.0002160950810840419)	(85.0, 0.0001573735916590305)	(86.0, 0.00011509411927302233)	(87.0, 9.630324265701868e-05)	(88.0, 0.0001103964001190214)	(89.0, 0.00011979183842702324)	(90.0, 9.865210223401913e-05)	(91.0, 0.0001268384171580246)	(92.0, 0.00014562929377402825)	(93.0, 0.0001526758725050296)	(94.0, 0.00018555990658303598)	(95.0, 0.00034293349824206655)	(96.0, 0.0007046578731001367)	(97.0, 0.0019190182744093724)	(98.0, 0.006306687964246223)	(99.0, 0.007229789778007403)	(100.0, 0.0024921400111974834)
YR_P3_R2	(0.0, 0.0004697978915376668)	(1.0, 0.0005238246490644985)	(2.0, 0.001026508393009802)	(3.0, 0.0022409359426346707)	(4.0, 0.003953349257289467)	(5.0, 0.005938245349036109)	(6.0, 0.007793947020609892)	(7.0, 0.008625489288631563)	(8.0, 0.008240255017570676)	(9.0, 0.007622470790198644)	(10.0, 0.0070093845417419885)	(11.0, 0.006708713891157882)	(12.0, 0.007244283487510822)	(13.0, 0.008200322196789974)	(14.0, 0.010464748034001528)	(15.0, 0.013299978309431347)	(16.0, 0.016205678268591817)	(17.0, 0.020943590004749185)	(18.0, 0.028244249239244526)	(19.0, 0.038417722580492704)	(20.0, 0.051727096847754804)	(21.0, 0.06911196782410617)	(22.0, 0.09170924640706794)	(23.0, 0.12218738462057407)	(24.0, 0.16142960250071536)	(25.0, 0.2085010022433319)	(26.0, 0.268606944486661)	(27.0, 0.3433517890303038)	(28.0, 0.4371046562655606)	(29.0, 0.5505702430297379)	(30.0, 0.6850240505983605)	(31.0, 0.8524529721740118)	(32.0, 1.0580083416374026)	(33.0, 1.2862338083569433)	(34.0, 1.5360723270766745)	(35.0, 1.8449879306572676)	(36.0, 2.240219500850076)	(37.0, 2.699042913641423)	(38.0, 3.2093632223136708)	(39.0, 3.7798787348286407)	(40.0, 4.3483905593362016)	(41.0, 4.8930061140907)	(42.0, 5.373367411219592)	(43.0, 5.699533993377448)	(44.0, 5.906294394432631)	(45.0, 5.9041497670577625)	(46.0, 5.695338698206016)	(47.0, 5.410272384589333)	(48.0, 5.012076389700922)	(49.0, 4.6110428155476235)	(50.0, 4.267021564521878)	(51.0, 3.7924904592269693)	(52.0, 3.1453297696970868)	(53.0, 2.524487158051145)	(54.0, 2.0607003305357026)	(55.0, 1.7018076272533327)	(56.0, 1.3970990637914598)	(57.0, 1.148794435187599)	(58.0, 1.022348332680236)	(59.0, 0.9137615970196774)	(60.0, 0.7646594911929103)	(61.0, 0.6103167898860407)	(62.0, 0.4566905303637659)	(63.0, 0.3625124960366676)	(64.0, 0.28442034151581885)	(65.0, 0.21915132044449082)	(66.0, 0.17932185519992744)	(67.0, 0.14522157524266588)	(68.0, 0.1104236454164709)	(69.0, 0.08570522935321656)	(70.0, 0.06639888500047614)	(71.0, 0.04658046094595967)	(72.0, 0.03053451396049066)	(73.0, 0.020943590004749185)	(74.0, 0.015402323874062407)	(75.0, 0.011714410425491723)	(76.0, 0.007714081379048489)	(77.0, 0.005917104443916913)	(78.0, 0.008423476195270365)	(79.0, 0.008526831731408653)	(80.0, 0.005104354091556749)	(81.0, 0.0028305322965144425)	(82.0, 0.0014281855902745072)	(83.0, 0.0009208038674138268)	(84.0, 0.0006718109848988636)	(85.0, 0.0006765089638142402)	(86.0, 0.0006953008794757469)	(87.0, 0.0006412741219489152)	(88.0, 0.0006882539111026819)	(89.0, 0.0008456362047678002)	(90.0, 0.0009231528568715153)	(91.0, 0.0010570452559597503)	(92.0, 0.0013083871279324021)	(93.0, 0.0015691249577358072)	(94.0, 0.0017664400721816274)	(95.0, 0.0017194602830278606)	(96.0, 0.0014375815481052605)	(97.0, 0.0010664412137905035)	(98.0, 0.0008479851942254887)	(99.0, 0.0010147634457213603)	(100.0, 0.006137909452939618)
