Sample	0	1	2	3	4	5	6	7	8	9	10	11	12	13	14	15	16	17	18	19	20	21	22	23	24	25	26	27	28	29	30	31	32	33	34	35	36	37	38	39	40	41	42	43	44	45	46	47	48	49	50	51	52	53	54	55	56	57	58	59	60	61	62	63	64	65	66	67	68	69	70	71	72	73	74	75	76	77	78	79	80	81	82	83	84	85	86	87	88	89	90	91	92	93	94	95	96	97	98	99	100	101	102	103	104	105	106	107	108	109	110	111	112	113	114	115	116	117	118	119	120	121	122	123	124	125	126	127	128	129	130	131	132	133	134	135	136	137	138	139	140	141	142	143	144	145	146	147	148	149
SRR18856598	(1, 72.0218)	(2, 42.0757)	(3, 47.4667)	(4, 49.647999999999996)	(5, 42.8431)	(6, 37.3429)	(7, 37.1516)	(8, 45.677800000000005)	(9, 44.7376)	(10, 37.8517)	(11, 50.093900000000005)	(12, 46.5638)	(13, 41.504400000000004)	(14, 43.2635)	(15, 44.1639)	(16, 44.309599999999996)	(17, 43.7639)	(18, 43.6908)	(19, 44.0998)	(20, 43.995)	(21, 43.965199999999996)	(22, 44.1171)	(23, 44.1711)	(24, 43.986399999999996)	(25, 44.162099999999995)	(26, 44.1366)	(27, 43.947399999999995)	(28, 44.1453)	(29, 44.1299)	(30, 44.1079)	(31, 44.420700000000004)	(32, 44.1012)	(33, 44.061299999999996)	(34, 44.7462)	(35, 44.432700000000004)	(36, 44.1623)	(37, 44.3196)	(38, 44.1706)	(39, 44.1437)	(40, 44.1983)	(41, 44.2521)	(42, 44.3172)	(43, 44.4361)	(44, 44.5727)	(45, 44.584)	(46, 44.5983)	(47, 44.6008)	(48, 44.292)	(49, 44.7801)	(50, 44.4507)	(51, 44.3181)	(52, 44.749100000000006)	(53, 44.4826)	(54, 44.3463)	(55, 44.744099999999996)	(56, 44.474599999999995)	(57, 44.4841)	(58, 44.6826)	(59, 44.6125)	(60, 44.6138)	(61, 44.6751)	(62, 44.556000000000004)	(63, 44.4208)	(64, 44.859300000000005)	(65, 44.587500000000006)	(66, 44.3443)	(67, 44.791199999999996)	(68, 44.5818)	(69, 44.5852)	(70, 44.6667)	(71, 44.583600000000004)	(72, 44.6355)	(73, 44.6426)	(74, 44.6199)	(75, 44.6262)	(76, 44.7742)	(77, 44.6483)	(78, 44.4501)	(79, 44.9086)	(80, 44.6872)	(81, 44.705099999999995)	(82, 44.9392)	(83, 44.5509)	(84, 44.6207)	(85, 44.874900000000004)	(86, 44.6202)	(87, 44.473400000000005)	(88, 44.8485)	(89, 44.527)	(90, 44.6331)	(91, 44.6637)	(92, 44.684200000000004)	(93, 44.757799999999996)	(94, 44.756)	(95, 44.7874)	(96, 44.493)	(97, 44.9456)	(98, 44.6142)	(99, 44.529)	(100, 44.8016)	(101, 44.616)	(102, 44.5778)	(103, 44.7571)	(104, 44.6502)	(105, 44.394)	(106, 44.7162)	(107, 44.6361)	(108, 44.5509)	(109, 44.6068)	(110, 44.7303)	(111, 44.5528)	(112, 44.8743)	(113, 44.5703)	(114, 44.577299999999994)	(115, 45.0665)	(116, 44.595800000000004)	(117, 44.4493)	(118, 44.8534)	(119, 44.566)	(120, 44.6005)	(121, 44.7409)	(122, 44.737100000000005)	(123, 44.5637)	(124, 44.7554)	(125, 44.8148)	(126, 44.839800000000004)	(127, 44.862)	(128, 44.6966)	(129, 44.637)	(130, 44.9957)	(131, 44.6822)	(132, 44.5676)	(133, 44.885999999999996)	(134, 44.7855)	(135, 44.6597)	(136, 44.9543)	(137, 44.6778)	(138, 44.5936)	(139, 44.8436)	(140, 44.8222)	(141, 44.8738)	(142, 44.902300000000004)	(143, 44.7971)	(144, 44.7249)	(145, 45.0366)	(146, 44.938)	(147, 44.8168)	(148, 45.230399999999996)	(149, 45.0071)	(150, 44.9566)
SRR18856599	(1, 72.7774)	(2, 40.3871)	(3, 46.9776)	(4, 49.2248)	(5, 42.1767)	(6, 37.0077)	(7, 37.22)	(8, 45.326499999999996)	(9, 44.4733)	(10, 38.0429)	(11, 50.269299999999994)	(12, 46.6141)	(13, 41.620200000000004)	(14, 43.272)	(15, 44.3255)	(16, 44.3765)	(17, 43.8688)	(18, 43.7355)	(19, 44.0453)	(20, 43.892199999999995)	(21, 44.0249)	(22, 44.4701)	(23, 43.8936)	(24, 44.1176)	(25, 44.242)	(26, 43.9662)	(27, 43.9005)	(28, 44.3554)	(29, 44.1164)	(30, 44.0952)	(31, 44.4314)	(32, 44.2087)	(33, 44.1504)	(34, 44.6841)	(35, 44.1977)	(36, 44.053399999999996)	(37, 44.3701)	(38, 44.1062)	(39, 44.1938)	(40, 44.4228)	(41, 44.1939)	(42, 44.2913)	(43, 44.4562)	(44, 44.4082)	(45, 44.3917)	(46, 44.7936)	(47, 44.4833)	(48, 44.1387)	(49, 44.7842)	(50, 44.3658)	(51, 44.3827)	(52, 44.742599999999996)	(53, 44.303599999999996)	(54, 44.449)	(55, 44.8102)	(56, 44.3942)	(57, 44.413799999999995)	(58, 44.8529)	(59, 44.631)	(60, 44.561499999999995)	(61, 44.8674)	(62, 44.4788)	(63, 44.442)	(64, 44.7281)	(65, 44.492)	(66, 44.348)	(67, 44.9476)	(68, 44.741)	(69, 44.522800000000004)	(70, 44.7537)	(71, 44.500499999999995)	(72, 44.583099999999995)	(73, 44.7595)	(74, 44.637)	(75, 44.5598)	(76, 44.9921)	(77, 44.6261)	(78, 44.4723)	(79, 44.905499999999996)	(80, 44.677)	(81, 44.7177)	(82, 44.8814)	(83, 44.7196)	(84, 44.8117)	(85, 44.8035)	(86, 44.6197)	(87, 44.6397)	(88, 45.0439)	(89, 44.6142)	(90, 44.7087)	(91, 44.9796)	(92, 44.716499999999996)	(93, 44.923)	(94, 44.9923)	(95, 44.8001)	(96, 44.4773)	(97, 45.0496)	(98, 44.7407)	(99, 44.6158)	(100, 44.8403)	(101, 44.5687)	(102, 44.6296)	(103, 44.8021)	(104, 44.5801)	(105, 44.4116)	(106, 44.8627)	(107, 44.693)	(108, 44.5648)	(109, 44.8337)	(110, 44.5713)	(111, 44.5677)	(112, 44.933)	(113, 44.608399999999996)	(114, 44.6511)	(115, 44.993)	(116, 44.7256)	(117, 44.602199999999996)	(118, 44.9373)	(119, 44.5834)	(120, 44.5894)	(121, 44.7509)	(122, 44.7073)	(123, 44.4571)	(124, 44.7989)	(125, 44.732699999999994)	(126, 44.8229)	(127, 44.922000000000004)	(128, 44.699299999999994)	(129, 44.6085)	(130, 44.9675)	(131, 44.7016)	(132, 44.6875)	(133, 44.982299999999995)	(134, 44.8411)	(135, 44.753)	(136, 44.9917)	(137, 44.9522)	(138, 44.7362)	(139, 45.0775)	(140, 44.7699)	(141, 44.7804)	(142, 45.056200000000004)	(143, 44.7331)	(144, 44.8713)	(145, 45.0524)	(146, 44.8839)	(147, 44.8786)	(148, 45.3035)	(149, 45.0057)	(150, 44.9589)
SRR18856600	(1, 71.9233)	(2, 40.988400000000006)	(3, 46.5493)	(4, 48.8962)	(5, 42.2454)	(6, 36.9031)	(7, 37.1389)	(8, 45.7917)	(9, 44.800200000000004)	(10, 37.7843)	(11, 50.25039999999999)	(12, 46.5159)	(13, 41.325)	(14, 43.1199)	(15, 44.0862)	(16, 44.1303)	(17, 43.7073)	(18, 43.5436)	(19, 43.8921)	(20, 43.817699999999995)	(21, 43.804)	(22, 44.0486)	(23, 43.9338)	(24, 43.8471)	(25, 44.004)	(26, 43.9442)	(27, 43.775)	(28, 44.0458)	(29, 43.9487)	(30, 43.9593)	(31, 44.2599)	(32, 43.974999999999994)	(33, 43.9266)	(34, 44.5208)	(35, 44.272600000000004)	(36, 43.9713)	(37, 44.113400000000006)	(38, 44.081900000000005)	(39, 44.0338)	(40, 44.115500000000004)	(41, 44.0916)	(42, 44.195499999999996)	(43, 44.3049)	(44, 44.4339)	(45, 44.399699999999996)	(46, 44.4811)	(47, 44.387100000000004)	(48, 44.1121)	(49, 44.5832)	(50, 44.3481)	(51, 44.2104)	(52, 44.6316)	(53, 44.3638)	(54, 44.265)	(55, 44.6526)	(56, 44.3652)	(57, 44.3738)	(58, 44.5802)	(59, 44.5043)	(60, 44.4699)	(61, 44.603300000000004)	(62, 44.4206)	(63, 44.3322)	(64, 44.7156)	(65, 44.4153)	(66, 44.271100000000004)	(67, 44.6656)	(68, 44.5542)	(69, 44.4524)	(70, 44.6344)	(71, 44.432100000000005)	(72, 44.5073)	(73, 44.5245)	(74, 44.4737)	(75, 44.4872)	(76, 44.6764)	(77, 44.494)	(78, 44.3963)	(79, 44.835300000000004)	(80, 44.5361)	(81, 44.5854)	(82, 44.8378)	(83, 44.480399999999996)	(84, 44.534)	(85, 44.7451)	(86, 44.5308)	(87, 44.3923)	(88, 44.791599999999995)	(89, 44.426300000000005)	(90, 44.574000000000005)	(91, 44.615)	(92, 44.6511)	(93, 44.6276)	(94, 44.7344)	(95, 44.6848)	(96, 44.4058)	(97, 44.8545)	(98, 44.567800000000005)	(99, 44.4614)	(100, 44.687599999999996)	(101, 44.542500000000004)	(102, 44.5175)	(103, 44.6738)	(104, 44.535599999999995)	(105, 44.3617)	(106, 44.6967)	(107, 44.567299999999996)	(108, 44.4626)	(109, 44.6204)	(110, 44.6242)	(111, 44.535799999999995)	(112, 44.8662)	(113, 44.5248)	(114, 44.4722)	(115, 44.960899999999995)	(116, 44.5807)	(117, 44.4519)	(118, 44.8359)	(119, 44.534800000000004)	(120, 44.58)	(121, 44.7082)	(122, 44.705)	(123, 44.509)	(124, 44.7551)	(125, 44.7764)	(126, 44.7871)	(127, 44.855000000000004)	(128, 44.6623)	(129, 44.5496)	(130, 44.933099999999996)	(131, 44.623000000000005)	(132, 44.5439)	(133, 44.8073)	(134, 44.744299999999996)	(135, 44.5965)	(136, 44.9304)	(137, 44.672200000000004)	(138, 44.5714)	(139, 44.8441)	(140, 44.7553)	(141, 44.7639)	(142, 44.840999999999994)	(143, 44.721)	(144, 44.6745)	(145, 44.9563)	(146, 44.8909)	(147, 44.7407)	(148, 45.0869)	(149, 44.9464)	(150, 44.8434)
SRR18856601	(1, 73.1364)	(2, 39.095600000000005)	(3, 46.3691)	(4, 48.7676)	(5, 41.7724)	(6, 36.5826)	(7, 36.8591)	(8, 44.6739)	(9, 43.9978)	(10, 37.6278)	(11, 49.9577)	(12, 46.4341)	(13, 41.444900000000004)	(14, 43.1913)	(15, 44.2219)	(16, 44.2245)	(17, 43.5175)	(18, 43.4237)	(19, 43.8463)	(20, 43.6921)	(21, 43.8203)	(22, 44.0627)	(23, 43.925)	(24, 43.832)	(25, 44.075199999999995)	(26, 43.8756)	(27, 43.7967)	(28, 44.0827)	(29, 43.863)	(30, 44.0124)	(31, 44.2473)	(32, 43.9728)	(33, 43.942)	(34, 44.473600000000005)	(35, 44.1047)	(36, 44.0484)	(37, 44.1517)	(38, 43.9558)	(39, 43.9543)	(40, 44.1051)	(41, 43.9459)	(42, 44.190400000000004)	(43, 44.3542)	(44, 44.278)	(45, 44.4505)	(46, 44.4769)	(47, 44.3661)	(48, 44.1414)	(49, 44.6262)	(50, 44.2715)	(51, 44.1819)	(52, 44.6325)	(53, 44.251200000000004)	(54, 44.1985)	(55, 44.707)	(56, 44.223099999999995)	(57, 44.338699999999996)	(58, 44.5664)	(59, 44.3746)	(60, 44.4516)	(61, 44.5792)	(62, 44.3352)	(63, 44.3164)	(64, 44.650800000000004)	(65, 44.3114)	(66, 44.2029)	(67, 44.6675)	(68, 44.4016)	(69, 44.4575)	(70, 44.675)	(71, 44.3634)	(72, 44.5127)	(73, 44.5925)	(74, 44.3835)	(75, 44.4718)	(76, 44.728)	(77, 44.3806)	(78, 44.3675)	(79, 44.8729)	(80, 44.5287)	(81, 44.6103)	(82, 44.8347)	(83, 44.3887)	(84, 44.5494)	(85, 44.7747)	(86, 44.4375)	(87, 44.4408)	(88, 44.784400000000005)	(89, 44.3279)	(90, 44.5873)	(91, 44.6402)	(92, 44.5834)	(93, 44.644600000000004)	(94, 44.7434)	(95, 44.6716)	(96, 44.4199)	(97, 44.882600000000004)	(98, 44.4493)	(99, 44.4807)	(100, 44.7218)	(101, 44.4268)	(102, 44.5847)	(103, 44.682)	(104, 44.4886)	(105, 44.3392)	(106, 44.737)	(107, 44.4229)	(108, 44.4848)	(109, 44.5617)	(110, 44.5308)	(111, 44.4621)	(112, 44.8577)	(113, 44.541)	(114, 44.5118)	(115, 44.9324)	(116, 44.459700000000005)	(117, 44.473600000000005)	(118, 44.8421)	(119, 44.4925)	(120, 44.5162)	(121, 44.6984)	(122, 44.6588)	(123, 44.5598)	(124, 44.8735)	(125, 44.6873)	(126, 44.7901)	(127, 44.9)	(128, 44.5907)	(129, 44.6041)	(130, 44.8767)	(131, 44.6109)	(132, 44.5331)	(133, 44.8558)	(134, 44.6452)	(135, 44.607400000000005)	(136, 45.0047)	(137, 44.6377)	(138, 44.548500000000004)	(139, 44.8172)	(140, 44.567099999999996)	(141, 44.695299999999996)	(142, 44.761)	(143, 44.6616)	(144, 44.5686)	(145, 44.9192)	(146, 44.7828)	(147, 44.7309)	(148, 45.095800000000004)	(149, 44.7368)	(150, 44.8207)
SRR18856602	(1, 73.1797)	(2, 38.6152)	(3, 46.149699999999996)	(4, 48.5146)	(5, 41.5154)	(6, 36.2934)	(7, 36.6468)	(8, 44.5625)	(9, 43.8799)	(10, 37.472899999999996)	(11, 49.9456)	(12, 46.3974)	(13, 41.2824)	(14, 43.0988)	(15, 44.1486)	(16, 44.0465)	(17, 43.3702)	(18, 43.2801)	(19, 43.68)	(20, 43.5376)	(21, 43.6803)	(22, 43.9283)	(23, 43.7449)	(24, 43.7261)	(25, 43.890499999999996)	(26, 43.723099999999995)	(27, 43.6349)	(28, 43.9751)	(29, 43.7111)	(30, 43.8834)	(31, 44.114799999999995)	(32, 43.8309)	(33, 43.809)	(34, 44.3915)	(35, 43.9802)	(36, 43.8784)	(37, 43.9894)	(38, 43.851)	(39, 43.7928)	(40, 43.933299999999996)	(41, 43.7681)	(42, 44.022800000000004)	(43, 44.149100000000004)	(44, 44.142199999999995)	(45, 44.3301)	(46, 44.3091)	(47, 44.2184)	(48, 43.9903)	(49, 44.4505)	(50, 44.0785)	(51, 44.0804)	(52, 44.5034)	(53, 44.089600000000004)	(54, 44.0412)	(55, 44.5997)	(56, 44.0966)	(57, 44.1792)	(58, 44.3814)	(59, 44.202999999999996)	(60, 44.327299999999994)	(61, 44.3967)	(62, 44.1768)	(63, 44.1481)	(64, 44.4745)	(65, 44.0948)	(66, 44.0579)	(67, 44.513000000000005)	(68, 44.207)	(69, 44.3117)	(70, 44.493100000000005)	(71, 44.162800000000004)	(72, 44.3289)	(73, 44.4264)	(74, 44.2128)	(75, 44.3457)	(76, 44.526700000000005)	(77, 44.199)	(78, 44.1983)	(79, 44.6743)	(80, 44.3553)	(81, 44.466899999999995)	(82, 44.6387)	(83, 44.1801)	(84, 44.3737)	(85, 44.5813)	(86, 44.2228)	(87, 44.2556)	(88, 44.5983)	(89, 44.1311)	(90, 44.3882)	(91, 44.4232)	(92, 44.3787)	(93, 44.4728)	(94, 44.5305)	(95, 44.4595)	(96, 44.284800000000004)	(97, 44.6786)	(98, 44.2436)	(99, 44.2756)	(100, 44.501200000000004)	(101, 44.2681)	(102, 44.362)	(103, 44.494099999999996)	(104, 44.3059)	(105, 44.1399)	(106, 44.5108)	(107, 44.265100000000004)	(108, 44.2854)	(109, 44.3575)	(110, 44.326100000000004)	(111, 44.2936)	(112, 44.6397)	(113, 44.3151)	(114, 44.3003)	(115, 44.771699999999996)	(116, 44.1913)	(117, 44.249300000000005)	(118, 44.611200000000004)	(119, 44.282700000000006)	(120, 44.2927)	(121, 44.4912)	(122, 44.4622)	(123, 44.3408)	(124, 44.5916)	(125, 44.4775)	(126, 44.5702)	(127, 44.6839)	(128, 44.3863)	(129, 44.4044)	(130, 44.6593)	(131, 44.4003)	(132, 44.3299)	(133, 44.623400000000004)	(134, 44.4612)	(135, 44.3457)	(136, 44.7394)	(137, 44.3538)	(138, 44.2571)	(139, 44.5607)	(140, 44.3031)	(141, 44.5068)	(142, 44.4959)	(143, 44.4469)	(144, 44.373200000000004)	(145, 44.6811)	(146, 44.6128)	(147, 44.5241)	(148, 44.8746)	(149, 44.493700000000004)	(150, 44.624900000000004)
SRR18856603	(1, 71.8209)	(2, 38.1539)	(3, 44.8484)	(4, 48.0331)	(5, 41.3391)	(6, 36.2233)	(7, 36.700700000000005)	(8, 44.7946)	(9, 43.9411)	(10, 37.3789)	(11, 49.881)	(12, 46.2254)	(13, 41.114)	(14, 42.9215)	(15, 43.9623)	(16, 43.865300000000005)	(17, 43.3199)	(18, 43.1771)	(19, 43.583800000000004)	(20, 43.464000000000006)	(21, 43.5099)	(22, 43.8491)	(23, 43.594699999999996)	(24, 43.5687)	(25, 43.7915)	(26, 43.650800000000004)	(27, 43.5171)	(28, 43.8527)	(29, 43.5833)	(30, 43.6931)	(31, 43.9682)	(32, 43.6911)	(33, 43.6752)	(34, 44.170500000000004)	(35, 43.830400000000004)	(36, 43.6682)	(37, 43.8718)	(38, 43.7122)	(39, 43.6685)	(40, 43.8685)	(41, 43.718)	(42, 43.9021)	(43, 43.973099999999995)	(44, 43.992799999999995)	(45, 44.0549)	(46, 44.1896)	(47, 44.0146)	(48, 43.8601)	(49, 44.2405)	(50, 43.9151)	(51, 43.8346)	(52, 44.3367)	(53, 43.9527)	(54, 43.8955)	(55, 44.4043)	(56, 43.927699999999994)	(57, 43.9838)	(58, 44.210300000000004)	(59, 44.095800000000004)	(60, 44.0438)	(61, 44.224999999999994)	(62, 44.0685)	(63, 44.0098)	(64, 44.2958)	(65, 43.933699999999995)	(66, 43.936)	(67, 44.3077)	(68, 44.0925)	(69, 44.1212)	(70, 44.3466)	(71, 44.0685)	(72, 44.176500000000004)	(73, 44.278800000000004)	(74, 44.0797)	(75, 44.1442)	(76, 44.353300000000004)	(77, 44.0216)	(78, 44.0081)	(79, 44.4674)	(80, 44.2026)	(81, 44.252399999999994)	(82, 44.432300000000005)	(83, 44.0784)	(84, 44.1778)	(85, 44.4204)	(86, 44.1049)	(87, 44.0651)	(88, 44.376)	(89, 44.078)	(90, 44.2035)	(91, 44.285999999999994)	(92, 44.2209)	(93, 44.2333)	(94, 44.3549)	(95, 44.2082)	(96, 44.108999999999995)	(97, 44.4448)	(98, 44.0825)	(99, 44.053799999999995)	(100, 44.3373)	(101, 44.1031)	(102, 44.1847)	(103, 44.3014)	(104, 44.0955)	(105, 43.9498)	(106, 44.3583)	(107, 44.1202)	(108, 44.0679)	(109, 44.277)	(110, 44.1305)	(111, 44.0782)	(112, 44.4237)	(113, 44.1678)	(114, 44.1104)	(115, 44.514700000000005)	(116, 44.0454)	(117, 44.0852)	(118, 44.4007)	(119, 44.1179)	(120, 44.131)	(121, 44.3399)	(122, 44.2722)	(123, 44.149100000000004)	(124, 44.4377)	(125, 44.2804)	(126, 44.3873)	(127, 44.4576)	(128, 44.2008)	(129, 44.1995)	(130, 44.449)	(131, 44.1544)	(132, 44.136900000000004)	(133, 44.4209)	(134, 44.2082)	(135, 44.1647)	(136, 44.486399999999996)	(137, 44.1656)	(138, 44.093900000000005)	(139, 44.417699999999996)	(140, 44.2096)	(141, 44.298700000000004)	(142, 44.3601)	(143, 44.2476)	(144, 44.201800000000006)	(145, 44.4604)	(146, 44.3753)	(147, 44.2686)	(148, 44.648199999999996)	(149, 44.3423)	(150, 44.4014)
SRR18856604	(1, 71.8814)	(2, 41.9559)	(3, 47.0879)	(4, 49.3542)	(5, 42.3727)	(6, 36.9881)	(7, 36.959900000000005)	(8, 45.496199999999995)	(9, 44.6333)	(10, 37.7235)	(11, 50.0343)	(12, 46.4582)	(13, 41.3666)	(14, 43.1173)	(15, 44.082)	(16, 44.0722)	(17, 43.5705)	(18, 43.3899)	(19, 43.799)	(20, 43.764900000000004)	(21, 43.726)	(22, 44.000099999999996)	(23, 43.9163)	(24, 43.7797)	(25, 43.9341)	(26, 43.8602)	(27, 43.7263)	(28, 43.973800000000004)	(29, 43.8758)	(30, 43.9029)	(31, 44.1571)	(32, 43.8881)	(33, 43.8695)	(34, 44.3954)	(35, 44.1635)	(36, 43.965900000000005)	(37, 44.0539)	(38, 43.9201)	(39, 43.8758)	(40, 44.053799999999995)	(41, 43.9591)	(42, 44.028099999999995)	(43, 44.2384)	(44, 44.231700000000004)	(45, 44.2787)	(46, 44.3605)	(47, 44.264700000000005)	(48, 43.9961)	(49, 44.4548)	(50, 44.1757)	(51, 44.0566)	(52, 44.439299999999996)	(53, 44.2297)	(54, 44.0709)	(55, 44.535599999999995)	(56, 44.2207)	(57, 44.256299999999996)	(58, 44.4142)	(59, 44.3479)	(60, 44.3027)	(61, 44.4157)	(62, 44.2851)	(63, 44.1053)	(64, 44.5081)	(65, 44.238499999999995)	(66, 44.0934)	(67, 44.5043)	(68, 44.341)	(69, 44.2749)	(70, 44.4771)	(71, 44.2795)	(72, 44.3762)	(73, 44.3731)	(74, 44.3277)	(75, 44.2783)	(76, 44.4698)	(77, 44.262)	(78, 44.1644)	(79, 44.6186)	(80, 44.447900000000004)	(81, 44.4149)	(82, 44.6801)	(83, 44.283)	(84, 44.3674)	(85, 44.5409)	(86, 44.372299999999996)	(87, 44.2225)	(88, 44.573)	(89, 44.2926)	(90, 44.3868)	(91, 44.4339)	(92, 44.4374)	(93, 44.4396)	(94, 44.5695)	(95, 44.5454)	(96, 44.2599)	(97, 44.6743)	(98, 44.3743)	(99, 44.3058)	(100, 44.5844)	(101, 44.3154)	(102, 44.4089)	(103, 44.5169)	(104, 44.3977)	(105, 44.178200000000004)	(106, 44.5129)	(107, 44.3958)	(108, 44.3004)	(109, 44.3984)	(110, 44.385799999999996)	(111, 44.2853)	(112, 44.6925)	(113, 44.394099999999995)	(114, 44.3355)	(115, 44.8054)	(116, 44.333299999999994)	(117, 44.297)	(118, 44.629000000000005)	(119, 44.384)	(120, 44.298300000000005)	(121, 44.5103)	(122, 44.536)	(123, 44.4025)	(124, 44.642700000000005)	(125, 44.527)	(126, 44.575700000000005)	(127, 44.6519)	(128, 44.4565)	(129, 44.4148)	(130, 44.6733)	(131, 44.4622)	(132, 44.3628)	(133, 44.658500000000004)	(134, 44.5383)	(135, 44.4396)	(136, 44.7271)	(137, 44.492)	(138, 44.358799999999995)	(139, 44.6186)	(140, 44.5031)	(141, 44.494299999999996)	(142, 44.5953)	(143, 44.5531)	(144, 44.3856)	(145, 44.7311)	(146, 44.6678)	(147, 44.5432)	(148, 44.9131)	(149, 44.6374)	(150, 44.6527)
SRR18856605	(1, 72.3727)	(2, 40.5051)	(3, 46.725100000000005)	(4, 48.9951)	(5, 41.9614)	(6, 36.728300000000004)	(7, 36.856899999999996)	(8, 45.1517)	(9, 44.4583)	(10, 37.628499999999995)	(11, 49.9894)	(12, 46.4273)	(13, 41.3778)	(14, 43.1102)	(15, 44.1382)	(16, 44.0971)	(17, 43.4978)	(18, 43.410900000000005)	(19, 43.8041)	(20, 43.6915)	(21, 43.7198)	(22, 43.9572)	(23, 43.8504)	(24, 43.754599999999996)	(25, 43.9399)	(26, 43.7997)	(27, 43.6969)	(28, 43.9707)	(29, 43.8505)	(30, 43.874)	(31, 44.1461)	(32, 43.8361)	(33, 43.819)	(34, 44.358599999999996)	(35, 44.0946)	(36, 43.9305)	(37, 44.0041)	(38, 43.8951)	(39, 43.815)	(40, 44.0124)	(41, 43.8731)	(42, 44.0371)	(43, 44.1961)	(44, 44.2025)	(45, 44.2735)	(46, 44.3135)	(47, 44.236399999999996)	(48, 43.9886)	(49, 44.4475)	(50, 44.1338)	(51, 44.0457)	(52, 44.446400000000004)	(53, 44.1496)	(54, 44.0472)	(55, 44.496)	(56, 44.127300000000005)	(57, 44.230199999999996)	(58, 44.3945)	(59, 44.252)	(60, 44.268800000000006)	(61, 44.3947)	(62, 44.2146)	(63, 44.1106)	(64, 44.477)	(65, 44.162099999999995)	(66, 44.0495)	(67, 44.4699)	(68, 44.2314)	(69, 44.2344)	(70, 44.4401)	(71, 44.2401)	(72, 44.3522)	(73, 44.3591)	(74, 44.263400000000004)	(75, 44.2666)	(76, 44.4531)	(77, 44.228)	(78, 44.1563)	(79, 44.5938)	(80, 44.3521)	(81, 44.395)	(82, 44.659)	(83, 44.2213)	(84, 44.3522)	(85, 44.5415)	(86, 44.2737)	(87, 44.2081)	(88, 44.5391)	(89, 44.2275)	(90, 44.3401)	(91, 44.4354)	(92, 44.385400000000004)	(93, 44.426300000000005)	(94, 44.549499999999995)	(95, 44.4596)	(96, 44.2316)	(97, 44.6474)	(98, 44.29)	(99, 44.2616)	(100, 44.5206)	(101, 44.2477)	(102, 44.3544)	(103, 44.4822)	(104, 44.3132)	(105, 44.1438)	(106, 44.487)	(107, 44.277100000000004)	(108, 44.2739)	(109, 44.3348)	(110, 44.3286)	(111, 44.237300000000005)	(112, 44.6173)	(113, 44.297599999999996)	(114, 44.3069)	(115, 44.75)	(116, 44.2602)	(117, 44.2488)	(118, 44.6171)	(119, 44.268800000000006)	(120, 44.2571)	(121, 44.4589)	(122, 44.4394)	(123, 44.323)	(124, 44.5993)	(125, 44.467800000000004)	(126, 44.5472)	(127, 44.6156)	(128, 44.3839)	(129, 44.3352)	(130, 44.642700000000005)	(131, 44.404900000000005)	(132, 44.3132)	(133, 44.595400000000005)	(134, 44.5068)	(135, 44.3614)	(136, 44.7329)	(137, 44.391799999999996)	(138, 44.2816)	(139, 44.5991)	(140, 44.417)	(141, 44.492399999999996)	(142, 44.5453)	(143, 44.4989)	(144, 44.392700000000005)	(145, 44.7168)	(146, 44.6219)	(147, 44.5591)	(148, 44.9192)	(149, 44.5901)	(150, 44.650099999999995)
SRR18856606	(1, 72.3305)	(2, 41.8433)	(3, 47.613299999999995)	(4, 49.4984)	(5, 42.4554)	(6, 37.0437)	(7, 36.9634)	(8, 45.191900000000004)	(9, 44.3678)	(10, 37.5469)	(11, 49.769600000000004)	(12, 46.292699999999996)	(13, 41.2765)	(14, 43.014599999999994)	(15, 43.9698)	(16, 44.027300000000004)	(17, 43.518699999999995)	(18, 43.3733)	(19, 43.778299999999994)	(20, 43.7324)	(21, 43.655300000000004)	(22, 43.904199999999996)	(23, 43.886199999999995)	(24, 43.6572)	(25, 43.926700000000004)	(26, 43.8265)	(27, 43.6612)	(28, 43.934200000000004)	(29, 43.8116)	(30, 43.8565)	(31, 44.1226)	(32, 43.8337)	(33, 43.7936)	(34, 44.3299)	(35, 44.1367)	(36, 43.963)	(37, 43.995200000000004)	(38, 43.9266)	(39, 43.8136)	(40, 43.9703)	(41, 43.9098)	(42, 44.0298)	(43, 44.2131)	(44, 44.2438)	(45, 44.307900000000004)	(46, 44.3225)	(47, 44.2451)	(48, 43.9549)	(49, 44.4683)	(50, 44.1848)	(51, 44.0219)	(52, 44.4408)	(53, 44.181599999999996)	(54, 44.0384)	(55, 44.4837)	(56, 44.173899999999996)	(57, 44.2336)	(58, 44.3981)	(59, 44.3023)	(60, 44.3347)	(61, 44.3878)	(62, 44.2459)	(63, 44.1079)	(64, 44.5177)	(65, 44.2089)	(66, 44.0681)	(67, 44.4899)	(68, 44.2722)	(69, 44.290400000000005)	(70, 44.478699999999996)	(71, 44.2547)	(72, 44.3678)	(73, 44.3844)	(74, 44.312200000000004)	(75, 44.3355)	(76, 44.527)	(77, 44.286500000000004)	(78, 44.1721)	(79, 44.6324)	(80, 44.439)	(81, 44.4692)	(82, 44.667699999999996)	(83, 44.2741)	(84, 44.3671)	(85, 44.6002)	(86, 44.3494)	(87, 44.2718)	(88, 44.600699999999996)	(89, 44.3049)	(90, 44.382)	(91, 44.4403)	(92, 44.4463)	(93, 44.498)	(94, 44.5552)	(95, 44.5851)	(96, 44.2802)	(97, 44.7075)	(98, 44.386199999999995)	(99, 44.282700000000006)	(100, 44.6045)	(101, 44.3174)	(102, 44.413000000000004)	(103, 44.547799999999995)	(104, 44.4278)	(105, 44.162099999999995)	(106, 44.5333)	(107, 44.3388)	(108, 44.3159)	(109, 44.3811)	(110, 44.4132)	(111, 44.2652)	(112, 44.6944)	(113, 44.3983)	(114, 44.3523)	(115, 44.8504)	(116, 44.3479)	(117, 44.2946)	(118, 44.6567)	(119, 44.364399999999996)	(120, 44.3204)	(121, 44.5181)	(122, 44.5507)	(123, 44.3797)	(124, 44.6193)	(125, 44.591300000000004)	(126, 44.6186)	(127, 44.6937)	(128, 44.489200000000004)	(129, 44.4206)	(130, 44.6903)	(131, 44.5064)	(132, 44.3619)	(133, 44.642700000000005)	(134, 44.583)	(135, 44.451499999999996)	(136, 44.8371)	(137, 44.5172)	(138, 44.3684)	(139, 44.6261)	(140, 44.4912)	(141, 44.5395)	(142, 44.6108)	(143, 44.5558)	(144, 44.3874)	(145, 44.780300000000004)	(146, 44.7045)	(147, 44.5979)	(148, 44.9918)	(149, 44.642900000000004)	(150, 44.6426)
SRR18856607	(1, 72.6366)	(2, 41.6226)	(3, 47.794)	(4, 49.2524)	(5, 42.3948)	(6, 37.1459)	(7, 37.2432)	(8, 45.392900000000004)	(9, 44.5244)	(10, 37.641400000000004)	(11, 49.9588)	(12, 46.4594)	(13, 41.4039)	(14, 43.1015)	(15, 44.0627)	(16, 44.1428)	(17, 43.648199999999996)	(18, 43.5968)	(19, 43.9579)	(20, 43.836000000000006)	(21, 43.8704)	(22, 44.0933)	(23, 44.0241)	(24, 43.8829)	(25, 44.0436)	(26, 43.955)	(27, 43.838100000000004)	(28, 44.0665)	(29, 43.9646)	(30, 44.0096)	(31, 44.275)	(32, 43.989)	(33, 43.9501)	(34, 44.5453)	(35, 44.352599999999995)	(36, 44.0745)	(37, 44.1774)	(38, 44.113400000000006)	(39, 44.0512)	(40, 44.0916)	(41, 44.1209)	(42, 44.2678)	(43, 44.384)	(44, 44.488699999999994)	(45, 44.502399999999994)	(46, 44.5763)	(47, 44.555099999999996)	(48, 44.217800000000004)	(49, 44.7442)	(50, 44.478)	(51, 44.339600000000004)	(52, 44.718799999999995)	(53, 44.4268)	(54, 44.3559)	(55, 44.7692)	(56, 44.4314)	(57, 44.512299999999996)	(58, 44.701299999999996)	(59, 44.568799999999996)	(60, 44.5814)	(61, 44.7059)	(62, 44.4682)	(63, 44.4095)	(64, 44.7829)	(65, 44.5115)	(66, 44.312400000000004)	(67, 44.7722)	(68, 44.638)	(69, 44.5261)	(70, 44.7213)	(71, 44.5557)	(72, 44.589600000000004)	(73, 44.6969)	(74, 44.5461)	(75, 44.5689)	(76, 44.8553)	(77, 44.5846)	(78, 44.4473)	(79, 44.9241)	(80, 44.6272)	(81, 44.7075)	(82, 44.9065)	(83, 44.5472)	(84, 44.6473)	(85, 44.7874)	(86, 44.6071)	(87, 44.4869)	(88, 44.8865)	(89, 44.5185)	(90, 44.671)	(91, 44.7063)	(92, 44.683)	(93, 44.7699)	(94, 44.8517)	(95, 44.8013)	(96, 44.5058)	(97, 44.9778)	(98, 44.6331)	(99, 44.5837)	(100, 44.7959)	(101, 44.6682)	(102, 44.649699999999996)	(103, 44.8167)	(104, 44.6126)	(105, 44.455299999999994)	(106, 44.784)	(107, 44.6231)	(108, 44.597300000000004)	(109, 44.6862)	(110, 44.752700000000004)	(111, 44.587500000000006)	(112, 44.9176)	(113, 44.6284)	(114, 44.595400000000005)	(115, 45.0747)	(116, 44.640800000000006)	(117, 44.5482)	(118, 44.9197)	(119, 44.592999999999996)	(120, 44.663399999999996)	(121, 44.7935)	(122, 44.7877)	(123, 44.6096)	(124, 44.865300000000005)	(125, 44.817099999999996)	(126, 44.8688)	(127, 44.925399999999996)	(128, 44.6986)	(129, 44.641999999999996)	(130, 45.0238)	(131, 44.7627)	(132, 44.6276)	(133, 44.949600000000004)	(134, 44.8211)	(135, 44.7541)	(136, 45.0202)	(137, 44.7652)	(138, 44.6841)	(139, 44.932100000000005)	(140, 44.8698)	(141, 44.861200000000004)	(142, 44.9234)	(143, 44.812200000000004)	(144, 44.7727)	(145, 45.096399999999996)	(146, 44.9919)	(147, 44.7585)	(148, 45.2096)	(149, 45.0281)	(150, 44.961600000000004)
SRR18856608	(1, 72.65509999999999)	(2, 41.2177)	(3, 47.6108)	(4, 49.408)	(5, 42.1641)	(6, 37.0154)	(7, 37.1377)	(8, 45.1271)	(9, 44.438)	(10, 37.6276)	(11, 49.9853)	(12, 46.5079)	(13, 41.4469)	(14, 43.2324)	(15, 44.175)	(16, 44.243900000000004)	(17, 43.7044)	(18, 43.6237)	(19, 43.9627)	(20, 43.895)	(21, 43.9174)	(22, 44.1516)	(23, 44.0304)	(24, 43.8915)	(25, 44.1305)	(26, 43.9929)	(27, 43.7891)	(28, 44.155499999999996)	(29, 43.9979)	(30, 44.0305)	(31, 44.318999999999996)	(32, 44.0191)	(33, 44.012)	(34, 44.561499999999995)	(35, 44.337199999999996)	(36, 44.1205)	(37, 44.21)	(38, 44.0955)	(39, 44.0438)	(40, 44.183499999999995)	(41, 44.112)	(42, 44.2284)	(43, 44.3746)	(44, 44.4076)	(45, 44.522600000000004)	(46, 44.6031)	(47, 44.4578)	(48, 44.236399999999996)	(49, 44.6894)	(50, 44.350899999999996)	(51, 44.2977)	(52, 44.724000000000004)	(53, 44.3148)	(54, 44.3284)	(55, 44.725500000000004)	(56, 44.3106)	(57, 44.4274)	(58, 44.6284)	(59, 44.493100000000005)	(60, 44.5421)	(61, 44.6714)	(62, 44.4407)	(63, 44.414300000000004)	(64, 44.744099999999996)	(65, 44.438)	(66, 44.3151)	(67, 44.7045)	(68, 44.541199999999996)	(69, 44.5558)	(70, 44.7785)	(71, 44.5137)	(72, 44.567099999999996)	(73, 44.6885)	(74, 44.5218)	(75, 44.5918)	(76, 44.7966)	(77, 44.5428)	(78, 44.4621)	(79, 44.9297)	(80, 44.6117)	(81, 44.6957)	(82, 44.858599999999996)	(83, 44.5462)	(84, 44.613)	(85, 44.809)	(86, 44.569900000000004)	(87, 44.486399999999996)	(88, 44.8704)	(89, 44.482)	(90, 44.6595)	(91, 44.7625)	(92, 44.6869)	(93, 44.703700000000005)	(94, 44.801)	(95, 44.728)	(96, 44.4888)	(97, 44.932100000000005)	(98, 44.5584)	(99, 44.5435)	(100, 44.7733)	(101, 44.602000000000004)	(102, 44.624)	(103, 44.7421)	(104, 44.5921)	(105, 44.4103)	(106, 44.7475)	(107, 44.5782)	(108, 44.54)	(109, 44.6802)	(110, 44.7075)	(111, 44.5527)	(112, 44.906)	(113, 44.622499999999995)	(114, 44.6055)	(115, 44.987100000000005)	(116, 44.6067)	(117, 44.4629)	(118, 44.892199999999995)	(119, 44.5681)	(120, 44.6319)	(121, 44.76)	(122, 44.7057)	(123, 44.6471)	(124, 44.8485)	(125, 44.783)	(126, 44.860699999999994)	(127, 44.9159)	(128, 44.6713)	(129, 44.6359)	(130, 44.9647)	(131, 44.6753)	(132, 44.586999999999996)	(133, 44.8844)	(134, 44.799299999999995)	(135, 44.6881)	(136, 44.9858)	(137, 44.6923)	(138, 44.669799999999995)	(139, 44.9305)	(140, 44.7834)	(141, 44.832899999999995)	(142, 44.983200000000004)	(143, 44.783699999999996)	(144, 44.7876)	(145, 45.096599999999995)	(146, 44.9451)	(147, 44.803)	(148, 45.1961)	(149, 44.9415)	(150, 44.9186)
SRR18856609	(1, 72.548)	(2, 41.110600000000005)	(3, 47.4822)	(4, 49.372)	(5, 42.1934)	(6, 37.0509)	(7, 37.0231)	(8, 45.2752)	(9, 44.4822)	(10, 37.6761)	(11, 50.0205)	(12, 46.474900000000005)	(13, 41.3908)	(14, 43.193599999999996)	(15, 44.170300000000005)	(16, 44.276199999999996)	(17, 43.7098)	(18, 43.6257)	(19, 43.9836)	(20, 43.927699999999994)	(21, 43.9681)	(22, 44.1398)	(23, 44.0369)	(24, 43.924800000000005)	(25, 44.080799999999996)	(26, 44.0338)	(27, 43.8566)	(28, 44.140499999999996)	(29, 43.999)	(30, 44.0875)	(31, 44.3324)	(32, 44.0531)	(33, 44.0184)	(34, 44.618)	(35, 44.3416)	(36, 44.1305)	(37, 44.2459)	(38, 44.1158)	(39, 44.1231)	(40, 44.166)	(41, 44.117200000000004)	(42, 44.3208)	(43, 44.4255)	(44, 44.507200000000005)	(45, 44.5727)	(46, 44.656800000000004)	(47, 44.574799999999996)	(48, 44.228899999999996)	(49, 44.756800000000005)	(50, 44.4558)	(51, 44.338300000000004)	(52, 44.757999999999996)	(53, 44.424400000000006)	(54, 44.3542)	(55, 44.762)	(56, 44.4523)	(57, 44.5321)	(58, 44.7141)	(59, 44.6101)	(60, 44.6553)	(61, 44.7413)	(62, 44.5067)	(63, 44.4807)	(64, 44.818400000000004)	(65, 44.501000000000005)	(66, 44.3239)	(67, 44.7833)	(68, 44.629000000000005)	(69, 44.5869)	(70, 44.7266)	(71, 44.5533)	(72, 44.6474)	(73, 44.6932)	(74, 44.5805)	(75, 44.6217)	(76, 44.885000000000005)	(77, 44.6156)	(78, 44.4948)	(79, 44.9565)	(80, 44.7126)	(81, 44.7769)	(82, 44.9911)	(83, 44.5856)	(84, 44.6878)	(85, 44.8191)	(86, 44.6201)	(87, 44.524)	(88, 44.933)	(89, 44.502199999999995)	(90, 44.7078)	(91, 44.7461)	(92, 44.732)	(93, 44.8244)	(94, 44.8621)	(95, 44.8402)	(96, 44.5597)	(97, 44.9966)	(98, 44.6901)	(99, 44.5908)	(100, 44.7969)	(101, 44.6384)	(102, 44.6709)	(103, 44.818200000000004)	(104, 44.6321)	(105, 44.4623)	(106, 44.7934)	(107, 44.6335)	(108, 44.6436)	(109, 44.7404)	(110, 44.764700000000005)	(111, 44.6393)	(112, 44.982699999999994)	(113, 44.6709)	(114, 44.6345)	(115, 45.0848)	(116, 44.628099999999996)	(117, 44.5467)	(118, 44.9687)	(119, 44.6326)	(120, 44.681)	(121, 44.7864)	(122, 44.7761)	(123, 44.647)	(124, 44.906600000000005)	(125, 44.8521)	(126, 44.893)	(127, 44.978)	(128, 44.7201)	(129, 44.704100000000004)	(130, 45.056400000000004)	(131, 44.755)	(132, 44.6608)	(133, 44.9538)	(134, 44.8477)	(135, 44.754)	(136, 45.0666)	(137, 44.7869)	(138, 44.711600000000004)	(139, 44.959900000000005)	(140, 44.8727)	(141, 44.9449)	(142, 44.986)	(143, 44.829)	(144, 44.8007)	(145, 45.095200000000006)	(146, 45.033699999999996)	(147, 44.845)	(148, 45.2771)	(149, 45.042300000000004)	(150, 45.0081)
