Sample	0	1	2	3	4	5	6	7	8	9	10	11	12	13	14	15	16	17	18	19	20	21	22	23	24	25	26	27	28	29	30	31	32	33	34	35	36	37	38	39	40	41	42	43	44	45	46	47	48	49	50	51	52	53	54	55	56	57	58	59	60	61	62	63	64	65	66	67	68	69	70	71	72	73	74	75	76	77	78	79	80	81	82	83	84	85	86	87	88	89	90	91	92	93	94	95	96	97	98	99	100	101	102	103	104	105	106	107	108	109	110	111	112	113	114	115	116	117	118	119	120	121	122	123	124	125	126	127	128	129	130	131	132	133	134	135	136	137	138	139	140	141	142	143	144	145	146	147	148	149
SRR18856598	(1, 71.9433)	(2, 41.7785)	(3, 47.5368)	(4, 49.6053)	(5, 43.0913)	(6, 37.3127)	(7, 36.968)	(8, 45.7235)	(9, 44.8061)	(10, 37.8462)	(11, 50.23459999999999)	(12, 46.8005)	(13, 41.6869)	(14, 43.4041)	(15, 44.313900000000004)	(16, 44.4687)	(17, 43.8955)	(18, 43.8431)	(19, 44.2499)	(20, 44.140499999999996)	(21, 44.160199999999996)	(22, 44.3014)	(23, 44.3482)	(24, 44.1521)	(25, 44.3005)	(26, 44.2857)	(27, 44.1191)	(28, 44.2715)	(29, 44.2665)	(30, 44.278800000000004)	(31, 44.562200000000004)	(32, 44.2535)	(33, 44.2531)	(34, 44.884)	(35, 44.5809)	(36, 44.3148)	(37, 44.4449)	(38, 44.2662)	(39, 44.2849)	(40, 44.334)	(41, 44.3937)	(42, 44.475300000000004)	(43, 44.586999999999996)	(44, 44.706)	(45, 44.7231)	(46, 44.7406)	(47, 44.733000000000004)	(48, 44.4269)	(49, 44.9108)	(50, 44.5753)	(51, 44.4939)	(52, 44.8878)	(53, 44.6647)	(54, 44.506)	(55, 44.899499999999996)	(56, 44.5865)	(57, 44.534600000000005)	(58, 44.7805)	(59, 44.683299999999996)	(60, 44.6986)	(61, 44.7154)	(62, 44.6443)	(63, 44.4856)	(64, 44.9486)	(65, 44.6925)	(66, 44.4248)	(67, 44.8771)	(68, 44.7314)	(69, 44.682)	(70, 44.7787)	(71, 44.6944)	(72, 44.732699999999994)	(73, 44.714)	(74, 44.6838)	(75, 44.7261)	(76, 44.8046)	(77, 44.689)	(78, 44.5006)	(79, 44.9703)	(80, 44.74)	(81, 44.764199999999995)	(82, 44.9396)	(83, 44.5923)	(84, 44.7102)	(85, 44.9079)	(86, 44.689299999999996)	(87, 44.565)	(88, 44.915699999999994)	(89, 44.640299999999996)	(90, 44.7204)	(91, 44.7223)	(92, 44.7594)	(93, 44.8428)	(94, 44.8326)	(95, 44.799299999999995)	(96, 44.5842)	(97, 45.029)	(98, 44.677099999999996)	(99, 44.6106)	(100, 44.8772)	(101, 44.6785)	(102, 44.6729)	(103, 44.7807)	(104, 44.68)	(105, 44.4538)	(106, 44.7531)	(107, 44.6834)	(108, 44.560300000000005)	(109, 44.6314)	(110, 44.7149)	(111, 44.560100000000006)	(112, 44.8737)	(113, 44.577299999999994)	(114, 44.554300000000005)	(115, 45.035)	(116, 44.5767)	(117, 44.445)	(118, 44.829)	(119, 44.541399999999996)	(120, 44.5709)	(121, 44.7181)	(122, 44.6843)	(123, 44.5659)	(124, 44.7274)	(125, 44.7573)	(126, 44.8108)	(127, 44.8503)	(128, 44.6447)	(129, 44.605)	(130, 44.961600000000004)	(131, 44.5964)	(132, 44.5818)	(133, 44.7956)	(134, 44.691399999999994)	(135, 44.568799999999996)	(136, 44.882)	(137, 44.5945)	(138, 44.5208)	(139, 44.75)	(140, 44.7269)	(141, 44.784600000000005)	(142, 44.804899999999996)	(143, 44.7068)	(144, 44.6313)	(145, 44.885000000000005)	(146, 44.8344)	(147, 44.7648)	(148, 45.0512)	(149, 44.9)	(150, 44.775999999999996)
SRR18856599	(1, 72.6674)	(2, 40.0968)	(3, 46.9906)	(4, 49.1372)	(5, 42.3403)	(6, 36.982)	(7, 37.1044)	(8, 45.333400000000005)	(9, 44.5558)	(10, 38.0002)	(11, 50.4399)	(12, 46.805)	(13, 41.8002)	(14, 43.4174)	(15, 44.4613)	(16, 44.4934)	(17, 43.9493)	(18, 43.8771)	(19, 44.174400000000006)	(20, 44.0079)	(21, 44.1925)	(22, 44.567800000000005)	(23, 44.0422)	(24, 44.268800000000006)	(25, 44.3639)	(26, 44.069399999999995)	(27, 44.0287)	(28, 44.4214)	(29, 44.2348)	(30, 44.2316)	(31, 44.5021)	(32, 44.3448)	(33, 44.285999999999994)	(34, 44.8163)	(35, 44.3436)	(36, 44.202200000000005)	(37, 44.487)	(38, 44.1712)	(39, 44.272800000000004)	(40, 44.5178)	(41, 44.3155)	(42, 44.441399999999994)	(43, 44.5686)	(44, 44.545)	(45, 44.5203)	(46, 44.9122)	(47, 44.6192)	(48, 44.2614)	(49, 44.878800000000005)	(50, 44.475300000000004)	(51, 44.5017)	(52, 44.8345)	(53, 44.4689)	(54, 44.5878)	(55, 44.9445)	(56, 44.4951)	(57, 44.4216)	(58, 44.905499999999996)	(59, 44.7048)	(60, 44.6577)	(61, 44.908500000000004)	(62, 44.5274)	(63, 44.5238)	(64, 44.7791)	(65, 44.5638)	(66, 44.4397)	(67, 45.009100000000004)	(68, 44.806000000000004)	(69, 44.6178)	(70, 44.8046)	(71, 44.6001)	(72, 44.6595)	(73, 44.8005)	(74, 44.718599999999995)	(75, 44.6191)	(76, 45.0271)	(77, 44.648700000000005)	(78, 44.4863)	(79, 44.9386)	(80, 44.7225)	(81, 44.767)	(82, 44.9304)	(83, 44.743300000000005)	(84, 44.8342)	(85, 44.8538)	(86, 44.6286)	(87, 44.7004)	(88, 45.0944)	(89, 44.677)	(90, 44.7758)	(91, 45.0247)	(92, 44.797)	(93, 45.025)	(94, 45.01)	(95, 44.8359)	(96, 44.5287)	(97, 45.076899999999995)	(98, 44.8087)	(99, 44.6267)	(100, 44.8571)	(101, 44.5787)	(102, 44.6513)	(103, 44.809599999999996)	(104, 44.6017)	(105, 44.446799999999996)	(106, 44.8965)	(107, 44.667)	(108, 44.5677)	(109, 44.8215)	(110, 44.5743)	(111, 44.5456)	(112, 44.9112)	(113, 44.5666)	(114, 44.5893)	(115, 44.9577)	(116, 44.675799999999995)	(117, 44.5379)	(118, 44.8755)	(119, 44.508700000000005)	(120, 44.562200000000004)	(121, 44.6971)	(122, 44.6401)	(123, 44.4257)	(124, 44.717800000000004)	(125, 44.6616)	(126, 44.768299999999996)	(127, 44.8575)	(128, 44.631)	(129, 44.5454)	(130, 44.8561)	(131, 44.6419)	(132, 44.6229)	(133, 44.9111)	(134, 44.7421)	(135, 44.6456)	(136, 44.8728)	(137, 44.8333)	(138, 44.6081)	(139, 44.9675)	(140, 44.6527)	(141, 44.7025)	(142, 44.9389)	(143, 44.6193)	(144, 44.7462)	(145, 44.8962)	(146, 44.7751)	(147, 44.7822)	(148, 45.0658)	(149, 44.9092)	(150, 44.7396)
SRR18856600	(1, 71.8636)	(2, 40.672399999999996)	(3, 46.5003)	(4, 48.8258)	(5, 42.4365)	(6, 36.8539)	(7, 36.973800000000004)	(8, 45.812000000000005)	(9, 44.9098)	(10, 37.7986)	(11, 50.4103)	(12, 46.7573)	(13, 41.510200000000005)	(14, 43.2589)	(15, 44.191599999999994)	(16, 44.291000000000004)	(17, 43.7888)	(18, 43.6802)	(19, 44.062400000000004)	(20, 43.952200000000005)	(21, 44.0008)	(22, 44.1995)	(23, 44.062)	(24, 44.0295)	(25, 44.1195)	(26, 44.0626)	(27, 43.9118)	(28, 44.1476)	(29, 44.0431)	(30, 44.100699999999996)	(31, 44.3671)	(32, 44.0983)	(33, 44.098)	(34, 44.641999999999996)	(35, 44.3614)	(36, 44.0862)	(37, 44.277100000000004)	(38, 44.1159)	(39, 44.1539)	(40, 44.207499999999996)	(41, 44.225500000000004)	(42, 44.3046)	(43, 44.4621)	(44, 44.5467)	(45, 44.4929)	(46, 44.6041)	(47, 44.507400000000004)	(48, 44.2396)	(49, 44.6987)	(50, 44.455299999999994)	(51, 44.3558)	(52, 44.742399999999996)	(53, 44.4799)	(54, 44.406800000000004)	(55, 44.8203)	(56, 44.4583)	(57, 44.359500000000004)	(58, 44.7089)	(59, 44.5908)	(60, 44.5318)	(61, 44.6242)	(62, 44.473)	(63, 44.3952)	(64, 44.7933)	(65, 44.4915)	(66, 44.316)	(67, 44.7697)	(68, 44.6264)	(69, 44.5094)	(70, 44.6676)	(71, 44.5129)	(72, 44.5839)	(73, 44.6127)	(74, 44.5381)	(75, 44.5567)	(76, 44.7497)	(77, 44.5253)	(78, 44.4147)	(79, 44.8539)	(80, 44.595800000000004)	(81, 44.6621)	(82, 44.8187)	(83, 44.5069)	(84, 44.602000000000004)	(85, 44.7592)	(86, 44.549299999999995)	(87, 44.512)	(88, 44.8643)	(89, 44.5051)	(90, 44.6595)	(91, 44.6896)	(92, 44.709199999999996)	(93, 44.7444)	(94, 44.773)	(95, 44.7076)	(96, 44.492)	(97, 44.8905)	(98, 44.5855)	(99, 44.5143)	(100, 44.7148)	(101, 44.5907)	(102, 44.5592)	(103, 44.7045)	(104, 44.5749)	(105, 44.3714)	(106, 44.705600000000004)	(107, 44.588499999999996)	(108, 44.4525)	(109, 44.630399999999995)	(110, 44.588499999999996)	(111, 44.5293)	(112, 44.8643)	(113, 44.5052)	(114, 44.4763)	(115, 44.934200000000004)	(116, 44.534800000000004)	(117, 44.4131)	(118, 44.7723)	(119, 44.4415)	(120, 44.517)	(121, 44.6472)	(122, 44.6465)	(123, 44.4824)	(124, 44.7098)	(125, 44.6862)	(126, 44.750099999999996)	(127, 44.8061)	(128, 44.5818)	(129, 44.5018)	(130, 44.8371)	(131, 44.5713)	(132, 44.4823)	(133, 44.744499999999995)	(134, 44.6361)	(135, 44.546400000000006)	(136, 44.8365)	(137, 44.567800000000005)	(138, 44.4555)	(139, 44.7189)	(140, 44.6603)	(141, 44.672)	(142, 44.7569)	(143, 44.6398)	(144, 44.6279)	(145, 44.8311)	(146, 44.7734)	(147, 44.6205)	(148, 44.9341)	(149, 44.827)	(150, 44.7264)
SRR18856601	(1, 73.0526)	(2, 38.905899999999995)	(3, 46.5036)	(4, 48.815999999999995)	(5, 41.9687)	(6, 36.5352)	(7, 36.784299999999995)	(8, 44.6899)	(9, 44.0129)	(10, 37.6836)	(11, 50.0803)	(12, 46.612500000000004)	(13, 41.6064)	(14, 43.3635)	(15, 44.3994)	(16, 44.3722)	(17, 43.6248)	(18, 43.5907)	(19, 43.9517)	(20, 43.8263)	(21, 43.9339)	(22, 44.2009)	(23, 44.031)	(24, 43.985800000000005)	(25, 44.2122)	(26, 43.9709)	(27, 43.9063)	(28, 44.2456)	(29, 43.9574)	(30, 44.1661)	(31, 44.3493)	(32, 44.1008)	(33, 44.082300000000004)	(34, 44.6383)	(35, 44.259)	(36, 44.1592)	(37, 44.2645)	(38, 43.9977)	(39, 44.0917)	(40, 44.240899999999996)	(41, 44.0507)	(42, 44.3099)	(43, 44.467600000000004)	(44, 44.3998)	(45, 44.586999999999996)	(46, 44.5963)	(47, 44.4677)	(48, 44.2522)	(49, 44.7567)	(50, 44.3705)	(51, 44.3296)	(52, 44.7205)	(53, 44.434400000000004)	(54, 44.333600000000004)	(55, 44.8203)	(56, 44.338300000000004)	(57, 44.3789)	(58, 44.6419)	(59, 44.4343)	(60, 44.5268)	(61, 44.6012)	(62, 44.3747)	(63, 44.3658)	(64, 44.7139)	(65, 44.3634)	(66, 44.3339)	(67, 44.7687)	(68, 44.4776)	(69, 44.552)	(70, 44.7624)	(71, 44.428200000000004)	(72, 44.5782)	(73, 44.664)	(74, 44.448)	(75, 44.5665)	(76, 44.7741)	(77, 44.357400000000005)	(78, 44.4129)	(79, 44.9179)	(80, 44.5323)	(81, 44.644)	(82, 44.872499999999995)	(83, 44.3857)	(84, 44.6264)	(85, 44.818200000000004)	(86, 44.4413)	(87, 44.5448)	(88, 44.8688)	(89, 44.397999999999996)	(90, 44.6476)	(91, 44.7228)	(92, 44.6248)	(93, 44.6974)	(94, 44.847300000000004)	(95, 44.701800000000006)	(96, 44.4635)	(97, 44.9279)	(98, 44.5093)	(99, 44.525)	(100, 44.7472)	(101, 44.4432)	(102, 44.6075)	(103, 44.7016)	(104, 44.5026)	(105, 44.3454)	(106, 44.7337)	(107, 44.4079)	(108, 44.5045)	(109, 44.5792)	(110, 44.471500000000006)	(111, 44.4442)	(112, 44.8674)	(113, 44.5052)	(114, 44.4409)	(115, 44.8953)	(116, 44.406400000000005)	(117, 44.420700000000004)	(118, 44.768299999999996)	(119, 44.4182)	(120, 44.4502)	(121, 44.6543)	(122, 44.5785)	(123, 44.477)	(124, 44.8227)	(125, 44.6233)	(126, 44.7652)	(127, 44.8391)	(128, 44.5059)	(129, 44.5746)	(130, 44.8078)	(131, 44.5405)	(132, 44.4858)	(133, 44.7353)	(134, 44.583099999999995)	(135, 44.549299999999995)	(136, 44.8658)	(137, 44.5002)	(138, 44.4255)	(139, 44.6911)	(140, 44.4421)	(141, 44.5857)	(142, 44.6388)	(143, 44.534)	(144, 44.5038)	(145, 44.818000000000005)	(146, 44.657599999999995)	(147, 44.641999999999996)	(148, 44.9025)	(149, 44.6207)	(150, 44.656099999999995)
SRR18856602	(1, 73.1509)	(2, 38.4297)	(3, 46.2343)	(4, 48.5114)	(5, 41.7339)	(6, 36.2404)	(7, 36.6358)	(8, 44.5486)	(9, 43.904199999999996)	(10, 37.5501)	(11, 50.0404)	(12, 46.5466)	(13, 41.4413)	(14, 43.2635)	(15, 44.2853)	(16, 44.195299999999996)	(17, 43.4642)	(18, 43.3997)	(19, 43.7921)	(20, 43.6358)	(21, 43.7883)	(22, 44.0514)	(23, 43.888)	(24, 43.8205)	(25, 44.005100000000006)	(26, 43.8602)	(27, 43.749500000000005)	(28, 44.069)	(29, 43.7898)	(30, 43.980799999999995)	(31, 44.2232)	(32, 43.9454)	(33, 43.928)	(34, 44.5362)	(35, 44.0832)	(36, 43.9465)	(37, 44.0894)	(38, 43.8633)	(39, 43.897000000000006)	(40, 44.0358)	(41, 43.8544)	(42, 44.115)	(43, 44.2778)	(44, 44.2311)	(45, 44.425)	(46, 44.4209)	(47, 44.3506)	(48, 44.1169)	(49, 44.5519)	(50, 44.1811)	(51, 44.1571)	(52, 44.6063)	(53, 44.2484)	(54, 44.149100000000004)	(55, 44.6939)	(56, 44.133)	(57, 44.1523)	(58, 44.4772)	(59, 44.278)	(60, 44.3394)	(61, 44.4182)	(62, 44.2014)	(63, 44.1939)	(64, 44.5109)	(65, 44.168099999999995)	(66, 44.1331)	(67, 44.561099999999996)	(68, 44.2826)	(69, 44.3925)	(70, 44.5754)	(71, 44.196000000000005)	(72, 44.3837)	(73, 44.5158)	(74, 44.2395)	(75, 44.380399999999995)	(76, 44.5289)	(77, 44.1921)	(78, 44.237300000000005)	(79, 44.731500000000004)	(80, 44.3822)	(81, 44.4766)	(82, 44.6132)	(83, 44.1715)	(84, 44.4093)	(85, 44.5937)	(86, 44.2653)	(87, 44.289)	(88, 44.6296)	(89, 44.2235)	(90, 44.4527)	(91, 44.5052)	(92, 44.4208)	(93, 44.5461)	(94, 44.5687)	(95, 44.4982)	(96, 44.3163)	(97, 44.7492)	(98, 44.283899999999996)	(99, 44.3571)	(100, 44.5117)	(101, 44.255100000000006)	(102, 44.413799999999995)	(103, 44.4975)	(104, 44.2931)	(105, 44.141000000000005)	(106, 44.4989)	(107, 44.2395)	(108, 44.268800000000006)	(109, 44.3471)	(110, 44.3068)	(111, 44.2275)	(112, 44.6068)	(113, 44.2547)	(114, 44.2464)	(115, 44.6952)	(116, 44.139)	(117, 44.1615)	(118, 44.54)	(119, 44.207499999999996)	(120, 44.2358)	(121, 44.4272)	(122, 44.3747)	(123, 44.2671)	(124, 44.5383)	(125, 44.369)	(126, 44.5254)	(127, 44.6104)	(128, 44.3334)	(129, 44.3431)	(130, 44.559599999999996)	(131, 44.304100000000005)	(132, 44.2408)	(133, 44.528600000000004)	(134, 44.3703)	(135, 44.2394)	(136, 44.630700000000004)	(137, 44.2455)	(138, 44.117)	(139, 44.4022)	(140, 44.182300000000005)	(141, 44.385000000000005)	(142, 44.325199999999995)	(143, 44.299699999999994)	(144, 44.242399999999996)	(145, 44.5058)	(146, 44.4598)	(147, 44.3716)	(148, 44.6862)	(149, 44.3875)	(150, 44.3811)
SRR18856603	(1, 71.85820000000001)	(2, 37.9197)	(3, 44.9438)	(4, 47.988)	(5, 41.5227)	(6, 36.1443)	(7, 36.5585)	(8, 44.8011)	(9, 43.9463)	(10, 37.4171)	(11, 49.9812)	(12, 46.3559)	(13, 41.2171)	(14, 43.0313)	(15, 44.088899999999995)	(16, 43.9565)	(17, 43.4261)	(18, 43.2543)	(19, 43.6693)	(20, 43.5174)	(21, 43.6127)	(22, 43.9582)	(23, 43.6846)	(24, 43.7042)	(25, 43.9098)	(26, 43.7339)	(27, 43.5884)	(28, 43.9185)	(29, 43.6434)	(30, 43.7878)	(31, 44.0509)	(32, 43.7742)	(33, 43.7868)	(34, 44.284400000000005)	(35, 43.9238)	(36, 43.7732)	(37, 43.9672)	(38, 43.7256)	(39, 43.7275)	(40, 43.9302)	(41, 43.796)	(42, 43.948)	(43, 44.0998)	(44, 44.093700000000005)	(45, 44.169599999999996)	(46, 44.246)	(47, 44.0909)	(48, 43.926500000000004)	(49, 44.3388)	(50, 43.998799999999996)	(51, 43.9314)	(52, 44.444)	(53, 44.0764)	(54, 43.9812)	(55, 44.446400000000004)	(56, 44.0055)	(57, 43.9602)	(58, 44.2833)	(59, 44.0775)	(60, 44.100699999999996)	(61, 44.2434)	(62, 44.0897)	(63, 44.0013)	(64, 44.298)	(65, 43.966499999999996)	(66, 43.9961)	(67, 44.386199999999995)	(68, 44.1531)	(69, 44.169599999999996)	(70, 44.3836)	(71, 44.128499999999995)	(72, 44.2012)	(73, 44.3332)	(74, 44.085)	(75, 44.2023)	(76, 44.3651)	(77, 44.0124)	(78, 44.026399999999995)	(79, 44.486)	(80, 44.2117)	(81, 44.264700000000005)	(82, 44.427)	(83, 44.0665)	(84, 44.2271)	(85, 44.425399999999996)	(86, 44.1115)	(87, 44.1467)	(88, 44.4148)	(89, 44.0894)	(90, 44.2295)	(91, 44.354)	(92, 44.2843)	(93, 44.2608)	(94, 44.3954)	(95, 44.2419)	(96, 44.1139)	(97, 44.4521)	(98, 44.0813)	(99, 44.0965)	(100, 44.331199999999995)	(101, 44.1006)	(102, 44.1907)	(103, 44.290600000000005)	(104, 44.1186)	(105, 43.954100000000004)	(106, 44.3477)	(107, 44.11)	(108, 44.0784)	(109, 44.210300000000004)	(110, 44.0747)	(111, 44.0954)	(112, 44.3925)	(113, 44.1085)	(114, 44.0677)	(115, 44.441199999999995)	(116, 44.0206)	(117, 43.9994)	(118, 44.3424)	(119, 44.0677)	(120, 44.0756)	(121, 44.277899999999995)	(122, 44.195299999999996)	(123, 44.0908)	(124, 44.375)	(125, 44.1885)	(126, 44.3066)	(127, 44.3662)	(128, 44.1386)	(129, 44.1522)	(130, 44.3695)	(131, 44.1019)	(132, 44.0309)	(133, 44.346000000000004)	(134, 44.1288)	(135, 44.0292)	(136, 44.390299999999996)	(137, 44.0506)	(138, 43.9317)	(139, 44.2988)	(140, 44.075199999999995)	(141, 44.1625)	(142, 44.249)	(143, 44.1451)	(144, 44.0824)	(145, 44.339800000000004)	(146, 44.228899999999996)	(147, 44.1892)	(148, 44.4426)	(149, 44.215700000000005)	(150, 44.2203)
SRR18856604	(1, 71.8989)	(2, 41.4493)	(3, 47.0347)	(4, 49.2123)	(5, 42.605599999999995)	(6, 36.8584)	(7, 36.7393)	(8, 45.4319)	(9, 44.6101)	(10, 37.7336)	(11, 50.169)	(12, 46.6644)	(13, 41.5366)	(14, 43.2447)	(15, 44.2344)	(16, 44.2168)	(17, 43.6942)	(18, 43.5296)	(19, 43.9106)	(20, 43.8743)	(21, 43.8587)	(22, 44.1197)	(23, 44.095)	(24, 43.9371)	(25, 44.0528)	(26, 43.9647)	(27, 43.8729)	(28, 44.0676)	(29, 43.995200000000004)	(30, 44.0042)	(31, 44.2655)	(32, 44.0462)	(33, 44.0179)	(34, 44.5105)	(35, 44.2883)	(36, 44.0773)	(37, 44.1598)	(38, 44.0173)	(39, 43.967099999999995)	(40, 44.1477)	(41, 44.0677)	(42, 44.1588)	(43, 44.325900000000004)	(44, 44.338300000000004)	(45, 44.4093)	(46, 44.4437)	(47, 44.4031)	(48, 44.1195)	(49, 44.5563)	(50, 44.2787)	(51, 44.1687)	(52, 44.547)	(53, 44.3744)	(54, 44.238699999999994)	(55, 44.6246)	(56, 44.319399999999995)	(57, 44.264700000000005)	(58, 44.4792)	(59, 44.4005)	(60, 44.366)	(61, 44.4377)	(62, 44.3109)	(63, 44.166)	(64, 44.5535)	(65, 44.3035)	(66, 44.1793)	(67, 44.585)	(68, 44.3684)	(69, 44.3973)	(70, 44.5496)	(71, 44.3679)	(72, 44.422200000000004)	(73, 44.4305)	(74, 44.3681)	(75, 44.34)	(76, 44.5088)	(77, 44.3305)	(78, 44.248)	(79, 44.6755)	(80, 44.4911)	(81, 44.452799999999996)	(82, 44.6858)	(83, 44.3246)	(84, 44.4274)	(85, 44.6125)	(86, 44.4106)	(87, 44.3642)	(88, 44.6549)	(89, 44.341)	(90, 44.473400000000005)	(91, 44.548500000000004)	(92, 44.5234)	(93, 44.5198)	(94, 44.6207)	(95, 44.6047)	(96, 44.3286)	(97, 44.7417)	(98, 44.4493)	(99, 44.3443)	(100, 44.6363)	(101, 44.3408)	(102, 44.4751)	(103, 44.5448)	(104, 44.418600000000005)	(105, 44.2035)	(106, 44.5437)	(107, 44.392900000000004)	(108, 44.317099999999996)	(109, 44.3952)	(110, 44.3565)	(111, 44.3188)	(112, 44.6483)	(113, 44.3733)	(114, 44.3239)	(115, 44.7316)	(116, 44.3001)	(117, 44.277)	(118, 44.5845)	(119, 44.3501)	(120, 44.2537)	(121, 44.466)	(122, 44.4963)	(123, 44.3502)	(124, 44.5842)	(125, 44.4919)	(126, 44.5345)	(127, 44.6054)	(128, 44.398700000000005)	(129, 44.3503)	(130, 44.635999999999996)	(131, 44.4187)	(132, 44.318999999999996)	(133, 44.5959)	(134, 44.489000000000004)	(135, 44.3497)	(136, 44.6868)	(137, 44.364)	(138, 44.2862)	(139, 44.5104)	(140, 44.4153)	(141, 44.4114)	(142, 44.482699999999994)	(143, 44.4296)	(144, 44.3154)	(145, 44.6136)	(146, 44.5489)	(147, 44.4801)	(148, 44.7474)	(149, 44.5714)	(150, 44.5025)
SRR18856605	(1, 72.4435)	(2, 40.0633)	(3, 46.6532)	(4, 48.8358)	(5, 42.2042)	(6, 36.620799999999996)	(7, 36.6798)	(8, 45.069199999999995)	(9, 44.3926)	(10, 37.661899999999996)	(11, 50.139199999999995)	(12, 46.6203)	(13, 41.5257)	(14, 43.2421)	(15, 44.25)	(16, 44.224799999999995)	(17, 43.6255)	(18, 43.520199999999996)	(19, 43.884699999999995)	(20, 43.803)	(21, 43.857600000000005)	(22, 44.111)	(23, 43.9743)	(24, 43.8868)	(25, 44.0573)	(26, 43.8887)	(27, 43.7904)	(28, 44.0449)	(29, 43.905499999999996)	(30, 43.966699999999996)	(31, 44.225500000000004)	(32, 43.985)	(33, 43.9548)	(34, 44.4839)	(35, 44.1672)	(36, 44.0579)	(37, 44.0965)	(38, 43.9005)	(39, 43.9317)	(40, 44.114799999999995)	(41, 43.9398)	(42, 44.1411)	(43, 44.3181)	(44, 44.3012)	(45, 44.3833)	(46, 44.4248)	(47, 44.3296)	(48, 44.1068)	(49, 44.553599999999996)	(50, 44.190400000000004)	(51, 44.15)	(52, 44.533)	(53, 44.266299999999994)	(54, 44.164500000000004)	(55, 44.6104)	(56, 44.2131)	(57, 44.1598)	(58, 44.4593)	(59, 44.3147)	(60, 44.309)	(61, 44.3606)	(62, 44.2583)	(63, 44.109700000000004)	(64, 44.4923)	(65, 44.2173)	(66, 44.1099)	(67, 44.534)	(68, 44.306)	(69, 44.336)	(70, 44.5115)	(71, 44.2828)	(72, 44.3775)	(73, 44.438)	(74, 44.2831)	(75, 44.3443)	(76, 44.480599999999995)	(77, 44.2531)	(78, 44.1743)	(79, 44.614)	(80, 44.359500000000004)	(81, 44.4224)	(82, 44.6315)	(83, 44.2201)	(84, 44.3937)	(85, 44.5677)	(86, 44.313)	(87, 44.279)	(88, 44.621)	(89, 44.2517)	(90, 44.4206)	(91, 44.476)	(92, 44.4197)	(93, 44.5016)	(94, 44.5686)	(95, 44.520199999999996)	(96, 44.2928)	(97, 44.6806)	(98, 44.3143)	(99, 44.2971)	(100, 44.5503)	(101, 44.2422)	(102, 44.3658)	(103, 44.4613)	(104, 44.3186)	(105, 44.1535)	(106, 44.4912)	(107, 44.2892)	(108, 44.2614)	(109, 44.3404)	(110, 44.3009)	(111, 44.231700000000004)	(112, 44.590999999999994)	(113, 44.2637)	(114, 44.2473)	(115, 44.6659)	(116, 44.1894)	(117, 44.213)	(118, 44.554)	(119, 44.1913)	(120, 44.1771)	(121, 44.3813)	(122, 44.3874)	(123, 44.266299999999994)	(124, 44.5103)	(125, 44.399300000000004)	(126, 44.475500000000004)	(127, 44.5491)	(128, 44.3114)	(129, 44.292500000000004)	(130, 44.573499999999996)	(131, 44.3089)	(132, 44.2312)	(133, 44.501400000000004)	(134, 44.399100000000004)	(135, 44.2502)	(136, 44.618900000000004)	(137, 44.26)	(138, 44.1641)	(139, 44.4422)	(140, 44.274)	(141, 44.3884)	(142, 44.4365)	(143, 44.3624)	(144, 44.2423)	(145, 44.5556)	(146, 44.448100000000004)	(147, 44.4708)	(148, 44.6987)	(149, 44.477)	(150, 44.4272)
SRR18856606	(1, 72.4431)	(2, 41.2843)	(3, 47.5671)	(4, 49.3198)	(5, 42.6594)	(6, 36.9003)	(7, 36.715599999999995)	(8, 45.06)	(9, 44.2954)	(10, 37.553)	(11, 49.827799999999996)	(12, 46.4498)	(13, 41.4418)	(14, 43.133300000000006)	(15, 44.092)	(16, 44.1516)	(17, 43.6045)	(18, 43.499300000000005)	(19, 43.9033)	(20, 43.847)	(21, 43.8786)	(22, 44.0109)	(23, 44.0101)	(24, 43.8771)	(25, 44.0469)	(26, 43.8986)	(27, 43.797599999999996)	(28, 44.0409)	(29, 43.913000000000004)	(30, 44.018)	(31, 44.2134)	(32, 43.9872)	(33, 43.912800000000004)	(34, 44.4853)	(35, 44.2184)	(36, 44.056200000000004)	(37, 44.0917)	(38, 43.9586)	(39, 43.9358)	(40, 44.0352)	(41, 43.986)	(42, 44.1502)	(43, 44.2819)	(44, 44.332300000000004)	(45, 44.429)	(46, 44.4527)	(47, 44.3626)	(48, 44.0967)	(49, 44.5647)	(50, 44.259100000000004)	(51, 44.130900000000004)	(52, 44.5693)	(53, 44.338300000000004)	(54, 44.1519)	(55, 44.6154)	(56, 44.2396)	(57, 44.244299999999996)	(58, 44.4733)	(59, 44.3573)	(60, 44.3885)	(61, 44.4519)	(62, 44.2894)	(63, 44.1346)	(64, 44.5619)	(65, 44.2606)	(66, 44.1393)	(67, 44.5595)	(68, 44.3406)	(69, 44.392199999999995)	(70, 44.5528)	(71, 44.339)	(72, 44.4039)	(73, 44.459700000000005)	(74, 44.3531)	(75, 44.403999999999996)	(76, 44.5657)	(77, 44.3056)	(78, 44.208999999999996)	(79, 44.678000000000004)	(80, 44.4463)	(81, 44.492399999999996)	(82, 44.675599999999996)	(83, 44.2981)	(84, 44.4443)	(85, 44.6254)	(86, 44.3968)	(87, 44.3402)	(88, 44.6466)	(89, 44.3304)	(90, 44.454)	(91, 44.5119)	(92, 44.4859)	(93, 44.5904)	(94, 44.6233)	(95, 44.6042)	(96, 44.3006)	(97, 44.7621)	(98, 44.3856)	(99, 44.3506)	(100, 44.635000000000005)	(101, 44.350699999999996)	(102, 44.489000000000004)	(103, 44.555299999999995)	(104, 44.4314)	(105, 44.2135)	(106, 44.5446)	(107, 44.360699999999994)	(108, 44.32)	(109, 44.4058)	(110, 44.343900000000005)	(111, 44.2693)	(112, 44.6532)	(113, 44.3637)	(114, 44.3128)	(115, 44.7827)	(116, 44.2993)	(117, 44.2667)	(118, 44.6015)	(119, 44.285799999999995)	(120, 44.2652)	(121, 44.4294)	(122, 44.4821)	(123, 44.3596)	(124, 44.611200000000004)	(125, 44.5019)	(126, 44.5755)	(127, 44.6379)	(128, 44.405)	(129, 44.3698)	(130, 44.6421)	(131, 44.4093)	(132, 44.3227)	(133, 44.605)	(134, 44.5176)	(135, 44.3838)	(136, 44.7212)	(137, 44.379200000000004)	(138, 44.2612)	(139, 44.5114)	(140, 44.358)	(141, 44.417699999999996)	(142, 44.4818)	(143, 44.4383)	(144, 44.337700000000005)	(145, 44.654500000000006)	(146, 44.561499999999995)	(147, 44.4972)	(148, 44.7895)	(149, 44.5204)	(150, 44.495400000000004)
SRR18856607	(1, 72.6576)	(2, 41.21)	(3, 47.7974)	(4, 49.1469)	(5, 42.6408)	(6, 37.038199999999996)	(7, 37.0317)	(8, 45.3664)	(9, 44.5252)	(10, 37.6625)	(11, 50.045899999999996)	(12, 46.6785)	(13, 41.5817)	(14, 43.2605)	(15, 44.1983)	(16, 44.2954)	(17, 43.8144)	(18, 43.7194)	(19, 44.126599999999996)	(20, 44.0019)	(21, 44.028800000000004)	(22, 44.217)	(23, 44.138)	(24, 44.032900000000005)	(25, 44.207)	(26, 44.0589)	(27, 43.9149)	(28, 44.2071)	(29, 44.040099999999995)	(30, 44.148900000000005)	(31, 44.3936)	(32, 44.118)	(33, 44.1005)	(34, 44.7038)	(35, 44.452799999999996)	(36, 44.189499999999995)	(37, 44.299)	(38, 44.1606)	(39, 44.1743)	(40, 44.222699999999996)	(41, 44.214999999999996)	(42, 44.359500000000004)	(43, 44.548)	(44, 44.6137)	(45, 44.649899999999995)	(46, 44.7062)	(47, 44.6657)	(48, 44.3292)	(49, 44.8679)	(50, 44.5725)	(51, 44.4396)	(52, 44.8304)	(53, 44.6346)	(54, 44.4699)	(55, 44.9175)	(56, 44.512800000000006)	(57, 44.5013)	(58, 44.817499999999995)	(59, 44.6321)	(60, 44.6256)	(61, 44.7249)	(62, 44.5576)	(63, 44.4702)	(64, 44.891799999999996)	(65, 44.6118)	(66, 44.397999999999996)	(67, 44.9016)	(68, 44.6839)	(69, 44.648700000000005)	(70, 44.8023)	(71, 44.6323)	(72, 44.7147)	(73, 44.7421)	(74, 44.6181)	(75, 44.6344)	(76, 44.8849)	(77, 44.6102)	(78, 44.5044)	(79, 44.976)	(80, 44.707)	(81, 44.7648)	(82, 44.9079)	(83, 44.5703)	(84, 44.6857)	(85, 44.8463)	(86, 44.672200000000004)	(87, 44.5557)	(88, 44.9502)	(89, 44.6089)	(90, 44.7438)	(91, 44.7813)	(92, 44.7434)	(93, 44.8727)	(94, 44.8803)	(95, 44.8157)	(96, 44.5505)	(97, 45.0327)	(98, 44.6652)	(99, 44.6541)	(100, 44.8445)	(101, 44.6741)	(102, 44.6966)	(103, 44.813199999999995)	(104, 44.6646)	(105, 44.456)	(106, 44.8255)	(107, 44.6479)	(108, 44.5749)	(109, 44.706)	(110, 44.6931)	(111, 44.5744)	(112, 44.924)	(113, 44.5922)	(114, 44.5371)	(115, 45.0374)	(116, 44.6156)	(117, 44.5126)	(118, 44.8883)	(119, 44.5352)	(120, 44.603500000000004)	(121, 44.730799999999995)	(122, 44.7269)	(123, 44.5649)	(124, 44.806200000000004)	(125, 44.755)	(126, 44.8273)	(127, 44.899899999999995)	(128, 44.6118)	(129, 44.5902)	(130, 44.9774)	(131, 44.675799999999995)	(132, 44.5648)	(133, 44.8818)	(134, 44.738)	(135, 44.6031)	(136, 44.9431)	(137, 44.6378)	(138, 44.5677)	(139, 44.838899999999995)	(140, 44.7265)	(141, 44.7429)	(142, 44.8282)	(143, 44.7397)	(144, 44.6936)	(145, 44.9272)	(146, 44.8923)	(147, 44.698100000000004)	(148, 45.014700000000005)	(149, 44.9162)	(150, 44.7847)
SRR18856608	(1, 72.6187)	(2, 40.980199999999996)	(3, 47.7022)	(4, 49.3841)	(5, 42.4349)	(6, 37.0231)	(7, 37.0178)	(8, 45.1231)	(9, 44.4385)	(10, 37.669399999999996)	(11, 50.108399999999996)	(12, 46.7033)	(13, 41.623)	(14, 43.388)	(15, 44.3498)	(16, 44.3897)	(17, 43.810900000000004)	(18, 43.811099999999996)	(19, 44.1211)	(20, 44.0153)	(21, 44.0725)	(22, 44.329299999999996)	(23, 44.1475)	(24, 44.0788)	(25, 44.2922)	(26, 44.0968)	(27, 43.9602)	(28, 44.2952)	(29, 44.0645)	(30, 44.167899999999996)	(31, 44.4326)	(32, 44.1567)	(33, 44.183499999999995)	(34, 44.705600000000004)	(35, 44.3986)	(36, 44.2652)	(37, 44.364399999999996)	(38, 44.112899999999996)	(39, 44.1523)	(40, 44.297399999999996)	(41, 44.2166)	(42, 44.365700000000004)	(43, 44.5079)	(44, 44.5049)	(45, 44.6551)	(46, 44.7194)	(47, 44.5832)	(48, 44.3522)	(49, 44.8567)	(50, 44.4769)	(51, 44.4348)	(52, 44.8183)	(53, 44.514900000000004)	(54, 44.427499999999995)	(55, 44.840799999999994)	(56, 44.4003)	(57, 44.426700000000004)	(58, 44.7144)	(59, 44.5513)	(60, 44.6186)	(61, 44.7226)	(62, 44.520700000000005)	(63, 44.4647)	(64, 44.8241)	(65, 44.5104)	(66, 44.4102)	(67, 44.7988)	(68, 44.616699999999994)	(69, 44.6412)	(70, 44.8215)	(71, 44.579)	(72, 44.6589)	(73, 44.7598)	(74, 44.5972)	(75, 44.6596)	(76, 44.8554)	(77, 44.5777)	(78, 44.4805)	(79, 44.9464)	(80, 44.6633)	(81, 44.7634)	(82, 44.8679)	(83, 44.5283)	(84, 44.6874)	(85, 44.8508)	(86, 44.6204)	(87, 44.5642)	(88, 44.926300000000005)	(89, 44.547799999999995)	(90, 44.7222)	(91, 44.8281)	(92, 44.7641)	(93, 44.7766)	(94, 44.8566)	(95, 44.757999999999996)	(96, 44.5505)	(97, 44.9717)	(98, 44.5904)	(99, 44.6042)	(100, 44.790600000000005)	(101, 44.602399999999996)	(102, 44.6432)	(103, 44.7685)	(104, 44.6023)	(105, 44.432)	(106, 44.7418)	(107, 44.5484)	(108, 44.5529)	(109, 44.6851)	(110, 44.6687)	(111, 44.5333)	(112, 44.9112)	(113, 44.6012)	(114, 44.539)	(115, 44.9462)	(116, 44.5394)	(117, 44.431799999999996)	(118, 44.8073)	(119, 44.5008)	(120, 44.5608)	(121, 44.7151)	(122, 44.6653)	(123, 44.5749)	(124, 44.8058)	(125, 44.6851)	(126, 44.7892)	(127, 44.853500000000004)	(128, 44.5573)	(129, 44.5506)	(130, 44.8983)	(131, 44.5858)	(132, 44.5201)	(133, 44.796200000000006)	(134, 44.6819)	(135, 44.6058)	(136, 44.8648)	(137, 44.5769)	(138, 44.553599999999996)	(139, 44.789899999999996)	(140, 44.6683)	(141, 44.695299999999996)	(142, 44.865899999999996)	(143, 44.6462)	(144, 44.677)	(145, 44.9443)	(146, 44.792300000000004)	(147, 44.722899999999996)	(148, 44.9749)	(149, 44.811299999999996)	(150, 44.6752)
SRR18856609	(1, 72.422)	(2, 40.8427)	(3, 47.5306)	(4, 49.3373)	(5, 42.458800000000004)	(6, 37.0218)	(7, 36.987500000000004)	(8, 45.3298)	(9, 44.5245)	(10, 37.774)	(11, 50.1762)	(12, 46.6946)	(13, 41.590500000000006)	(14, 43.3868)	(15, 44.4159)	(16, 44.434000000000005)	(17, 43.8701)	(18, 43.8143)	(19, 44.1421)	(20, 44.093700000000005)	(21, 44.134299999999996)	(22, 44.3125)	(23, 44.2098)	(24, 44.1331)	(25, 44.271)	(26, 44.2164)	(27, 44.018499999999996)	(28, 44.2705)	(29, 44.1655)	(30, 44.2521)	(31, 44.5245)	(32, 44.2311)	(33, 44.1989)	(34, 44.8102)	(35, 44.5196)	(36, 44.2658)	(37, 44.4362)	(38, 44.2179)	(39, 44.2527)	(40, 44.3365)	(41, 44.278600000000004)	(42, 44.4792)	(43, 44.5463)	(44, 44.6492)	(45, 44.7408)	(46, 44.778600000000004)	(47, 44.7203)	(48, 44.3992)	(49, 44.9446)	(50, 44.6143)	(51, 44.492)	(52, 44.9009)	(53, 44.6226)	(54, 44.5169)	(55, 44.9405)	(56, 44.5674)	(57, 44.5612)	(58, 44.8289)	(59, 44.6762)	(60, 44.730199999999996)	(61, 44.7973)	(62, 44.582300000000004)	(63, 44.5391)	(64, 44.9121)	(65, 44.6158)	(66, 44.4913)	(67, 44.9131)	(68, 44.7406)	(69, 44.7052)	(70, 44.8343)	(71, 44.6519)	(72, 44.7585)	(73, 44.7909)	(74, 44.6563)	(75, 44.7274)	(76, 44.9281)	(77, 44.6577)	(78, 44.574200000000005)	(79, 45.0368)	(80, 44.7519)	(81, 44.8147)	(82, 44.9896)	(83, 44.6375)	(84, 44.749)	(85, 44.9221)	(86, 44.7026)	(87, 44.6194)	(88, 45.0118)	(89, 44.611000000000004)	(90, 44.823299999999996)	(91, 44.8442)	(92, 44.846599999999995)	(93, 44.9097)	(94, 44.9543)	(95, 44.887899999999995)	(96, 44.650800000000004)	(97, 45.0625)	(98, 44.7093)	(99, 44.685)	(100, 44.8722)	(101, 44.6697)	(102, 44.7166)	(103, 44.8643)	(104, 44.6714)	(105, 44.5116)	(106, 44.8224)	(107, 44.6794)	(108, 44.6529)	(109, 44.7535)	(110, 44.7739)	(111, 44.6477)	(112, 45.016600000000004)	(113, 44.6789)	(114, 44.6122)	(115, 45.0664)	(116, 44.650099999999995)	(117, 44.5258)	(118, 44.934200000000004)	(119, 44.5509)	(120, 44.6404)	(121, 44.7517)	(122, 44.7389)	(123, 44.648900000000005)	(124, 44.836)	(125, 44.7797)	(126, 44.8739)	(127, 44.954499999999996)	(128, 44.6848)	(129, 44.6106)	(130, 45.033)	(131, 44.6908)	(132, 44.6044)	(133, 44.8877)	(134, 44.7885)	(135, 44.705099999999995)	(136, 44.9644)	(137, 44.6916)	(138, 44.6219)	(139, 44.8481)	(140, 44.7771)	(141, 44.85)	(142, 44.8831)	(143, 44.7406)	(144, 44.7312)	(145, 44.9865)	(146, 44.9013)	(147, 44.751999999999995)	(148, 45.0905)	(149, 44.969500000000004)	(150, 44.825900000000004)
