Sample	0	1	2	3	4	5	6	7	8	9	10	11	12	13	14	15	16	17	18	19	20	21	22	23	24	25	26	27	28	29	30	31	32	33	34	35	36	37	38	39	40	41	42	43	44	45	46	47	48	49	50	51	52	53	54	55	56	57	58	59	60	61	62	63	64	65	66	67	68	69	70	71	72	73	74	75	76	77	78	79	80	81	82	83	84	85	86	87	88	89	90	91	92	93	94	95	96	97	98	99	100	101	102	103	104	105	106	107	108	109	110	111	112	113	114	115	116	117	118	119	120	121	122	123	124	125	126	127	128	129	130	131	132	133	134	135	136	137	138	139	140	141	142	143	144	145	146	147	148	149
SRR18856598	(1, 71.9455)	(2, 41.7772)	(3, 47.5317)	(4, 49.603199999999994)	(5, 43.0894)	(6, 37.306400000000004)	(7, 36.963)	(8, 45.7192)	(9, 44.8029)	(10, 37.8422)	(11, 50.2311)	(12, 46.7956)	(13, 41.6842)	(14, 43.3986)	(15, 44.3085)	(16, 44.4673)	(17, 43.8916)	(18, 43.8403)	(19, 44.2444)	(20, 44.1384)	(21, 44.1563)	(22, 44.2982)	(23, 44.346799999999995)	(24, 44.148700000000005)	(25, 44.298)	(26, 44.283899999999996)	(27, 44.1166)	(28, 44.269)	(29, 44.263799999999996)	(30, 44.276700000000005)	(31, 44.5594)	(32, 44.250699999999995)	(33, 44.2504)	(34, 44.8791)	(35, 44.5782)	(36, 44.3092)	(37, 44.4425)	(38, 44.262499999999996)	(39, 44.282700000000006)	(40, 44.332300000000004)	(41, 44.391000000000005)	(42, 44.4717)	(43, 44.5834)	(44, 44.7035)	(45, 44.7192)	(46, 44.738099999999996)	(47, 44.7285)	(48, 44.4248)	(49, 44.9053)	(50, 44.574000000000005)	(51, 44.491)	(52, 44.8838)	(53, 44.6631)	(54, 44.502199999999995)	(55, 44.896)	(56, 44.5865)	(57, 44.534099999999995)	(58, 44.7832)	(59, 44.6878)	(60, 44.7042)	(61, 44.725)	(62, 44.6502)	(63, 44.493500000000004)	(64, 44.9563)	(65, 44.6965)	(66, 44.4307)	(67, 44.8838)	(68, 44.737)	(69, 44.6866)	(70, 44.784400000000005)	(71, 44.699)	(72, 44.7399)	(73, 44.717)	(74, 44.691399999999994)	(75, 44.7311)	(76, 44.8112)	(77, 44.697700000000005)	(78, 44.5044)	(79, 44.9761)	(80, 44.7472)	(81, 44.768299999999996)	(82, 44.9454)	(83, 44.6017)	(84, 44.717800000000004)	(85, 44.912600000000005)	(86, 44.696000000000005)	(87, 44.5708)	(88, 44.9191)	(89, 44.6433)	(90, 44.7239)	(91, 44.723)	(92, 44.762)	(93, 44.8477)	(94, 44.8374)	(95, 44.8038)	(96, 44.5894)	(97, 45.0292)	(98, 44.6802)	(99, 44.6117)	(100, 44.879400000000004)	(101, 44.6838)	(102, 44.677)	(103, 44.7886)	(104, 44.6882)	(105, 44.461099999999995)	(106, 44.759)	(107, 44.6918)	(108, 44.5658)	(109, 44.636199999999995)	(110, 44.7217)	(111, 44.5681)	(112, 44.8762)	(113, 44.5855)	(114, 44.5609)	(115, 45.0419)	(116, 44.5845)	(117, 44.452999999999996)	(118, 44.8381)	(119, 44.5489)	(120, 44.5767)	(121, 44.7257)	(122, 44.6874)	(123, 44.5725)	(124, 44.7318)	(125, 44.763999999999996)	(126, 44.8123)	(127, 44.8545)	(128, 44.6511)	(129, 44.6089)	(130, 44.959700000000005)	(131, 44.6027)	(132, 44.5841)	(133, 44.7959)	(134, 44.6961)	(135, 44.615500000000004)	(136, 44.8769)	(137, 44.635200000000005)	(138, 44.6049)	(139, 44.7787)	(140, 44.7077)	(141, 44.7106)	(142, 44.7662)	(143, 44.7134)	(144, 44.575700000000005)	(145, 44.9047)	(146, 44.846000000000004)	(147, 44.5453)	(148, 45.0456)	(149, 44.8242)	(150, 44.5893)
SRR18856599	(1, 72.6698)	(2, 40.096199999999996)	(3, 46.9865)	(4, 49.1351)	(5, 42.3381)	(6, 36.9759)	(7, 37.0987)	(8, 45.3284)	(9, 44.5528)	(10, 37.995000000000005)	(11, 50.437200000000004)	(12, 46.8025)	(13, 41.798)	(14, 43.4124)	(15, 44.4568)	(16, 44.4922)	(17, 43.9457)	(18, 43.8769)	(19, 44.171)	(20, 44.0049)	(21, 44.1896)	(22, 44.566)	(23, 44.0415)	(24, 44.2675)	(25, 44.3626)	(26, 44.0678)	(27, 44.0253)	(28, 44.4215)	(29, 44.2336)	(30, 44.2311)	(31, 44.500499999999995)	(32, 44.3433)	(33, 44.2854)	(34, 44.8136)	(35, 44.3409)	(36, 44.1991)	(37, 44.4853)	(38, 44.168400000000005)	(39, 44.2706)	(40, 44.516600000000004)	(41, 44.3135)	(42, 44.4382)	(43, 44.567299999999996)	(44, 44.5432)	(45, 44.5177)	(46, 44.9097)	(47, 44.617000000000004)	(48, 44.2602)	(49, 44.8756)	(50, 44.473800000000004)	(51, 44.4996)	(52, 44.830799999999996)	(53, 44.4666)	(54, 44.5844)	(55, 44.9421)	(56, 44.494499999999995)	(57, 44.422200000000004)	(58, 44.907599999999995)	(59, 44.7113)	(60, 44.662600000000005)	(61, 44.915699999999994)	(62, 44.5353)	(63, 44.5315)	(64, 44.7871)	(65, 44.5695)	(66, 44.4459)	(67, 45.0181)	(68, 44.8121)	(69, 44.6233)	(70, 44.8107)	(71, 44.6053)	(72, 44.6676)	(73, 44.8059)	(74, 44.7261)	(75, 44.6247)	(76, 45.0349)	(77, 44.657799999999995)	(78, 44.4927)	(79, 44.9455)	(80, 44.7293)	(81, 44.7739)	(82, 44.9384)	(83, 44.752700000000004)	(84, 44.8421)	(85, 44.8592)	(86, 44.6363)	(87, 44.7077)	(88, 45.1003)	(89, 44.682)	(90, 44.7795)	(91, 45.027)	(92, 44.8007)	(93, 45.0299)	(94, 45.0155)	(95, 44.8403)	(96, 44.5333)	(97, 45.081700000000005)	(98, 44.8153)	(99, 44.6327)	(100, 44.8628)	(101, 44.5854)	(102, 44.6567)	(103, 44.8174)	(104, 44.6103)	(105, 44.456)	(106, 44.9043)	(107, 44.675599999999996)	(108, 44.5758)	(109, 44.8272)	(110, 44.5828)	(111, 44.5556)	(112, 44.918)	(113, 44.576)	(114, 44.5985)	(115, 44.9651)	(116, 44.685)	(117, 44.545899999999996)	(118, 44.886199999999995)	(119, 44.5177)	(120, 44.568799999999996)	(121, 44.704)	(122, 44.647)	(123, 44.433099999999996)	(124, 44.7261)	(125, 44.6691)	(126, 44.771499999999996)	(127, 44.8626)	(128, 44.6366)	(129, 44.5507)	(130, 44.8573)	(131, 44.649)	(132, 44.6274)	(133, 44.913799999999995)	(134, 44.7473)	(135, 44.690400000000004)	(136, 44.8681)	(137, 44.8729)	(138, 44.6862)	(139, 44.9982)	(140, 44.6345)	(141, 44.637100000000004)	(142, 44.9096)	(143, 44.626900000000006)	(144, 44.6974)	(145, 44.9107)	(146, 44.7822)	(147, 44.5905)	(148, 45.0518)	(149, 44.8354)	(150, 44.574000000000005)
SRR18856600	(1, 71.86449999999999)	(2, 40.671099999999996)	(3, 46.4964)	(4, 48.822700000000005)	(5, 42.4356)	(6, 36.8497)	(7, 36.969)	(8, 45.809)	(9, 44.907000000000004)	(10, 37.7953)	(11, 50.4067)	(12, 46.7539)	(13, 41.5082)	(14, 43.2552)	(15, 44.1874)	(16, 44.291199999999996)	(17, 43.7857)	(18, 43.679)	(19, 44.0589)	(20, 43.95)	(21, 43.9979)	(22, 44.1968)	(23, 44.061699999999995)	(24, 44.028099999999995)	(25, 44.1182)	(26, 44.062200000000004)	(27, 43.9089)	(28, 44.1455)	(29, 44.0417)	(30, 44.0989)	(31, 44.3627)	(32, 44.0953)	(33, 44.0967)	(34, 44.637)	(35, 44.3572)	(36, 44.0828)	(37, 44.2752)	(38, 44.114)	(39, 44.1522)	(40, 44.2061)	(41, 44.222899999999996)	(42, 44.3006)	(43, 44.4594)	(44, 44.5434)	(45, 44.488699999999994)	(46, 44.602599999999995)	(47, 44.5034)	(48, 44.2372)	(49, 44.6933)	(50, 44.4543)	(51, 44.3534)	(52, 44.7382)	(53, 44.4801)	(54, 44.4028)	(55, 44.8163)	(56, 44.4598)	(57, 44.3591)	(58, 44.709900000000005)	(59, 44.5984)	(60, 44.5377)	(61, 44.6324)	(62, 44.479400000000005)	(63, 44.4036)	(64, 44.803)	(65, 44.4977)	(66, 44.3218)	(67, 44.7773)	(68, 44.6335)	(69, 44.514199999999995)	(70, 44.6752)	(71, 44.5194)	(72, 44.590999999999994)	(73, 44.617200000000004)	(74, 44.5475)	(75, 44.561)	(76, 44.758700000000005)	(77, 44.5354)	(78, 44.420500000000004)	(79, 44.8618)	(80, 44.6047)	(81, 44.669799999999995)	(82, 44.827)	(83, 44.5174)	(84, 44.6099)	(85, 44.7667)	(86, 44.5584)	(87, 44.5182)	(88, 44.8685)	(89, 44.5092)	(90, 44.663000000000004)	(91, 44.6924)	(92, 44.7135)	(93, 44.7497)	(94, 44.7787)	(95, 44.713300000000004)	(96, 44.4988)	(97, 44.8953)	(98, 44.590999999999994)	(99, 44.5184)	(100, 44.7217)	(101, 44.5972)	(102, 44.5646)	(103, 44.7123)	(104, 44.5869)	(105, 44.3796)	(106, 44.7103)	(107, 44.6)	(108, 44.4581)	(109, 44.6344)	(110, 44.5964)	(111, 44.5383)	(112, 44.868)	(113, 44.515100000000004)	(114, 44.4865)	(115, 44.941199999999995)	(116, 44.5461)	(117, 44.4226)	(118, 44.7829)	(119, 44.4495)	(120, 44.5218)	(121, 44.6571)	(122, 44.6526)	(123, 44.488)	(124, 44.7164)	(125, 44.6946)	(126, 44.7533)	(127, 44.812400000000004)	(128, 44.5862)	(129, 44.5068)	(130, 44.8354)	(131, 44.5786)	(132, 44.484899999999996)	(133, 44.7455)	(134, 44.6425)	(135, 44.583)	(136, 44.833099999999995)	(137, 44.6041)	(138, 44.5176)	(139, 44.738299999999995)	(140, 44.649)	(141, 44.6181)	(142, 44.7274)	(143, 44.6456)	(144, 44.5835)	(145, 44.8438)	(146, 44.7917)	(147, 44.4358)	(148, 44.9379)	(149, 44.778400000000005)	(150, 44.5662)
SRR18856601	(1, 73.0556)	(2, 38.9053)	(3, 46.4989)	(4, 48.8132)	(5, 41.9649)	(6, 36.5272)	(7, 36.776199999999996)	(8, 44.6836)	(9, 44.0085)	(10, 37.6766)	(11, 50.0768)	(12, 46.6074)	(13, 41.6026)	(14, 43.356899999999996)	(15, 44.3947)	(16, 44.369)	(17, 43.6187)	(18, 43.586200000000005)	(19, 43.946000000000005)	(20, 43.8229)	(21, 43.9287)	(22, 44.1969)	(23, 44.0297)	(24, 43.9814)	(25, 44.2094)	(26, 43.9702)	(27, 43.902)	(28, 44.243900000000004)	(29, 43.9544)	(30, 44.162800000000004)	(31, 44.3462)	(32, 44.0971)	(33, 44.0784)	(34, 44.6324)	(35, 44.2545)	(36, 44.153)	(37, 44.2616)	(38, 43.9929)	(39, 44.0873)	(40, 44.2335)	(41, 44.0473)	(42, 44.3044)	(43, 44.4626)	(44, 44.397)	(45, 44.5803)	(46, 44.5936)	(47, 44.461600000000004)	(48, 44.2483)	(49, 44.7497)	(50, 44.3676)	(51, 44.325399999999995)	(52, 44.7145)	(53, 44.4315)	(54, 44.3297)	(55, 44.8174)	(56, 44.3362)	(57, 44.3763)	(58, 44.6414)	(59, 44.4385)	(60, 44.5323)	(61, 44.6077)	(62, 44.379200000000004)	(63, 44.3735)	(64, 44.7218)	(65, 44.3661)	(66, 44.3392)	(67, 44.7747)	(68, 44.481)	(69, 44.553799999999995)	(70, 44.7662)	(71, 44.4294)	(72, 44.5834)	(73, 44.6666)	(74, 44.453900000000004)	(75, 44.569399999999995)	(76, 44.7802)	(77, 44.3647)	(78, 44.4161)	(79, 44.9223)	(80, 44.5383)	(81, 44.6502)	(82, 44.8774)	(83, 44.392199999999995)	(84, 44.6303)	(85, 44.8219)	(86, 44.448)	(87, 44.548300000000005)	(88, 44.8692)	(89, 44.4)	(90, 44.648900000000005)	(91, 44.7233)	(92, 44.626599999999996)	(93, 44.699)	(94, 44.8478)	(95, 44.7026)	(96, 44.4649)	(97, 44.926700000000004)	(98, 44.5119)	(99, 44.5263)	(100, 44.748599999999996)	(101, 44.4449)	(102, 44.6098)	(103, 44.7063)	(104, 44.5086)	(105, 44.3512)	(106, 44.737300000000005)	(107, 44.4129)	(108, 44.5075)	(109, 44.582899999999995)	(110, 44.4761)	(111, 44.4503)	(112, 44.8714)	(113, 44.512299999999996)	(114, 44.4452)	(115, 44.8996)	(116, 44.4129)	(117, 44.425399999999996)	(118, 44.7734)	(119, 44.420700000000004)	(120, 44.4531)	(121, 44.657799999999995)	(122, 44.5796)	(123, 44.4822)	(124, 44.8251)	(125, 44.6289)	(126, 44.764199999999995)	(127, 44.8383)	(128, 44.5088)	(129, 44.5766)	(130, 44.804100000000005)	(131, 44.5446)	(132, 44.486399999999996)	(133, 44.7348)	(134, 44.5842)	(135, 44.5813)	(136, 44.8601)	(137, 44.527699999999996)	(138, 44.4805)	(139, 44.7069)	(140, 44.4226)	(141, 44.533899999999996)	(142, 44.6202)	(143, 44.5245)	(144, 44.4648)	(145, 44.8431)	(146, 44.643100000000004)	(147, 44.4711)	(148, 44.9026)	(149, 44.5648)	(150, 44.531)
SRR18856602	(1, 73.1537)	(2, 38.431)	(3, 46.2303)	(4, 48.5091)	(5, 41.7295)	(6, 36.2332)	(7, 36.6283)	(8, 44.5411)	(9, 43.9007)	(10, 37.545)	(11, 50.035799999999995)	(12, 46.5401)	(13, 41.439)	(14, 43.2558)	(15, 44.2795)	(16, 44.1923)	(17, 43.4583)	(18, 43.3981)	(19, 43.7869)	(20, 43.6329)	(21, 43.7823)	(22, 44.047799999999995)	(23, 43.8872)	(24, 43.8168)	(25, 44.0031)	(26, 43.8589)	(27, 43.744699999999995)	(28, 44.0659)	(29, 43.7864)	(30, 43.9795)	(31, 44.2197)	(32, 43.9417)	(33, 43.925)	(34, 44.5296)	(35, 44.0778)	(36, 43.939099999999996)	(37, 44.0867)	(38, 43.857600000000005)	(39, 43.894)	(40, 44.0318)	(41, 43.8502)	(42, 44.1102)	(43, 44.2738)	(44, 44.2278)	(45, 44.419399999999996)	(46, 44.418400000000005)	(47, 44.3443)	(48, 44.1126)	(49, 44.5452)	(50, 44.1784)	(51, 44.1528)	(52, 44.5996)	(53, 44.2461)	(54, 44.1456)	(55, 44.6877)	(56, 44.1328)	(57, 44.1512)	(58, 44.4783)	(59, 44.2824)	(60, 44.3443)	(61, 44.4248)	(62, 44.2063)	(63, 44.2008)	(64, 44.5197)	(65, 44.1721)	(66, 44.1384)	(67, 44.5687)	(68, 44.2869)	(69, 44.3962)	(70, 44.5804)	(71, 44.2012)	(72, 44.3894)	(73, 44.5182)	(74, 44.2467)	(75, 44.3837)	(76, 44.534099999999995)	(77, 44.2008)	(78, 44.2406)	(79, 44.7376)	(80, 44.3898)	(81, 44.482699999999994)	(82, 44.6182)	(83, 44.1786)	(84, 44.4155)	(85, 44.5987)	(86, 44.2735)	(87, 44.294200000000004)	(88, 44.6317)	(89, 44.2262)	(90, 44.455099999999995)	(91, 44.5058)	(92, 44.4229)	(93, 44.5507)	(94, 44.569399999999995)	(95, 44.5)	(96, 44.3202)	(97, 44.7507)	(98, 44.2867)	(99, 44.3596)	(100, 44.515100000000004)	(101, 44.2593)	(102, 44.4168)	(103, 44.5019)	(104, 44.3008)	(105, 44.1479)	(106, 44.5033)	(107, 44.2475)	(108, 44.272600000000004)	(109, 44.3511)	(110, 44.3133)	(111, 44.2361)	(112, 44.6099)	(113, 44.2614)	(114, 44.2534)	(115, 44.6995)	(116, 44.147999999999996)	(117, 44.1674)	(118, 44.547599999999996)	(119, 44.212)	(120, 44.2407)	(121, 44.4332)	(122, 44.377100000000006)	(123, 44.2723)	(124, 44.5413)	(125, 44.3753)	(126, 44.5246)	(127, 44.612899999999996)	(128, 44.3405)	(129, 44.3482)	(130, 44.5559)	(131, 44.3106)	(132, 44.2422)	(133, 44.5301)	(134, 44.3737)	(135, 44.2743)	(136, 44.6263)	(137, 44.277699999999996)	(138, 44.1792)	(139, 44.4209)	(140, 44.1664)	(141, 44.3278)	(142, 44.3068)	(143, 44.2909)	(144, 44.207)	(145, 44.528)	(146, 44.438100000000006)	(147, 44.1918)	(148, 44.6846)	(149, 44.320100000000004)	(150, 44.2506)
SRR18856603	(1, 71.8607)	(2, 37.9172)	(3, 44.9385)	(4, 47.9825)	(5, 41.5185)	(6, 36.1361)	(7, 36.5515)	(8, 44.7935)	(9, 43.9431)	(10, 37.410399999999996)	(11, 49.9764)	(12, 46.35)	(13, 41.2132)	(14, 43.023)	(15, 44.0824)	(16, 43.9523)	(17, 43.4185)	(18, 43.2483)	(19, 43.663000000000004)	(20, 43.5116)	(21, 43.6062)	(22, 43.952999999999996)	(23, 43.6831)	(24, 43.697599999999994)	(25, 43.905)	(26, 43.7292)	(27, 43.5831)	(28, 43.9144)	(29, 43.6376)	(30, 43.7847)	(31, 44.0443)	(32, 43.7693)	(33, 43.7812)	(34, 44.278800000000004)	(35, 43.918600000000005)	(36, 43.7673)	(37, 43.963499999999996)	(38, 43.7202)	(39, 43.7243)	(40, 43.927)	(41, 43.7917)	(42, 43.9426)	(43, 44.0959)	(44, 44.089600000000004)	(45, 44.163799999999995)	(46, 44.242799999999995)	(47, 44.0843)	(48, 43.9224)	(49, 44.332899999999995)	(50, 43.9953)	(51, 43.9281)	(52, 44.437)	(53, 44.0728)	(54, 43.9765)	(55, 44.4406)	(56, 44.003)	(57, 43.957800000000006)	(58, 44.2808)	(59, 44.080799999999996)	(60, 44.103300000000004)	(61, 44.248599999999996)	(62, 44.0921)	(63, 44.0066)	(64, 44.305099999999996)	(65, 43.9674)	(66, 44.001000000000005)	(67, 44.3914)	(68, 44.153999999999996)	(69, 44.1714)	(70, 44.3856)	(71, 44.1296)	(72, 44.203399999999995)	(73, 44.3325)	(74, 44.0908)	(75, 44.2029)	(76, 44.3684)	(77, 44.0182)	(78, 44.0276)	(79, 44.4888)	(80, 44.2163)	(81, 44.2695)	(82, 44.429)	(83, 44.0711)	(84, 44.2303)	(85, 44.427299999999995)	(86, 44.1154)	(87, 44.1504)	(88, 44.415)	(89, 44.0884)	(90, 44.2297)	(91, 44.354)	(92, 44.2832)	(93, 44.2631)	(94, 44.3945)	(95, 44.243)	(96, 44.115700000000004)	(97, 44.4522)	(98, 44.0825)	(99, 44.0968)	(100, 44.3315)	(101, 44.1037)	(102, 44.1917)	(103, 44.296400000000006)	(104, 44.1241)	(105, 43.960100000000004)	(106, 44.353300000000004)	(107, 44.1149)	(108, 44.0832)	(109, 44.2122)	(110, 44.080999999999996)	(111, 44.102599999999995)	(112, 44.3965)	(113, 44.1138)	(114, 44.074000000000005)	(115, 44.446000000000005)	(116, 44.0285)	(117, 44.0056)	(118, 44.3496)	(119, 44.0715)	(120, 44.0792)	(121, 44.285000000000004)	(122, 44.197399999999995)	(123, 44.095800000000004)	(124, 44.3805)	(125, 44.195499999999996)	(126, 44.3065)	(127, 44.3696)	(128, 44.1439)	(129, 44.156099999999995)	(130, 44.3693)	(131, 44.108799999999995)	(132, 44.0359)	(133, 44.346799999999995)	(134, 44.1321)	(135, 44.067499999999995)	(136, 44.3857)	(137, 44.0816)	(138, 43.9953)	(139, 44.317499999999995)	(140, 44.0586)	(141, 44.104)	(142, 44.2197)	(143, 44.149)	(144, 44.0335)	(145, 44.3499)	(146, 44.2186)	(147, 44.013000000000005)	(148, 44.4315)	(149, 44.1417)	(150, 44.0822)
SRR18856604	(1, 71.9024)	(2, 41.448499999999996)	(3, 47.0325)	(4, 49.2112)	(5, 42.6044)	(6, 36.8541)	(7, 36.7337)	(8, 45.428200000000004)	(9, 44.610499999999995)	(10, 37.730799999999995)	(11, 50.1681)	(12, 46.6616)	(13, 41.5355)	(14, 43.2408)	(15, 44.2318)	(16, 44.2172)	(17, 43.6918)	(18, 43.5286)	(19, 43.9092)	(20, 43.872499999999995)	(21, 43.8559)	(22, 44.119)	(23, 44.0959)	(24, 43.936)	(25, 44.0526)	(26, 43.964)	(27, 43.872499999999995)	(28, 44.0687)	(29, 43.995200000000004)	(30, 44.0064)	(31, 44.266299999999994)	(32, 44.0458)	(33, 44.018299999999996)	(34, 44.507600000000004)	(35, 44.2849)	(36, 44.0736)	(37, 44.1595)	(38, 44.0148)	(39, 43.9674)	(40, 44.1473)	(41, 44.066300000000005)	(42, 44.1571)	(43, 44.3245)	(44, 44.3386)	(45, 44.4063)	(46, 44.4413)	(47, 44.4)	(48, 44.1186)	(49, 44.5529)	(50, 44.277100000000004)	(51, 44.168800000000005)	(52, 44.5432)	(53, 44.3744)	(54, 44.2358)	(55, 44.621300000000005)	(56, 44.32)	(57, 44.2662)	(58, 44.4809)	(59, 44.4077)	(60, 44.3756)	(61, 44.4469)	(62, 44.318400000000004)	(63, 44.1768)	(64, 44.5633)	(65, 44.3087)	(66, 44.1864)	(67, 44.5936)	(68, 44.3764)	(69, 44.4035)	(70, 44.5568)	(71, 44.3755)	(72, 44.4292)	(73, 44.4358)	(74, 44.378)	(75, 44.346799999999995)	(76, 44.518)	(77, 44.3403)	(78, 44.2541)	(79, 44.6824)	(80, 44.5018)	(81, 44.4622)	(82, 44.695)	(83, 44.3348)	(84, 44.4365)	(85, 44.6182)	(86, 44.4189)	(87, 44.371)	(88, 44.6589)	(89, 44.343900000000005)	(90, 44.4769)	(91, 44.5496)	(92, 44.5264)	(93, 44.5224)	(94, 44.6246)	(95, 44.609700000000004)	(96, 44.333600000000004)	(97, 44.7437)	(98, 44.4542)	(99, 44.3486)	(100, 44.6388)	(101, 44.3469)	(102, 44.479800000000004)	(103, 44.5535)	(104, 44.427699999999994)	(105, 44.2117)	(106, 44.5509)	(107, 44.399899999999995)	(108, 44.3249)	(109, 44.4033)	(110, 44.3626)	(111, 44.3279)	(112, 44.6544)	(113, 44.3818)	(114, 44.3318)	(115, 44.7394)	(116, 44.3091)	(117, 44.2871)	(118, 44.5917)	(119, 44.3558)	(120, 44.2604)	(121, 44.4733)	(122, 44.4996)	(123, 44.3566)	(124, 44.5884)	(125, 44.4994)	(126, 44.5352)	(127, 44.6071)	(128, 44.4031)	(129, 44.3529)	(130, 44.635999999999996)	(131, 44.4227)	(132, 44.3216)	(133, 44.595600000000005)	(134, 44.4911)	(135, 44.3866)	(136, 44.678000000000004)	(137, 44.3968)	(138, 44.3506)	(139, 44.5297)	(140, 44.3975)	(141, 44.3506)	(142, 44.461099999999995)	(143, 44.4238)	(144, 44.2706)	(145, 44.6335)	(146, 44.532)	(147, 44.2936)	(148, 44.7389)	(149, 44.500299999999996)	(150, 44.3642)
SRR18856605	(1, 72.4455)	(2, 40.061099999999996)	(3, 46.6465)	(4, 48.8312)	(5, 42.201)	(6, 36.6117)	(7, 36.6718)	(8, 45.061499999999995)	(9, 44.3889)	(10, 37.6554)	(11, 50.1329)	(12, 46.6149)	(13, 41.5226)	(14, 43.235099999999996)	(15, 44.244099999999996)	(16, 44.22)	(17, 43.6193)	(18, 43.5162)	(19, 43.878499999999995)	(20, 43.7983)	(21, 43.8506)	(22, 44.107)	(23, 43.971900000000005)	(24, 43.8823)	(25, 44.0533)	(26, 43.885000000000005)	(27, 43.7857)	(28, 44.0411)	(29, 43.9015)	(30, 43.9632)	(31, 44.221)	(32, 43.979800000000004)	(33, 43.951499999999996)	(34, 44.4767)	(35, 44.1618)	(36, 44.0518)	(37, 44.092)	(38, 43.895)	(39, 43.9249)	(40, 44.1103)	(41, 43.9346)	(42, 44.134499999999996)	(43, 44.3126)	(44, 44.2971)	(45, 44.377)	(46, 44.4189)	(47, 44.3231)	(48, 44.1003)	(49, 44.5458)	(50, 44.1861)	(51, 44.1454)	(52, 44.5257)	(53, 44.2628)	(54, 44.157999999999994)	(55, 44.6045)	(56, 44.209900000000005)	(57, 44.158500000000004)	(58, 44.4595)	(59, 44.317)	(60, 44.3128)	(61, 44.367000000000004)	(62, 44.263200000000005)	(63, 44.1147)	(64, 44.5006)	(65, 44.219500000000004)	(66, 44.1149)	(67, 44.5398)	(68, 44.3102)	(69, 44.338899999999995)	(70, 44.5148)	(71, 44.2857)	(72, 44.3831)	(73, 44.4388)	(74, 44.2884)	(75, 44.3493)	(76, 44.4853)	(77, 44.2608)	(78, 44.178)	(79, 44.6186)	(80, 44.3661)	(81, 44.4295)	(82, 44.636399999999995)	(83, 44.2264)	(84, 44.4002)	(85, 44.5718)	(86, 44.319900000000004)	(87, 44.283899999999996)	(88, 44.6226)	(89, 44.254)	(90, 44.4218)	(91, 44.4761)	(92, 44.4211)	(93, 44.5053)	(94, 44.5697)	(95, 44.5218)	(96, 44.2955)	(97, 44.6801)	(98, 44.317099999999996)	(99, 44.2962)	(100, 44.5521)	(101, 44.2449)	(102, 44.3676)	(103, 44.4677)	(104, 44.326100000000004)	(105, 44.1592)	(106, 44.494499999999995)	(107, 44.2947)	(108, 44.2662)	(109, 44.342999999999996)	(110, 44.3061)	(111, 44.2391)	(112, 44.5939)	(113, 44.2703)	(114, 44.2536)	(115, 44.6693)	(116, 44.1963)	(117, 44.219500000000004)	(118, 44.5591)	(119, 44.1939)	(120, 44.1808)	(121, 44.383)	(122, 44.3907)	(123, 44.2697)	(124, 44.513000000000005)	(125, 44.4054)	(126, 44.475300000000004)	(127, 44.5508)	(128, 44.315)	(129, 44.2931)	(130, 44.572)	(131, 44.311499999999995)	(132, 44.2333)	(133, 44.5011)	(134, 44.3986)	(135, 44.2928)	(136, 44.6089)	(137, 44.299699999999994)	(138, 44.242599999999996)	(139, 44.465500000000006)	(140, 44.2472)	(141, 44.3102)	(142, 44.4041)	(143, 44.3552)	(144, 44.1834)	(145, 44.5685)	(146, 44.4127)	(147, 44.2568)	(148, 44.675799999999995)	(149, 44.378499999999995)	(150, 44.2653)
SRR18856606	(1, 72.4444)	(2, 41.2843)	(3, 47.5611)	(4, 49.3174)	(5, 42.6557)	(6, 36.8934)	(7, 36.708600000000004)	(8, 45.0548)	(9, 44.2919)	(10, 37.5473)	(11, 49.824600000000004)	(12, 46.4455)	(13, 41.4387)	(14, 43.1278)	(15, 44.0871)	(16, 44.148199999999996)	(17, 43.600100000000005)	(18, 43.4971)	(19, 43.898199999999996)	(20, 43.844100000000005)	(21, 43.873400000000004)	(22, 44.0071)	(23, 44.008900000000004)	(24, 43.872299999999996)	(25, 44.0458)	(26, 43.8971)	(27, 43.7929)	(28, 44.0386)	(29, 43.9097)	(30, 44.0165)	(31, 44.2095)	(32, 43.9839)	(33, 43.9093)	(34, 44.4788)	(35, 44.215900000000005)	(36, 44.049899999999994)	(37, 44.088699999999996)	(38, 43.953900000000004)	(39, 43.9322)	(40, 44.032199999999996)	(41, 43.9824)	(42, 44.1437)	(43, 44.279)	(44, 44.329299999999996)	(45, 44.4236)	(46, 44.4483)	(47, 44.356899999999996)	(48, 44.0921)	(49, 44.5584)	(50, 44.2567)	(51, 44.1265)	(52, 44.5649)	(53, 44.3349)	(54, 44.1464)	(55, 44.61)	(56, 44.2399)	(57, 44.2434)	(58, 44.472699999999996)	(59, 44.3636)	(60, 44.3949)	(61, 44.460499999999996)	(62, 44.2939)	(63, 44.142399999999995)	(64, 44.568999999999996)	(65, 44.263999999999996)	(66, 44.1432)	(67, 44.563900000000004)	(68, 44.3455)	(69, 44.3959)	(70, 44.556200000000004)	(71, 44.3445)	(72, 44.407999999999994)	(73, 44.460699999999996)	(74, 44.3615)	(75, 44.4071)	(76, 44.5729)	(77, 44.3151)	(78, 44.2123)	(79, 44.6817)	(80, 44.454)	(81, 44.4979)	(82, 44.6795)	(83, 44.3065)	(84, 44.45)	(85, 44.629799999999996)	(86, 44.406600000000005)	(87, 44.3446)	(88, 44.6494)	(89, 44.332300000000004)	(90, 44.4568)	(91, 44.5127)	(92, 44.4886)	(93, 44.5945)	(94, 44.6248)	(95, 44.6068)	(96, 44.3044)	(97, 44.7627)	(98, 44.3909)	(99, 44.351600000000005)	(100, 44.6374)	(101, 44.3543)	(102, 44.493)	(103, 44.562200000000004)	(104, 44.4406)	(105, 44.2188)	(106, 44.5484)	(107, 44.368)	(108, 44.3247)	(109, 44.4094)	(110, 44.3506)	(111, 44.277499999999996)	(112, 44.6574)	(113, 44.3717)	(114, 44.3208)	(115, 44.7888)	(116, 44.3067)	(117, 44.2741)	(118, 44.6081)	(119, 44.2911)	(120, 44.2693)	(121, 44.434400000000004)	(122, 44.4847)	(123, 44.3639)	(124, 44.6132)	(125, 44.508199999999995)	(126, 44.5768)	(127, 44.6395)	(128, 44.407799999999995)	(129, 44.3719)	(130, 44.6394)	(131, 44.411699999999996)	(132, 44.3249)	(133, 44.6031)	(134, 44.5196)	(135, 44.417899999999996)	(136, 44.7135)	(137, 44.4116)	(138, 44.3211)	(139, 44.5258)	(140, 44.3401)	(141, 44.3568)	(142, 44.461099999999995)	(143, 44.4268)	(144, 44.2996)	(145, 44.6751)	(146, 44.5367)	(147, 44.315599999999996)	(148, 44.7872)	(149, 44.4558)	(150, 44.3585)
SRR18856607	(1, 72.66040000000001)	(2, 41.2101)	(3, 47.7931)	(4, 49.1429)	(5, 42.638999999999996)	(6, 37.0311)	(7, 37.0255)	(8, 45.3615)	(9, 44.5206)	(10, 37.6571)	(11, 50.0414)	(12, 46.6729)	(13, 41.5803)	(14, 43.2568)	(15, 44.1931)	(16, 44.2943)	(17, 43.809599999999996)	(18, 43.7162)	(19, 44.1218)	(20, 44.0011)	(21, 44.025)	(22, 44.2132)	(23, 44.1374)	(24, 44.0298)	(25, 44.2036)	(26, 44.0571)	(27, 43.9113)	(28, 44.202999999999996)	(29, 44.0369)	(30, 44.148399999999995)	(31, 44.3905)	(32, 44.114799999999995)	(33, 44.097500000000004)	(34, 44.6989)	(35, 44.4478)	(36, 44.1828)	(37, 44.297)	(38, 44.1556)	(39, 44.1713)	(40, 44.2201)	(41, 44.2122)	(42, 44.3554)	(43, 44.546400000000006)	(44, 44.6115)	(45, 44.643699999999995)	(46, 44.7055)	(47, 44.661699999999996)	(48, 44.3253)	(49, 44.8638)	(50, 44.5711)	(51, 44.4364)	(52, 44.825199999999995)	(53, 44.6332)	(54, 44.465900000000005)	(55, 44.913)	(56, 44.512800000000006)	(57, 44.5006)	(58, 44.8176)	(59, 44.6375)	(60, 44.6324)	(61, 44.734899999999996)	(62, 44.5636)	(63, 44.4791)	(64, 44.9013)	(65, 44.6169)	(66, 44.404700000000005)	(67, 44.9113)	(68, 44.6901)	(69, 44.653999999999996)	(70, 44.8089)	(71, 44.6379)	(72, 44.722)	(73, 44.7451)	(74, 44.6256)	(75, 44.6412)	(76, 44.892700000000005)	(77, 44.6195)	(78, 44.5086)	(79, 44.9814)	(80, 44.7147)	(81, 44.772)	(82, 44.9158)	(83, 44.5786)	(84, 44.693)	(85, 44.8537)	(86, 44.6794)	(87, 44.5621)	(88, 44.954499999999996)	(89, 44.6133)	(90, 44.746)	(91, 44.7845)	(92, 44.7472)	(93, 44.8771)	(94, 44.884800000000006)	(95, 44.8218)	(96, 44.5533)	(97, 45.036)	(98, 44.6699)	(99, 44.657000000000004)	(100, 44.8487)	(101, 44.6809)	(102, 44.7033)	(103, 44.8226)	(104, 44.6732)	(105, 44.4658)	(106, 44.831700000000005)	(107, 44.656400000000005)	(108, 44.5805)	(109, 44.711099999999995)	(110, 44.7011)	(111, 44.5855)	(112, 44.9291)	(113, 44.601400000000005)	(114, 44.5461)	(115, 45.0469)	(116, 44.6246)	(117, 44.522600000000004)	(118, 44.8998)	(119, 44.5417)	(120, 44.6101)	(121, 44.7388)	(122, 44.731)	(123, 44.572)	(124, 44.8137)	(125, 44.7605)	(126, 44.831500000000005)	(127, 44.9063)	(128, 44.615100000000005)	(129, 44.5948)	(130, 44.9796)	(131, 44.6826)	(132, 44.5685)	(133, 44.8824)	(134, 44.7427)	(135, 44.639)	(136, 44.9409)	(137, 44.6709)	(138, 44.6296)	(139, 44.8601)	(140, 44.7144)	(141, 44.6925)	(142, 44.8038)	(143, 44.7497)	(144, 44.6493)	(145, 44.9464)	(146, 44.9223)	(147, 44.5107)	(148, 45.0371)	(149, 44.8769)	(150, 44.6246)
SRR18856608	(1, 72.62140000000001)	(2, 40.9801)	(3, 47.6982)	(4, 49.3809)	(5, 42.4325)	(6, 37.016799999999996)	(7, 37.0102)	(8, 45.1168)	(9, 44.4353)	(10, 37.6639)	(11, 50.105)	(12, 46.699200000000005)	(13, 41.6203)	(14, 43.3818)	(15, 44.3448)	(16, 44.3873)	(17, 43.8069)	(18, 43.8091)	(19, 44.1169)	(20, 44.0128)	(21, 44.068200000000004)	(22, 44.3253)	(23, 44.1469)	(24, 44.0755)	(25, 44.2891)	(26, 44.095800000000004)	(27, 43.9553)	(28, 44.291399999999996)	(29, 44.0606)	(30, 44.1659)	(31, 44.4284)	(32, 44.1536)	(33, 44.1804)	(34, 44.6994)	(35, 44.394099999999995)	(36, 44.2602)	(37, 44.3628)	(38, 44.108599999999996)	(39, 44.15)	(40, 44.294200000000004)	(41, 44.2136)	(42, 44.3619)	(43, 44.5059)	(44, 44.502199999999995)	(45, 44.6503)	(46, 44.7153)	(47, 44.5797)	(48, 44.3497)	(49, 44.8506)	(50, 44.4747)	(51, 44.4307)	(52, 44.8107)	(53, 44.5139)	(54, 44.4231)	(55, 44.8381)	(56, 44.3985)	(57, 44.425399999999996)	(58, 44.7154)	(59, 44.557)	(60, 44.6237)	(61, 44.7321)	(62, 44.5264)	(63, 44.4725)	(64, 44.8328)	(65, 44.5152)	(66, 44.4158)	(67, 44.806400000000004)	(68, 44.6204)	(69, 44.6462)	(70, 44.8263)	(71, 44.5822)	(72, 44.6657)	(73, 44.7611)	(74, 44.602599999999995)	(75, 44.6642)	(76, 44.8606)	(77, 44.5862)	(78, 44.4833)	(79, 44.9501)	(80, 44.6697)	(81, 44.7699)	(82, 44.874900000000004)	(83, 44.535799999999995)	(84, 44.6924)	(85, 44.8573)	(86, 44.626599999999996)	(87, 44.5704)	(88, 44.9297)	(89, 44.550200000000004)	(90, 44.722899999999996)	(91, 44.8279)	(92, 44.764900000000004)	(93, 44.7796)	(94, 44.8578)	(95, 44.7608)	(96, 44.5552)	(97, 44.9724)	(98, 44.592999999999996)	(99, 44.6037)	(100, 44.7927)	(101, 44.6065)	(102, 44.6455)	(103, 44.7758)	(104, 44.608599999999996)	(105, 44.439499999999995)	(106, 44.746900000000004)	(107, 44.5559)	(108, 44.5577)	(109, 44.6896)	(110, 44.6737)	(111, 44.5407)	(112, 44.9135)	(113, 44.6061)	(114, 44.5451)	(115, 44.9499)	(116, 44.547599999999996)	(117, 44.4401)	(118, 44.8137)	(119, 44.5043)	(120, 44.5646)	(121, 44.7181)	(122, 44.6676)	(123, 44.5802)	(124, 44.8087)	(125, 44.6906)	(126, 44.7879)	(127, 44.8573)	(128, 44.5606)	(129, 44.5535)	(130, 44.8977)	(131, 44.5908)	(132, 44.522099999999995)	(133, 44.7947)	(134, 44.6849)	(135, 44.6458)	(136, 44.8575)	(137, 44.614399999999996)	(138, 44.6262)	(139, 44.8095)	(140, 44.648199999999996)	(141, 44.629999999999995)	(142, 44.8292)	(143, 44.653)	(144, 44.6246)	(145, 44.9585)	(146, 44.804100000000005)	(147, 44.5179)	(148, 44.9759)	(149, 44.7508)	(150, 44.5031)
SRR18856609	(1, 72.4251)	(2, 40.842099999999995)	(3, 47.5282)	(4, 49.3334)	(5, 42.455799999999996)	(6, 37.0137)	(7, 36.9803)	(8, 45.3241)	(9, 44.521300000000004)	(10, 37.7677)	(11, 50.172399999999996)	(12, 46.6893)	(13, 41.587)	(14, 43.3815)	(15, 44.4101)	(16, 44.4311)	(17, 43.864399999999996)	(18, 43.809)	(19, 44.1357)	(20, 44.0897)	(21, 44.128699999999995)	(22, 44.307900000000004)	(23, 44.2072)	(24, 44.129000000000005)	(25, 44.2673)	(26, 44.2133)	(27, 44.0143)	(28, 44.2667)	(29, 44.1613)	(30, 44.2484)	(31, 44.5192)	(32, 44.2274)	(33, 44.1954)	(34, 44.8035)	(35, 44.514900000000004)	(36, 44.2587)	(37, 44.4337)	(38, 44.2129)	(39, 44.249300000000005)	(40, 44.3324)	(41, 44.2759)	(42, 44.4739)	(43, 44.541599999999995)	(44, 44.6453)	(45, 44.7335)	(46, 44.7738)	(47, 44.7132)	(48, 44.3951)	(49, 44.9379)	(50, 44.6119)	(51, 44.4874)	(52, 44.895)	(53, 44.62)	(54, 44.5117)	(55, 44.9353)	(56, 44.5648)	(57, 44.560300000000005)	(58, 44.8291)	(59, 44.6802)	(60, 44.7344)	(61, 44.803599999999996)	(62, 44.5874)	(63, 44.546400000000006)	(64, 44.9188)	(65, 44.6205)	(66, 44.4966)	(67, 44.92)	(68, 44.744499999999995)	(69, 44.7091)	(70, 44.839400000000005)	(71, 44.6558)	(72, 44.7643)	(73, 44.7919)	(74, 44.6627)	(75, 44.7311)	(76, 44.9347)	(77, 44.6642)	(78, 44.5774)	(79, 45.0403)	(80, 44.757799999999996)	(81, 44.820100000000004)	(82, 44.9944)	(83, 44.6454)	(84, 44.7544)	(85, 44.927)	(86, 44.709500000000006)	(87, 44.6231)	(88, 45.0134)	(89, 44.6132)	(90, 44.825700000000005)	(91, 44.8444)	(92, 44.848)	(93, 44.911899999999996)	(94, 44.9561)	(95, 44.8908)	(96, 44.655)	(97, 45.0635)	(98, 44.711)	(99, 44.6867)	(100, 44.874199999999995)	(101, 44.6731)	(102, 44.719500000000004)	(103, 44.8702)	(104, 44.6789)	(105, 44.5174)	(106, 44.825700000000005)	(107, 44.6858)	(108, 44.655699999999996)	(109, 44.7544)	(110, 44.7776)	(111, 44.6529)	(112, 45.019999999999996)	(113, 44.6839)	(114, 44.6176)	(115, 45.069700000000005)	(116, 44.655499999999996)	(117, 44.5318)	(118, 44.9413)	(119, 44.554899999999996)	(120, 44.644)	(121, 44.755)	(122, 44.74)	(123, 44.6537)	(124, 44.838499999999996)	(125, 44.7849)	(126, 44.8727)	(127, 44.9561)	(128, 44.6874)	(129, 44.612899999999996)	(130, 45.030300000000004)	(131, 44.6947)	(132, 44.6057)	(133, 44.886900000000004)	(134, 44.7901)	(135, 44.7463)	(136, 44.9586)	(137, 44.729400000000005)	(138, 44.697199999999995)	(139, 44.8722)	(140, 44.7571)	(141, 44.7817)	(142, 44.8453)	(143, 44.7487)	(144, 44.6757)	(145, 45.0005)	(146, 44.9185)	(147, 44.5403)	(148, 45.096399999999996)	(149, 44.9135)	(150, 44.6433)
