Sample	0	1	2	3	4	5	6	7	8	9	10	11	12	13	14	15	16	17	18	19	20	21	22	23	24	25	26	27	28	29	30	31	32	33	34	35	36	37	38	39	40	41	42	43	44	45	46	47	48	49	50	51	52	53	54	55	56	57	58	59	60	61	62	63	64	65	66	67	68	69	70	71	72	73	74	75	76	77	78	79	80	81	82	83	84	85	86	87	88	89	90	91	92	93	94	95	96	97	98	99	100	101	102	103	104	105	106	107	108	109	110	111	112	113	114	115	116	117	118	119	120	121	122	123	124	125	126	127	128	129	130	131	132	133	134	135	136	137	138	139	140	141	142	143	144	145	146	147	148	149
SRR18856598	(1, 36.5466)	(2, 36.5117)	(3, 36.6001)	(4, 36.6337)	(5, 36.6261)	(6, 36.5969)	(7, 36.5674)	(8, 36.603)	(9, 36.6059)	(10, 36.6333)	(11, 36.6319)	(12, 36.5998)	(13, 36.586)	(14, 36.5898)	(15, 36.5839)	(16, 36.5905)	(17, 36.5791)	(18, 36.5778)	(19, 36.5746)	(20, 36.5767)	(21, 36.5734)	(22, 36.5667)	(23, 36.5652)	(24, 36.5595)	(25, 36.5504)	(26, 36.5322)	(27, 36.5193)	(28, 36.5125)	(29, 36.4817)	(30, 36.4776)	(31, 36.4663)	(32, 36.4701)	(33, 36.4594)	(34, 36.4577)	(35, 36.4513)	(36, 36.4526)	(37, 36.4403)	(38, 36.3834)	(39, 36.4176)	(40, 36.4153)	(41, 36.4144)	(42, 36.4037)	(43, 36.3933)	(44, 36.3873)	(45, 36.3713)	(46, 36.3692)	(47, 36.3671)	(48, 36.3595)	(49, 36.3647)	(50, 36.3536)	(51, 36.3294)	(52, 36.3304)	(53, 36.3207)	(54, 36.3427)	(55, 36.3487)	(56, 36.3631)	(57, 36.2455)	(58, 36.3474)	(59, 36.3354)	(60, 36.3244)	(61, 36.3169)	(62, 36.3043)	(63, 36.3014)	(64, 36.3072)	(65, 36.3201)	(66, 36.3016)	(67, 36.2928)	(68, 36.3008)	(69, 36.2961)	(70, 36.2747)	(71, 36.2894)	(72, 36.2913)	(73, 36.2836)	(74, 36.2759)	(75, 36.2867)	(76, 36.2255)	(77, 36.1927)	(78, 36.2039)	(79, 36.1755)	(80, 36.1937)	(81, 36.1884)	(82, 36.1652)	(83, 36.1654)	(84, 36.147)	(85, 36.1315)	(86, 36.1535)	(87, 36.1212)	(88, 36.0814)	(89, 36.0447)	(90, 36.1146)	(91, 36.1261)	(92, 36.1242)	(93, 36.1254)	(94, 36.1331)	(95, 36.1277)	(96, 36.1303)	(97, 36.1186)	(98, 36.1276)	(99, 36.1538)	(100, 36.1581)	(101, 36.095)	(102, 36.0846)	(103, 36.072)	(104, 36.0843)	(105, 36.055)	(106, 36.0596)	(107, 36.0268)	(108, 36.0044)	(109, 35.98)	(110, 35.9853)	(111, 36.0082)	(112, 35.9704)	(113, 35.9654)	(114, 35.9759)	(115, 35.9574)	(116, 35.9434)	(117, 35.9362)	(118, 35.9815)	(119, 35.9383)	(120, 35.9039)	(121, 35.9233)	(122, 35.9049)	(123, 35.8734)	(124, 35.8663)	(125, 35.8478)	(126, 35.8432)	(127, 35.8432)	(128, 35.8608)	(129, 35.8583)	(130, 35.8787)	(131, 35.8606)	(132, 35.8666)	(133, 35.8401)	(134, 35.8012)	(135, 35.7369)	(136, 35.7056)	(137, 35.7288)	(138, 35.7485)	(139, 35.7083)	(140, 35.6677)	(141, 35.6437)	(142, 35.6471)	(143, 35.6639)	(144, 35.7458)	(145, 35.6804)	(146, 35.5631)	(147, 35.5781)	(148, 35.5829)	(149, 35.5585)	(150, 35.5553)
SRR18856599	(1, 36.5417)	(2, 36.513)	(3, 36.5982)	(4, 36.6295)	(5, 36.6213)	(6, 36.5941)	(7, 36.565)	(8, 36.5959)	(9, 36.6007)	(10, 36.6285)	(11, 36.6278)	(12, 36.5939)	(13, 36.5785)	(14, 36.5835)	(15, 36.5758)	(16, 36.5828)	(17, 36.5681)	(18, 36.5701)	(19, 36.5669)	(20, 36.5681)	(21, 36.565)	(22, 36.5566)	(23, 36.5553)	(24, 36.5501)	(25, 36.5397)	(26, 36.5217)	(27, 36.5038)	(28, 36.5)	(29, 36.4701)	(30, 36.4621)	(31, 36.4528)	(32, 36.4538)	(33, 36.442)	(34, 36.4414)	(35, 36.4348)	(36, 36.4367)	(37, 36.4255)	(38, 36.3704)	(39, 36.4039)	(40, 36.402)	(41, 36.4021)	(42, 36.3908)	(43, 36.3803)	(44, 36.3731)	(45, 36.3565)	(46, 36.3545)	(47, 36.3518)	(48, 36.3425)	(49, 36.3494)	(50, 36.3385)	(51, 36.3136)	(52, 36.3133)	(53, 36.3043)	(54, 36.3266)	(55, 36.3353)	(56, 36.3528)	(57, 36.2314)	(58, 36.3353)	(59, 36.3219)	(60, 36.3132)	(61, 36.3031)	(62, 36.2915)	(63, 36.2864)	(64, 36.2955)	(65, 36.3079)	(66, 36.2889)	(67, 36.281)	(68, 36.2898)	(69, 36.2833)	(70, 36.2639)	(71, 36.2758)	(72, 36.2841)	(73, 36.2708)	(74, 36.2688)	(75, 36.2774)	(76, 36.2132)	(77, 36.1849)	(78, 36.193)	(79, 36.1685)	(80, 36.1856)	(81, 36.1777)	(82, 36.1541)	(83, 36.154)	(84, 36.1382)	(85, 36.1222)	(86, 36.1452)	(87, 36.1115)	(88, 36.0743)	(89, 36.037)	(90, 36.1081)	(91, 36.1186)	(92, 36.1161)	(93, 36.121)	(94, 36.1285)	(95, 36.1178)	(96, 36.1216)	(97, 36.1062)	(98, 36.1169)	(99, 36.1433)	(100, 36.1455)	(101, 36.0829)	(102, 36.0728)	(103, 36.0624)	(104, 36.0703)	(105, 36.0442)	(106, 36.0464)	(107, 36.015)	(108, 35.9931)	(109, 35.9649)	(110, 35.9747)	(111, 35.994)	(112, 35.9577)	(113, 35.9546)	(114, 35.9652)	(115, 35.947)	(116, 35.9313)	(117, 35.9245)	(118, 35.9684)	(119, 35.9275)	(120, 35.8929)	(121, 35.9126)	(122, 35.8946)	(123, 35.867)	(124, 35.8605)	(125, 35.8368)	(126, 35.8323)	(127, 35.8318)	(128, 35.85)	(129, 35.8501)	(130, 35.8714)	(131, 35.8525)	(132, 35.854)	(133, 35.8295)	(134, 35.7945)	(135, 35.7292)	(136, 35.7012)	(137, 35.7223)	(138, 35.7431)	(139, 35.6977)	(140, 35.6558)	(141, 35.6294)	(142, 35.6389)	(143, 35.6537)	(144, 35.7305)	(145, 35.6748)	(146, 35.553)	(147, 35.5653)	(148, 35.5752)	(149, 35.5461)	(150, 35.5421)
SRR18856600	(1, 36.5028)	(2, 36.4657)	(3, 36.5731)	(4, 36.6108)	(5, 36.6026)	(6, 36.5729)	(7, 36.5471)	(8, 36.5852)	(9, 36.5898)	(10, 36.6176)	(11, 36.6194)	(12, 36.5842)	(13, 36.5705)	(14, 36.5753)	(15, 36.5682)	(16, 36.5763)	(17, 36.5648)	(18, 36.5631)	(19, 36.5608)	(20, 36.5636)	(21, 36.5612)	(22, 36.5548)	(23, 36.5549)	(24, 36.5478)	(25, 36.5386)	(26, 36.5206)	(27, 36.5077)	(28, 36.5009)	(29, 36.469)	(30, 36.4642)	(31, 36.4531)	(32, 36.4569)	(33, 36.4447)	(34, 36.4423)	(35, 36.4366)	(36, 36.438)	(37, 36.427)	(38, 36.3695)	(39, 36.4035)	(40, 36.4016)	(41, 36.4018)	(42, 36.388)	(43, 36.3788)	(44, 36.3708)	(45, 36.3565)	(46, 36.3519)	(47, 36.3529)	(48, 36.343)	(49, 36.3503)	(50, 36.3398)	(51, 36.3122)	(52, 36.3144)	(53, 36.305)	(54, 36.3292)	(55, 36.3364)	(56, 36.3512)	(57, 36.232)	(58, 36.3361)	(59, 36.3248)	(60, 36.3164)	(61, 36.3045)	(62, 36.2942)	(63, 36.2892)	(64, 36.2967)	(65, 36.3099)	(66, 36.292)	(67, 36.2819)	(68, 36.2897)	(69, 36.2851)	(70, 36.2641)	(71, 36.2781)	(72, 36.2803)	(73, 36.2717)	(74, 36.2682)	(75, 36.2761)	(76, 36.213)	(77, 36.1821)	(78, 36.1923)	(79, 36.1641)	(80, 36.182)	(81, 36.1767)	(82, 36.1521)	(83, 36.1538)	(84, 36.1351)	(85, 36.1198)	(86, 36.143)	(87, 36.1078)	(88, 36.0697)	(89, 36.0326)	(90, 36.1041)	(91, 36.1149)	(92, 36.1138)	(93, 36.1161)	(94, 36.1216)	(95, 36.1146)	(96, 36.118)	(97, 36.105)	(98, 36.1169)	(99, 36.1427)	(100, 36.1463)	(101, 36.0834)	(102, 36.0748)	(103, 36.0584)	(104, 36.0707)	(105, 36.0421)	(106, 36.0468)	(107, 36.0148)	(108, 35.9936)	(109, 35.9645)	(110, 35.9724)	(111, 35.996)	(112, 35.9577)	(113, 35.9524)	(114, 35.9643)	(115, 35.9441)	(116, 35.9296)	(117, 35.9236)	(118, 35.9677)	(119, 35.9281)	(120, 35.8937)	(121, 35.9107)	(122, 35.8946)	(123, 35.8621)	(124, 35.8568)	(125, 35.8376)	(126, 35.8312)	(127, 35.8316)	(128, 35.8504)	(129, 35.8501)	(130, 35.8692)	(131, 35.8508)	(132, 35.8557)	(133, 35.8274)	(134, 35.7938)	(135, 35.7287)	(136, 35.6969)	(137, 35.7191)	(138, 35.7383)	(139, 35.696)	(140, 35.6546)	(141, 35.63)	(142, 35.6356)	(143, 35.652)	(144, 35.7315)	(145, 35.6698)	(146, 35.5526)	(147, 35.5629)	(148, 35.5711)	(149, 35.547)	(150, 35.5449)
SRR18856601	(1, 36.5344)	(2, 36.5078)	(3, 36.6029)	(4, 36.6344)	(5, 36.6253)	(6, 36.5954)	(7, 36.5696)	(8, 36.6053)	(9, 36.6089)	(10, 36.636)	(11, 36.6376)	(12, 36.6039)	(13, 36.5885)	(14, 36.5947)	(15, 36.5871)	(16, 36.5946)	(17, 36.582)	(18, 36.5824)	(19, 36.5788)	(20, 36.5812)	(21, 36.578)	(22, 36.5736)	(23, 36.5697)	(24, 36.5659)	(25, 36.5573)	(26, 36.539)	(27, 36.5251)	(28, 36.5202)	(29, 36.4898)	(30, 36.4845)	(31, 36.4727)	(32, 36.4765)	(33, 36.4632)	(34, 36.4626)	(35, 36.4569)	(36, 36.4576)	(37, 36.4452)	(38, 36.3871)	(39, 36.4236)	(40, 36.4209)	(41, 36.4214)	(42, 36.4082)	(43, 36.3991)	(44, 36.3909)	(45, 36.3755)	(46, 36.3753)	(47, 36.3719)	(48, 36.3634)	(49, 36.3709)	(50, 36.3587)	(51, 36.3348)	(52, 36.3345)	(53, 36.3258)	(54, 36.3488)	(55, 36.3548)	(56, 36.3703)	(57, 36.2508)	(58, 36.3541)	(59, 36.3433)	(60, 36.3342)	(61, 36.3223)	(62, 36.3143)	(63, 36.3105)	(64, 36.3161)	(65, 36.3284)	(66, 36.3103)	(67, 36.2985)	(68, 36.3062)	(69, 36.3023)	(70, 36.2799)	(71, 36.2935)	(72, 36.2969)	(73, 36.2867)	(74, 36.2847)	(75, 36.2928)	(76, 36.229)	(77, 36.1997)	(78, 36.2131)	(79, 36.1846)	(80, 36.1999)	(81, 36.1962)	(82, 36.1738)	(83, 36.1705)	(84, 36.154)	(85, 36.1392)	(86, 36.161)	(87, 36.1271)	(88, 36.0895)	(89, 36.0506)	(90, 36.1211)	(91, 36.1309)	(92, 36.1325)	(93, 36.1327)	(94, 36.1398)	(95, 36.1325)	(96, 36.135)	(97, 36.1241)	(98, 36.1311)	(99, 36.1621)	(100, 36.1646)	(101, 36.0985)	(102, 36.0899)	(103, 36.0749)	(104, 36.0855)	(105, 36.0595)	(106, 36.0601)	(107, 36.0293)	(108, 36.0084)	(109, 35.9841)	(110, 35.9878)	(111, 36.0123)	(112, 35.9742)	(113, 35.9683)	(114, 35.9808)	(115, 35.9622)	(116, 35.9441)	(117, 35.9394)	(118, 35.9826)	(119, 35.944)	(120, 35.9051)	(121, 35.9263)	(122, 35.9095)	(123, 35.8765)	(124, 35.8699)	(125, 35.8503)	(126, 35.8473)	(127, 35.8498)	(128, 35.8646)	(129, 35.8645)	(130, 35.8884)	(131, 35.8659)	(132, 35.8677)	(133, 35.8411)	(134, 35.8059)	(135, 35.7437)	(136, 35.7089)	(137, 35.732)	(138, 35.7552)	(139, 35.7091)	(140, 35.6701)	(141, 35.6457)	(142, 35.6505)	(143, 35.666)	(144, 35.7455)	(145, 35.6844)	(146, 35.565)	(147, 35.5836)	(148, 35.5893)	(149, 35.5596)	(150, 35.5576)
SRR18856602	(1, 36.5465)	(2, 36.5175)	(3, 36.6074)	(4, 36.6385)	(5, 36.6286)	(6, 36.5998)	(7, 36.5723)	(8, 36.6057)	(9, 36.6094)	(10, 36.6378)	(11, 36.6364)	(12, 36.6043)	(13, 36.59)	(14, 36.596)	(15, 36.5875)	(16, 36.5948)	(17, 36.5821)	(18, 36.5831)	(19, 36.5794)	(20, 36.5817)	(21, 36.5789)	(22, 36.5727)	(23, 36.57)	(24, 36.5655)	(25, 36.5564)	(26, 36.5387)	(27, 36.5258)	(28, 36.5206)	(29, 36.4886)	(30, 36.4832)	(31, 36.4724)	(32, 36.4741)	(33, 36.465)	(34, 36.4615)	(35, 36.4548)	(36, 36.4567)	(37, 36.4448)	(38, 36.3866)	(39, 36.4236)	(40, 36.4199)	(41, 36.4206)	(42, 36.4058)	(43, 36.3989)	(44, 36.3912)	(45, 36.3757)	(46, 36.3738)	(47, 36.3715)	(48, 36.3618)	(49, 36.3691)	(50, 36.3588)	(51, 36.3335)	(52, 36.3331)	(53, 36.325)	(54, 36.3475)	(55, 36.3537)	(56, 36.37)	(57, 36.2481)	(58, 36.3514)	(59, 36.3403)	(60, 36.331)	(61, 36.3214)	(62, 36.3109)	(63, 36.3083)	(64, 36.3137)	(65, 36.3238)	(66, 36.307)	(67, 36.2975)	(68, 36.3036)	(69, 36.3027)	(70, 36.2783)	(71, 36.2905)	(72, 36.2961)	(73, 36.2841)	(74, 36.282)	(75, 36.2893)	(76, 36.228)	(77, 36.1988)	(78, 36.2111)	(79, 36.1803)	(80, 36.2005)	(81, 36.1937)	(82, 36.1709)	(83, 36.1691)	(84, 36.1529)	(85, 36.1367)	(86, 36.1587)	(87, 36.1266)	(88, 36.086)	(89, 36.049)	(90, 36.122)	(91, 36.1294)	(92, 36.1316)	(93, 36.1313)	(94, 36.139)	(95, 36.1303)	(96, 36.1354)	(97, 36.1229)	(98, 36.1292)	(99, 36.1599)	(100, 36.162)	(101, 36.0984)	(102, 36.0911)	(103, 36.0751)	(104, 36.0852)	(105, 36.0582)	(106, 36.0588)	(107, 36.0307)	(108, 36.0095)	(109, 35.9827)	(110, 35.9864)	(111, 36.0092)	(112, 35.9722)	(113, 35.9686)	(114, 35.9785)	(115, 35.9588)	(116, 35.9413)	(117, 35.9372)	(118, 35.9809)	(119, 35.9424)	(120, 35.9063)	(121, 35.9253)	(122, 35.9048)	(123, 35.8787)	(124, 35.8697)	(125, 35.8492)	(126, 35.8462)	(127, 35.8481)	(128, 35.8605)	(129, 35.8604)	(130, 35.8832)	(131, 35.8617)	(132, 35.864)	(133, 35.838)	(134, 35.8043)	(135, 35.7389)	(136, 35.7071)	(137, 35.7293)	(138, 35.7483)	(139, 35.7039)	(140, 35.6653)	(141, 35.6426)	(142, 35.6465)	(143, 35.6636)	(144, 35.7422)	(145, 35.6818)	(146, 35.5612)	(147, 35.5778)	(148, 35.5847)	(149, 35.554)	(150, 35.5569)
SRR18856603	(1, 36.5496)	(2, 36.5214)	(3, 36.609)	(4, 36.6404)	(5, 36.6323)	(6, 36.6047)	(7, 36.5767)	(8, 36.6095)	(9, 36.6134)	(10, 36.6413)	(11, 36.6406)	(12, 36.6067)	(13, 36.5931)	(14, 36.5986)	(15, 36.5906)	(16, 36.597)	(17, 36.5861)	(18, 36.5861)	(19, 36.5808)	(20, 36.5847)	(21, 36.5824)	(22, 36.577)	(23, 36.5738)	(24, 36.5688)	(25, 36.5603)	(26, 36.5433)	(27, 36.5296)	(28, 36.5258)	(29, 36.4952)	(30, 36.4905)	(31, 36.4788)	(32, 36.4828)	(33, 36.4716)	(34, 36.4698)	(35, 36.4628)	(36, 36.4638)	(37, 36.4539)	(38, 36.394)	(39, 36.4302)	(40, 36.4289)	(41, 36.4273)	(42, 36.4163)	(43, 36.407)	(44, 36.4006)	(45, 36.3825)	(46, 36.3835)	(47, 36.3792)	(48, 36.3717)	(49, 36.3773)	(50, 36.3675)	(51, 36.3419)	(52, 36.3427)	(53, 36.3337)	(54, 36.3572)	(55, 36.3626)	(56, 36.3768)	(57, 36.2576)	(58, 36.3622)	(59, 36.3497)	(60, 36.34)	(61, 36.3302)	(62, 36.3205)	(63, 36.3164)	(64, 36.3227)	(65, 36.3309)	(66, 36.3168)	(67, 36.3055)	(68, 36.3128)	(69, 36.3072)	(70, 36.2873)	(71, 36.2992)	(72, 36.3035)	(73, 36.2937)	(74, 36.2901)	(75, 36.2969)	(76, 36.2354)	(77, 36.2073)	(78, 36.2168)	(79, 36.1904)	(80, 36.2067)	(81, 36.2022)	(82, 36.1796)	(83, 36.1771)	(84, 36.161)	(85, 36.1458)	(86, 36.1658)	(87, 36.1333)	(88, 36.096)	(89, 36.059)	(90, 36.13)	(91, 36.1387)	(92, 36.1392)	(93, 36.138)	(94, 36.1485)	(95, 36.1379)	(96, 36.1431)	(97, 36.13)	(98, 36.1374)	(99, 36.1662)	(100, 36.1668)	(101, 36.1065)	(102, 36.0983)	(103, 36.0841)	(104, 36.0914)	(105, 36.0652)	(106, 36.0674)	(107, 36.0367)	(108, 36.0159)	(109, 35.9884)	(110, 35.994)	(111, 36.0184)	(112, 35.9807)	(113, 35.9756)	(114, 35.9857)	(115, 35.9655)	(116, 35.9481)	(117, 35.9442)	(118, 35.9879)	(119, 35.9469)	(120, 35.9141)	(121, 35.9323)	(122, 35.9166)	(123, 35.883)	(124, 35.8744)	(125, 35.8562)	(126, 35.854)	(127, 35.8544)	(128, 35.8688)	(129, 35.8678)	(130, 35.8911)	(131, 35.8677)	(132, 35.8715)	(133, 35.8462)	(134, 35.8093)	(135, 35.7472)	(136, 35.7121)	(137, 35.734)	(138, 35.756)	(139, 35.7118)	(140, 35.6701)	(141, 35.6493)	(142, 35.6517)	(143, 35.6705)	(144, 35.7493)	(145, 35.6876)	(146, 35.5675)	(147, 35.5846)	(148, 35.5916)	(149, 35.5617)	(150, 35.5624)
SRR18856604	(1, 36.5348)	(2, 36.4974)	(3, 36.5926)	(4, 36.6244)	(5, 36.6165)	(6, 36.5848)	(7, 36.5569)	(8, 36.5935)	(9, 36.5984)	(10, 36.6251)	(11, 36.6248)	(12, 36.5924)	(13, 36.578)	(14, 36.5822)	(15, 36.5751)	(16, 36.5824)	(17, 36.5704)	(18, 36.5696)	(19, 36.5663)	(20, 36.5686)	(21, 36.5661)	(22, 36.5595)	(23, 36.5564)	(24, 36.5526)	(25, 36.5437)	(26, 36.5244)	(27, 36.5106)	(28, 36.5063)	(29, 36.4759)	(30, 36.4701)	(31, 36.4579)	(32, 36.4627)	(33, 36.4517)	(34, 36.4482)	(35, 36.4435)	(36, 36.443)	(37, 36.4325)	(38, 36.3731)	(39, 36.4083)	(40, 36.407)	(41, 36.406)	(42, 36.3928)	(43, 36.3845)	(44, 36.3773)	(45, 36.3612)	(46, 36.3605)	(47, 36.3578)	(48, 36.3501)	(49, 36.3549)	(50, 36.3453)	(51, 36.3195)	(52, 36.321)	(53, 36.3111)	(54, 36.334)	(55, 36.3402)	(56, 36.3546)	(57, 36.2358)	(58, 36.3388)	(59, 36.327)	(60, 36.3184)	(61, 36.3087)	(62, 36.2977)	(63, 36.2931)	(64, 36.2998)	(65, 36.3112)	(66, 36.293)	(67, 36.2828)	(68, 36.2914)	(69, 36.2883)	(70, 36.2659)	(71, 36.2782)	(72, 36.2829)	(73, 36.271)	(74, 36.2703)	(75, 36.2778)	(76, 36.2149)	(77, 36.1889)	(78, 36.2007)	(79, 36.1716)	(80, 36.1893)	(81, 36.1841)	(82, 36.1586)	(83, 36.1598)	(84, 36.143)	(85, 36.122)	(86, 36.1475)	(87, 36.113)	(88, 36.0744)	(89, 36.0385)	(90, 36.1112)	(91, 36.1167)	(92, 36.1199)	(93, 36.1198)	(94, 36.1277)	(95, 36.1191)	(96, 36.1236)	(97, 36.1104)	(98, 36.12)	(99, 36.1472)	(100, 36.1496)	(101, 36.0891)	(102, 36.0796)	(103, 36.0646)	(104, 36.0748)	(105, 36.0487)	(106, 36.0504)	(107, 36.0194)	(108, 35.9964)	(109, 35.9741)	(110, 35.9779)	(111, 35.9997)	(112, 35.9644)	(113, 35.9585)	(114, 35.9696)	(115, 35.9518)	(116, 35.9351)	(117, 35.9274)	(118, 35.97)	(119, 35.9328)	(120, 35.893)	(121, 35.9151)	(122, 35.9005)	(123, 35.8676)	(124, 35.8577)	(125, 35.84)	(126, 35.8368)	(127, 35.8383)	(128, 35.8532)	(129, 35.8514)	(130, 35.8751)	(131, 35.8571)	(132, 35.8601)	(133, 35.8351)	(134, 35.7984)	(135, 35.7359)	(136, 35.6984)	(137, 35.7236)	(138, 35.7427)	(139, 35.6992)	(140, 35.6595)	(141, 35.6375)	(142, 35.6421)	(143, 35.6602)	(144, 35.7367)	(145, 35.6763)	(146, 35.5595)	(147, 35.5745)	(148, 35.5823)	(149, 35.5524)	(150, 35.5504)
SRR18856605	(1, 36.5561)	(2, 36.5232)	(3, 36.6119)	(4, 36.642)	(5, 36.6343)	(6, 36.6047)	(7, 36.5772)	(8, 36.6109)	(9, 36.6145)	(10, 36.6425)	(11, 36.6411)	(12, 36.6086)	(13, 36.5926)	(14, 36.5977)	(15, 36.5905)	(16, 36.5974)	(17, 36.5856)	(18, 36.5859)	(19, 36.5826)	(20, 36.584)	(21, 36.5811)	(22, 36.5752)	(23, 36.5731)	(24, 36.5683)	(25, 36.5583)	(26, 36.5423)	(27, 36.5271)	(28, 36.5229)	(29, 36.4921)	(30, 36.4862)	(31, 36.4758)	(32, 36.4792)	(33, 36.4684)	(34, 36.4661)	(35, 36.4592)	(36, 36.4607)	(37, 36.4488)	(38, 36.3906)	(39, 36.4255)	(40, 36.4227)	(41, 36.4235)	(42, 36.4108)	(43, 36.4037)	(44, 36.3944)	(45, 36.3782)	(46, 36.3772)	(47, 36.3748)	(48, 36.3676)	(49, 36.3715)	(50, 36.3603)	(51, 36.3343)	(52, 36.3368)	(53, 36.3273)	(54, 36.35)	(55, 36.3563)	(56, 36.3693)	(57, 36.252)	(58, 36.3538)	(59, 36.3418)	(60, 36.3321)	(61, 36.3237)	(62, 36.3124)	(63, 36.31)	(64, 36.3149)	(65, 36.3266)	(66, 36.3104)	(67, 36.2983)	(68, 36.3086)	(69, 36.3023)	(70, 36.2808)	(71, 36.2937)	(72, 36.2979)	(73, 36.2871)	(74, 36.285)	(75, 36.292)	(76, 36.2304)	(77, 36.2002)	(78, 36.2133)	(79, 36.1823)	(80, 36.2006)	(81, 36.1949)	(82, 36.1715)	(83, 36.172)	(84, 36.155)	(85, 36.1379)	(86, 36.1628)	(87, 36.1277)	(88, 36.0892)	(89, 36.0526)	(90, 36.122)	(91, 36.1337)	(92, 36.1326)	(93, 36.1329)	(94, 36.1419)	(95, 36.1337)	(96, 36.1371)	(97, 36.1246)	(98, 36.1328)	(99, 36.1623)	(100, 36.1632)	(101, 36.1033)	(102, 36.0918)	(103, 36.0774)	(104, 36.0884)	(105, 36.0621)	(106, 36.0633)	(107, 36.0322)	(108, 36.0107)	(109, 35.9853)	(110, 35.991)	(111, 36.0137)	(112, 35.9763)	(113, 35.9699)	(114, 35.9813)	(115, 35.9622)	(116, 35.9456)	(117, 35.9422)	(118, 35.984)	(119, 35.9449)	(120, 35.9059)	(121, 35.9269)	(122, 35.9091)	(123, 35.8794)	(124, 35.869)	(125, 35.8521)	(126, 35.8473)	(127, 35.8475)	(128, 35.8636)	(129, 35.8632)	(130, 35.8827)	(131, 35.8647)	(132, 35.8683)	(133, 35.8427)	(134, 35.8077)	(135, 35.7432)	(136, 35.7111)	(137, 35.7316)	(138, 35.753)	(139, 35.7099)	(140, 35.6686)	(141, 35.6426)	(142, 35.6498)	(143, 35.6675)	(144, 35.7467)	(145, 35.6837)	(146, 35.5693)	(147, 35.5802)	(148, 35.5905)	(149, 35.56)	(150, 35.5582)
SRR18856606	(1, 36.5483)	(2, 36.5178)	(3, 36.609)	(4, 36.6433)	(5, 36.6358)	(6, 36.6057)	(7, 36.5794)	(8, 36.6149)	(9, 36.6174)	(10, 36.6446)	(11, 36.6459)	(12, 36.6117)	(13, 36.5974)	(14, 36.6031)	(15, 36.5958)	(16, 36.6025)	(17, 36.5907)	(18, 36.5912)	(19, 36.5872)	(20, 36.5882)	(21, 36.5876)	(22, 36.58)	(23, 36.5788)	(24, 36.5738)	(25, 36.564)	(26, 36.5473)	(27, 36.5328)	(28, 36.5269)	(29, 36.4974)	(30, 36.4915)	(31, 36.4812)	(32, 36.4843)	(33, 36.4726)	(34, 36.4709)	(35, 36.4653)	(36, 36.4651)	(37, 36.4542)	(38, 36.3938)	(39, 36.4308)	(40, 36.4272)	(41, 36.4267)	(42, 36.4162)	(43, 36.4056)	(44, 36.3978)	(45, 36.3808)	(46, 36.381)	(47, 36.3774)	(48, 36.3691)	(49, 36.3752)	(50, 36.3648)	(51, 36.3399)	(52, 36.3399)	(53, 36.3311)	(54, 36.3552)	(55, 36.3594)	(56, 36.3739)	(57, 36.2541)	(58, 36.3578)	(59, 36.3466)	(60, 36.3378)	(61, 36.3278)	(62, 36.3167)	(63, 36.3135)	(64, 36.3177)	(65, 36.3304)	(66, 36.3123)	(67, 36.3036)	(68, 36.3103)	(69, 36.3055)	(70, 36.2848)	(71, 36.2969)	(72, 36.2991)	(73, 36.2906)	(74, 36.288)	(75, 36.295)	(76, 36.2309)	(77, 36.203)	(78, 36.2143)	(79, 36.1841)	(80, 36.2032)	(81, 36.1989)	(82, 36.1744)	(83, 36.1755)	(84, 36.1586)	(85, 36.1407)	(86, 36.1649)	(87, 36.1312)	(88, 36.0942)	(89, 36.0531)	(90, 36.1251)	(91, 36.1331)	(92, 36.1339)	(93, 36.1332)	(94, 36.1446)	(95, 36.1349)	(96, 36.1386)	(97, 36.1252)	(98, 36.134)	(99, 36.1617)	(100, 36.1647)	(101, 36.1033)	(102, 36.0939)	(103, 36.0782)	(104, 36.0895)	(105, 36.0611)	(106, 36.0636)	(107, 36.0317)	(108, 36.01)	(109, 35.9829)	(110, 35.9906)	(111, 36.0134)	(112, 35.9755)	(113, 35.9695)	(114, 35.9806)	(115, 35.961)	(116, 35.9441)	(117, 35.9382)	(118, 35.9803)	(119, 35.9413)	(120, 35.9041)	(121, 35.9245)	(122, 35.9051)	(123, 35.8749)	(124, 35.8657)	(125, 35.8471)	(126, 35.8423)	(127, 35.8464)	(128, 35.859)	(129, 35.8606)	(130, 35.8814)	(131, 35.8621)	(132, 35.8623)	(133, 35.8397)	(134, 35.8041)	(135, 35.7373)	(136, 35.7055)	(137, 35.7281)	(138, 35.7491)	(139, 35.7025)	(140, 35.6629)	(141, 35.6395)	(142, 35.6469)	(143, 35.6616)	(144, 35.7407)	(145, 35.6786)	(146, 35.5605)	(147, 35.5748)	(148, 35.5841)	(149, 35.5566)	(150, 35.5525)
SRR18856607	(1, 36.5408)	(2, 36.5083)	(3, 36.6018)	(4, 36.6349)	(5, 36.6273)	(6, 36.5967)	(7, 36.5732)	(8, 36.6079)	(9, 36.6097)	(10, 36.6359)	(11, 36.6353)	(12, 36.6039)	(13, 36.5889)	(14, 36.5945)	(15, 36.5861)	(16, 36.5941)	(17, 36.5821)	(18, 36.5817)	(19, 36.5773)	(20, 36.5798)	(21, 36.5783)	(22, 36.5711)	(23, 36.5677)	(24, 36.5635)	(25, 36.5538)	(26, 36.5367)	(27, 36.5218)	(28, 36.5173)	(29, 36.4851)	(30, 36.482)	(31, 36.4681)	(32, 36.4717)	(33, 36.4605)	(34, 36.4591)	(35, 36.454)	(36, 36.4528)	(37, 36.4416)	(38, 36.3826)	(39, 36.4185)	(40, 36.416)	(41, 36.4165)	(42, 36.4045)	(43, 36.3927)	(44, 36.3865)	(45, 36.3705)	(46, 36.3696)	(47, 36.3681)	(48, 36.3586)	(49, 36.3633)	(50, 36.3533)	(51, 36.3267)	(52, 36.3294)	(53, 36.3198)	(54, 36.3416)	(55, 36.3464)	(56, 36.3625)	(57, 36.2438)	(58, 36.3451)	(59, 36.3361)	(60, 36.3258)	(61, 36.3163)	(62, 36.3038)	(63, 36.2999)	(64, 36.3065)	(65, 36.3193)	(66, 36.3012)	(67, 36.292)	(68, 36.2998)	(69, 36.292)	(70, 36.2718)	(71, 36.2875)	(72, 36.2896)	(73, 36.2799)	(74, 36.2762)	(75, 36.2851)	(76, 36.2215)	(77, 36.1916)	(78, 36.2022)	(79, 36.173)	(80, 36.1939)	(81, 36.1859)	(82, 36.162)	(83, 36.1636)	(84, 36.1428)	(85, 36.1285)	(86, 36.1503)	(87, 36.1157)	(88, 36.0768)	(89, 36.0412)	(90, 36.112)	(91, 36.1217)	(92, 36.1202)	(93, 36.1235)	(94, 36.1288)	(95, 36.1231)	(96, 36.1251)	(97, 36.1125)	(98, 36.1216)	(99, 36.1489)	(100, 36.1505)	(101, 36.0891)	(102, 36.0812)	(103, 36.0645)	(104, 36.0773)	(105, 36.0494)	(106, 36.0517)	(107, 36.0216)	(108, 35.997)	(109, 35.9704)	(110, 35.9775)	(111, 36.0004)	(112, 35.9634)	(113, 35.9566)	(114, 35.968)	(115, 35.9487)	(116, 35.9332)	(117, 35.9254)	(118, 35.9714)	(119, 35.9307)	(120, 35.8962)	(121, 35.9136)	(122, 35.8975)	(123, 35.8675)	(124, 35.8574)	(125, 35.8389)	(126, 35.8364)	(127, 35.8359)	(128, 35.8532)	(129, 35.8522)	(130, 35.8722)	(131, 35.8554)	(132, 35.8574)	(133, 35.8299)	(134, 35.7971)	(135, 35.7306)	(136, 35.698)	(137, 35.7233)	(138, 35.7421)	(139, 35.7006)	(140, 35.6577)	(141, 35.635)	(142, 35.6377)	(143, 35.6539)	(144, 35.737)	(145, 35.6689)	(146, 35.5566)	(147, 35.5682)	(148, 35.5746)	(149, 35.5466)	(150, 35.5463)
SRR18856608	(1, 36.5396)	(2, 36.5102)	(3, 36.5993)	(4, 36.6311)	(5, 36.6228)	(6, 36.5941)	(7, 36.5661)	(8, 36.6017)	(9, 36.6049)	(10, 36.6331)	(11, 36.6328)	(12, 36.5988)	(13, 36.5843)	(14, 36.5902)	(15, 36.583)	(16, 36.5896)	(17, 36.5788)	(18, 36.5787)	(19, 36.5752)	(20, 36.5764)	(21, 36.5739)	(22, 36.5685)	(23, 36.5656)	(24, 36.5604)	(25, 36.552)	(26, 36.5338)	(27, 36.5186)	(28, 36.5136)	(29, 36.4841)	(30, 36.4803)	(31, 36.4679)	(32, 36.4709)	(33, 36.4583)	(34, 36.4574)	(35, 36.4513)	(36, 36.452)	(37, 36.4399)	(38, 36.3812)	(39, 36.4166)	(40, 36.4155)	(41, 36.4133)	(42, 36.4024)	(43, 36.3929)	(44, 36.3855)	(45, 36.3705)	(46, 36.3687)	(47, 36.366)	(48, 36.3574)	(49, 36.3629)	(50, 36.3532)	(51, 36.3273)	(52, 36.3282)	(53, 36.3198)	(54, 36.3427)	(55, 36.3469)	(56, 36.3622)	(57, 36.243)	(58, 36.3477)	(59, 36.3351)	(60, 36.3262)	(61, 36.3158)	(62, 36.3052)	(63, 36.3018)	(64, 36.3064)	(65, 36.3193)	(66, 36.3017)	(67, 36.2931)	(68, 36.2994)	(69, 36.295)	(70, 36.274)	(71, 36.2867)	(72, 36.2905)	(73, 36.2804)	(74, 36.2759)	(75, 36.2859)	(76, 36.2231)	(77, 36.1937)	(78, 36.205)	(79, 36.1739)	(80, 36.1938)	(81, 36.1878)	(82, 36.1635)	(83, 36.1617)	(84, 36.1451)	(85, 36.129)	(86, 36.154)	(87, 36.12)	(88, 36.0805)	(89, 36.0441)	(90, 36.1133)	(91, 36.1238)	(92, 36.1226)	(93, 36.1242)	(94, 36.1343)	(95, 36.1262)	(96, 36.1283)	(97, 36.1175)	(98, 36.1229)	(99, 36.1523)	(100, 36.1552)	(101, 36.0917)	(102, 36.0827)	(103, 36.0691)	(104, 36.0805)	(105, 36.0542)	(106, 36.0546)	(107, 36.0246)	(108, 36.0036)	(109, 35.9749)	(110, 35.9818)	(111, 36.0049)	(112, 35.9674)	(113, 35.9617)	(114, 35.974)	(115, 35.9539)	(116, 35.9404)	(117, 35.9328)	(118, 35.977)	(119, 35.938)	(120, 35.9012)	(121, 35.9207)	(122, 35.904)	(123, 35.8707)	(124, 35.8653)	(125, 35.8466)	(126, 35.8423)	(127, 35.842)	(128, 35.8579)	(129, 35.8572)	(130, 35.8784)	(131, 35.8601)	(132, 35.8624)	(133, 35.8377)	(134, 35.7997)	(135, 35.7388)	(136, 35.7072)	(137, 35.7296)	(138, 35.7478)	(139, 35.7051)	(140, 35.6678)	(141, 35.643)	(142, 35.6455)	(143, 35.6613)	(144, 35.7426)	(145, 35.6768)	(146, 35.5609)	(147, 35.5765)	(148, 35.583)	(149, 35.555)	(150, 35.5534)
SRR18856609	(1, 36.5394)	(2, 36.5059)	(3, 36.5976)	(4, 36.6309)	(5, 36.6207)	(6, 36.5893)	(7, 36.563)	(8, 36.5978)	(9, 36.6021)	(10, 36.6298)	(11, 36.629)	(12, 36.5952)	(13, 36.581)	(14, 36.5869)	(15, 36.5791)	(16, 36.5866)	(17, 36.574)	(18, 36.5749)	(19, 36.571)	(20, 36.5736)	(21, 36.5703)	(22, 36.5637)	(23, 36.5617)	(24, 36.5562)	(25, 36.5467)	(26, 36.5288)	(27, 36.5142)	(28, 36.5105)	(29, 36.478)	(30, 36.4739)	(31, 36.4616)	(32, 36.4652)	(33, 36.4538)	(34, 36.4515)	(35, 36.4452)	(36, 36.448)	(37, 36.4338)	(38, 36.3759)	(39, 36.4117)	(40, 36.4092)	(41, 36.409)	(42, 36.3972)	(43, 36.3873)	(44, 36.3795)	(45, 36.3637)	(46, 36.363)	(47, 36.3596)	(48, 36.3509)	(49, 36.3584)	(50, 36.3466)	(51, 36.3212)	(52, 36.323)	(53, 36.3139)	(54, 36.3377)	(55, 36.3428)	(56, 36.3584)	(57, 36.2406)	(58, 36.3416)	(59, 36.3307)	(60, 36.3217)	(61, 36.3109)	(62, 36.2999)	(63, 36.2962)	(64, 36.3032)	(65, 36.3137)	(66, 36.2979)	(67, 36.2891)	(68, 36.2967)	(69, 36.2894)	(70, 36.2681)	(71, 36.2831)	(72, 36.2862)	(73, 36.2781)	(74, 36.2746)	(75, 36.2801)	(76, 36.2185)	(77, 36.1865)	(78, 36.1976)	(79, 36.1696)	(80, 36.1882)	(81, 36.1815)	(82, 36.1589)	(83, 36.1567)	(84, 36.1408)	(85, 36.1228)	(86, 36.1458)	(87, 36.111)	(88, 36.0738)	(89, 36.0372)	(90, 36.1081)	(91, 36.1193)	(92, 36.1183)	(93, 36.1178)	(94, 36.1273)	(95, 36.1175)	(96, 36.1246)	(97, 36.1102)	(98, 36.1203)	(99, 36.1473)	(100, 36.149)	(101, 36.0857)	(102, 36.0768)	(103, 36.0619)	(104, 36.0724)	(105, 36.0462)	(106, 36.0489)	(107, 36.0177)	(108, 35.995)	(109, 35.9661)	(110, 35.9728)	(111, 35.9956)	(112, 35.9587)	(113, 35.9536)	(114, 35.9661)	(115, 35.947)	(116, 35.9315)	(117, 35.9257)	(118, 35.9689)	(119, 35.9299)	(120, 35.8951)	(121, 35.9127)	(122, 35.8968)	(123, 35.8635)	(124, 35.8581)	(125, 35.838)	(126, 35.8338)	(127, 35.8341)	(128, 35.8498)	(129, 35.8513)	(130, 35.8727)	(131, 35.8527)	(132, 35.8557)	(133, 35.8283)	(134, 35.7953)	(135, 35.7298)	(136, 35.7001)	(137, 35.7215)	(138, 35.7426)	(139, 35.6991)	(140, 35.6579)	(141, 35.6352)	(142, 35.6374)	(143, 35.653)	(144, 35.7376)	(145, 35.6677)	(146, 35.5541)	(147, 35.5658)	(148, 35.5738)	(149, 35.5478)	(150, 35.5469)
