Sample	0	1	2	3	4	5	6	7	8	9	10	11	12	13	14	15	16	17
GW_M1_R1	(21.0, 1.0)	(22.0, 7.0)	(23.0, 195.0)	(24.0, 4850.0)	(25.0, 20561.0)	(26.0, 38090.0)	(27.0, 62294.0)	(28.0, 95572.0)	(29.0, 137769.0)	(30.0, 188067.0)	(31.0, 249169.0)	(32.0, 330272.0)	(33.0, 452235.0)	(34.0, 712128.0)	(35.0, 1763105.0)	(36.0, 17836409.0)	(37.0, 1730574.0)	
GW_M1_R2	(20.0, 1.0)	(21.0, 1.0)	(22.0, 72.0)	(23.0, 1648.0)	(24.0, 18379.0)	(25.0, 46073.0)	(26.0, 58970.0)	(27.0, 72287.0)	(28.0, 90713.0)	(29.0, 116735.0)	(30.0, 153450.0)	(31.0, 207900.0)	(32.0, 299642.0)	(33.0, 480663.0)	(34.0, 969506.0)	(35.0, 3066639.0)	(36.0, 16062499.0)	(37.0, 1976120.0)
GW_M2_R1	(21.0, 1.0)	(22.0, 8.0)	(23.0, 240.0)	(24.0, 5710.0)	(25.0, 24675.0)	(26.0, 44663.0)	(27.0, 74367.0)	(28.0, 114519.0)	(29.0, 164014.0)	(30.0, 222089.0)	(31.0, 291346.0)	(32.0, 381331.0)	(33.0, 514191.0)	(34.0, 790882.0)	(35.0, 1907150.0)	(36.0, 20369083.0)	(37.0, 2072787.0)	
GW_M2_R2	(21.0, 1.0)	(22.0, 68.0)	(23.0, 1671.0)	(24.0, 19113.0)	(25.0, 50681.0)	(26.0, 65827.0)	(27.0, 82968.0)	(28.0, 103680.0)	(29.0, 134821.0)	(30.0, 176393.0)	(31.0, 239283.0)	(32.0, 343233.0)	(33.0, 547624.0)	(34.0, 1100230.0)	(35.0, 3504087.0)	(36.0, 18313350.0)	(37.0, 2294026.0)	
GW_M3_R1	(21.0, 1.0)	(22.0, 8.0)	(23.0, 252.0)	(24.0, 5542.0)	(25.0, 23526.0)	(26.0, 43443.0)	(27.0, 71481.0)	(28.0, 110741.0)	(29.0, 159307.0)	(30.0, 216860.0)	(31.0, 285880.0)	(32.0, 373306.0)	(33.0, 507868.0)	(34.0, 785149.0)	(35.0, 1886829.0)	(36.0, 20341286.0)	(37.0, 2100876.0)	
GW_M3_R2	(21.0, 2.0)	(22.0, 77.0)	(23.0, 1873.0)	(24.0, 21691.0)	(25.0, 52763.0)	(26.0, 67136.0)	(27.0, 82282.0)	(28.0, 102695.0)	(29.0, 131205.0)	(30.0, 169980.0)	(31.0, 231139.0)	(32.0, 328923.0)	(33.0, 520020.0)	(34.0, 1031714.0)	(35.0, 3268315.0)	(36.0, 18428737.0)	(37.0, 2473803.0)	
GW_P1_R1	(22.0, 8.0)	(23.0, 249.0)	(24.0, 5586.0)	(25.0, 24030.0)	(26.0, 43764.0)	(27.0, 72036.0)	(28.0, 111014.0)	(29.0, 161264.0)	(30.0, 219944.0)	(31.0, 289526.0)	(32.0, 382163.0)	(33.0, 521581.0)	(34.0, 811281.0)	(35.0, 1991238.0)	(36.0, 20807828.0)	(37.0, 2039397.0)		
GW_P1_R2	(21.0, 6.0)	(22.0, 76.0)	(23.0, 1787.0)	(24.0, 20748.0)	(25.0, 53666.0)	(26.0, 68993.0)	(27.0, 85100.0)	(28.0, 106495.0)	(29.0, 137370.0)	(30.0, 178770.0)	(31.0, 241854.0)	(32.0, 346213.0)	(33.0, 551669.0)	(34.0, 1107551.0)	(35.0, 3532896.0)	(36.0, 18760246.0)	(37.0, 2287469.0)	
GW_P2_R1	(21.0, 1.0)	(22.0, 8.0)	(23.0, 200.0)	(24.0, 5251.0)	(25.0, 21950.0)	(26.0, 39912.0)	(27.0, 66687.0)	(28.0, 101472.0)	(29.0, 145224.0)	(30.0, 197226.0)	(31.0, 260093.0)	(32.0, 342187.0)	(33.0, 465015.0)	(34.0, 719114.0)	(35.0, 1734674.0)	(36.0, 18597230.0)	(37.0, 1919755.0)	
GW_P2_R2	(21.0, 3.0)	(22.0, 60.0)	(23.0, 1592.0)	(24.0, 19020.0)	(25.0, 51224.0)	(26.0, 66598.0)	(27.0, 83067.0)	(28.0, 103467.0)	(29.0, 133749.0)	(30.0, 174202.0)	(31.0, 234559.0)	(32.0, 337413.0)	(33.0, 540096.0)	(34.0, 1098816.0)	(35.0, 3458595.0)	(36.0, 16472166.0)	(37.0, 1841372.0)	
GW_P3_R1	(21.0, 1.0)	(22.0, 13.0)	(23.0, 206.0)	(24.0, 4794.0)	(25.0, 20240.0)	(26.0, 37133.0)	(27.0, 61125.0)	(28.0, 94047.0)	(29.0, 136750.0)	(30.0, 185472.0)	(31.0, 245028.0)	(32.0, 324452.0)	(33.0, 442717.0)	(34.0, 690235.0)	(35.0, 1674947.0)	(36.0, 17676014.0)	(37.0, 1769771.0)	
GW_P3_R2	(21.0, 4.0)	(22.0, 55.0)	(23.0, 1775.0)	(24.0, 21578.0)	(25.0, 55065.0)	(26.0, 71987.0)	(27.0, 88401.0)	(28.0, 110173.0)	(29.0, 140677.0)	(30.0, 183849.0)	(31.0, 249472.0)	(32.0, 360234.0)	(33.0, 592679.0)	(34.0, 1229063.0)	(35.0, 3743225.0)	(36.0, 15011667.0)	(37.0, 1503041.0)	
YR_M1_R1	(22.0, 16.0)	(23.0, 205.0)	(24.0, 4466.0)	(25.0, 18616.0)	(26.0, 34414.0)	(27.0, 57168.0)	(28.0, 88560.0)	(29.0, 130267.0)	(30.0, 178263.0)	(31.0, 237744.0)	(32.0, 314880.0)	(33.0, 430524.0)	(34.0, 669795.0)	(35.0, 1618476.0)	(36.0, 17251481.0)	(37.0, 1778449.0)		
YR_M1_R2	(20.0, 1.0)	(21.0, 4.0)	(22.0, 88.0)	(23.0, 1852.0)	(24.0, 20967.0)	(25.0, 55270.0)	(26.0, 71760.0)	(27.0, 88914.0)	(28.0, 110508.0)	(29.0, 140087.0)	(30.0, 182821.0)	(31.0, 249093.0)	(32.0, 363114.0)	(33.0, 598668.0)	(34.0, 1247656.0)	(35.0, 3811516.0)	(36.0, 14510998.0)	(37.0, 1360007.0)
YR_M2_R1	(22.0, 12.0)	(23.0, 203.0)	(24.0, 4652.0)	(25.0, 19416.0)	(26.0, 35550.0)	(27.0, 59339.0)	(28.0, 91613.0)	(29.0, 134552.0)	(30.0, 185135.0)	(31.0, 245697.0)	(32.0, 323121.0)	(33.0, 439116.0)	(34.0, 678884.0)	(35.0, 1641972.0)	(36.0, 17747946.0)	(37.0, 1798239.0)		
YR_M2_R2	(21.0, 8.0)	(22.0, 84.0)	(23.0, 1654.0)	(24.0, 19655.0)	(25.0, 53196.0)	(26.0, 69666.0)	(27.0, 86935.0)	(28.0, 109238.0)	(29.0, 139450.0)	(30.0, 181450.0)	(31.0, 247391.0)	(32.0, 359523.0)	(33.0, 588452.0)	(34.0, 1221884.0)	(35.0, 3754450.0)	(36.0, 15054601.0)	(37.0, 1517810.0)	
YR_M3_R1	(22.0, 7.0)	(23.0, 236.0)	(24.0, 5131.0)	(25.0, 21573.0)	(26.0, 39217.0)	(27.0, 64480.0)	(28.0, 97771.0)	(29.0, 139343.0)	(30.0, 189165.0)	(31.0, 247831.0)	(32.0, 324780.0)	(33.0, 442178.0)	(34.0, 682358.0)	(35.0, 1655288.0)	(36.0, 17792734.0)	(37.0, 1746679.0)		
YR_M3_R2	(21.0, 6.0)	(22.0, 75.0)	(23.0, 1827.0)	(24.0, 21431.0)	(25.0, 55002.0)	(26.0, 69986.0)	(27.0, 85204.0)	(28.0, 105596.0)	(29.0, 133958.0)	(30.0, 172440.0)	(31.0, 233955.0)	(32.0, 336593.0)	(33.0, 543747.0)	(34.0, 1122127.0)	(35.0, 3532441.0)	(36.0, 15410149.0)	(37.0, 1624234.0)	
YR_P1_R1	(21.0, 1.0)	(22.0, 7.0)	(23.0, 187.0)	(24.0, 4498.0)	(25.0, 19034.0)	(26.0, 34947.0)	(27.0, 58953.0)	(28.0, 90609.0)	(29.0, 130779.0)	(30.0, 178608.0)	(31.0, 235461.0)	(32.0, 309937.0)	(33.0, 419236.0)	(34.0, 646995.0)	(35.0, 1546034.0)	(36.0, 17024233.0)	(37.0, 1786812.0)	
YR_P1_R2	(21.0, 6.0)	(22.0, 76.0)	(23.0, 1209.0)	(24.0, 14419.0)	(25.0, 40208.0)	(26.0, 54741.0)	(27.0, 68989.0)	(28.0, 87806.0)	(29.0, 113811.0)	(30.0, 149145.0)	(31.0, 201654.0)	(32.0, 290878.0)	(33.0, 463823.0)	(34.0, 937848.0)	(35.0, 3024190.0)	(36.0, 15274819.0)	(37.0, 1762709.0)	
YR_P2_R1	(21.0, 2.0)	(22.0, 14.0)	(23.0, 207.0)	(24.0, 4873.0)	(25.0, 20091.0)	(26.0, 37349.0)	(27.0, 61496.0)	(28.0, 93355.0)	(29.0, 135013.0)	(30.0, 183764.0)	(31.0, 240684.0)	(32.0, 315914.0)	(33.0, 430225.0)	(34.0, 666814.0)	(35.0, 1616827.0)	(36.0, 17525234.0)	(37.0, 1770058.0)	
YR_P2_R2	(21.0, 4.0)	(22.0, 63.0)	(23.0, 1452.0)	(24.0, 17246.0)	(25.0, 47976.0)	(26.0, 63808.0)	(27.0, 79745.0)	(28.0, 100656.0)	(29.0, 129264.0)	(30.0, 168745.0)	(31.0, 229082.0)	(32.0, 328842.0)	(33.0, 535948.0)	(34.0, 1101368.0)	(35.0, 3467044.0)	(36.0, 15245423.0)	(37.0, 1585254.0)	
YR_P3_R1	(21.0, 1.0)	(22.0, 8.0)	(23.0, 230.0)	(24.0, 4192.0)	(25.0, 18197.0)	(26.0, 33047.0)	(27.0, 55171.0)	(28.0, 83697.0)	(29.0, 121077.0)	(30.0, 164800.0)	(31.0, 218691.0)	(32.0, 289957.0)	(33.0, 395162.0)	(34.0, 614936.0)	(35.0, 1514948.0)	(36.0, 16150660.0)	(37.0, 1587315.0)	
YR_P3_R2	(21.0, 2.0)	(22.0, 54.0)	(23.0, 1234.0)	(24.0, 14723.0)	(25.0, 39593.0)	(26.0, 52127.0)	(27.0, 64889.0)	(28.0, 82133.0)	(29.0, 105749.0)	(30.0, 138332.0)	(31.0, 188034.0)	(32.0, 271753.0)	(33.0, 438163.0)	(34.0, 903246.0)	(35.0, 2917962.0)	(36.0, 14428931.0)	(37.0, 1605164.0)	
