Sample	0	1	2	3	4	5	6	7	8	9	10	11	12	13	14	15	16	17	18	19	20	21	22	23	24	25	26	27	28	29	30	31	32	33	34	35	36	37	38	39	40	41	42	43	44	45	46	47	48	49	50	51	52	53	54	55	56	57	58	59	60	61	62	63	64	65	66	67	68	69	70	71	72	73	74	75	76	77	78	79	80	81	82	83	84	85	86	87	88	89	90	91	92	93	94	95	96	97	98	99	100	101	102	103	104	105	106	107	108	109	110	111	112	113	114	115	116	117	118	119	120	121	122	123	124	125	126	127	128	129	130	131	132	133	134	135	136	137	138	139	140	141	142	143	144	145	146	147	148	149
SRR18856598	(1, 36.3586)	(2, 36.4221)	(3, 36.4636)	(4, 36.4541)	(5, 36.4354)	(6, 36.4073)	(7, 36.3464)	(8, 36.4331)	(9, 36.4408)	(10, 36.4528)	(11, 36.4708)	(12, 36.4367)	(13, 36.444)	(14, 36.4315)	(15, 36.4402)	(16, 36.4514)	(17, 36.4562)	(18, 36.4523)	(19, 36.4413)	(20, 36.448)	(21, 36.4211)	(22, 36.4118)	(23, 36.411)	(24, 36.4129)	(25, 36.4102)	(26, 36.3999)	(27, 36.3993)	(28, 36.4176)	(29, 36.3949)	(30, 36.372)	(31, 36.3754)	(32, 36.3654)	(33, 36.3657)	(34, 36.3562)	(35, 36.3467)	(36, 36.3419)	(37, 36.318)	(38, 36.323)	(39, 36.2653)	(40, 36.2989)	(41, 36.3146)	(42, 36.2992)	(43, 36.3085)	(44, 36.2728)	(45, 36.2769)	(46, 36.2826)	(47, 36.2624)	(48, 36.2644)	(49, 36.2645)	(50, 36.2365)	(51, 36.2377)	(52, 36.2426)	(53, 36.2199)	(54, 36.2296)	(55, 36.228)	(56, 36.2022)	(57, 36.1997)	(58, 36.2247)	(59, 36.219)	(60, 36.1773)	(61, 36.2035)	(62, 36.1863)	(63, 36.1825)	(64, 36.1415)	(65, 36.1687)	(66, 36.1809)	(67, 36.1888)	(68, 36.1712)	(69, 36.1149)	(70, 36.0756)	(71, 36.0966)	(72, 36.1193)	(73, 36.0983)	(74, 36.1077)	(75, 36.0998)	(76, 36.0969)	(77, 36.0715)	(78, 36.0782)	(79, 36.1005)	(80, 36.089)	(81, 36.1025)	(82, 36.0738)	(83, 36.0732)	(84, 36.061)	(85, 36.0893)	(86, 36.0476)	(87, 36.0376)	(88, 36.0132)	(89, 35.92)	(90, 36.0023)	(91, 36.0223)	(92, 36.0192)	(93, 36.0389)	(94, 36.02)	(95, 35.9522)	(96, 35.9632)	(97, 35.9985)	(98, 35.9851)	(99, 35.9675)	(100, 35.9686)	(101, 35.9485)	(102, 35.9283)	(103, 35.9408)	(104, 35.9386)	(105, 35.9415)	(106, 35.931)	(107, 35.9056)	(108, 35.8872)	(109, 35.9066)	(110, 35.8645)	(111, 35.8667)	(112, 35.8583)	(113, 35.7918)	(114, 35.6591)	(115, 35.7318)	(116, 35.8319)	(117, 35.7798)	(118, 35.7606)	(119, 35.7271)	(120, 35.6512)	(121, 35.7218)	(122, 35.6921)	(123, 35.6434)	(124, 35.7133)	(125, 35.5644)	(126, 35.614)	(127, 35.6756)	(128, 35.6042)	(129, 35.6045)	(130, 35.595)	(131, 35.6118)	(132, 35.6488)	(133, 35.6138)	(134, 35.5181)	(135, 35.5642)	(136, 35.553)	(137, 35.5076)	(138, 35.4276)	(139, 35.2231)	(140, 35.4336)	(141, 35.5061)	(142, 35.4378)	(143, 35.4563)	(144, 35.383)	(145, 35.1698)	(146, 35.251)	(147, 35.3665)	(148, 35.3042)	(149, 35.3773)	(150, 35.3239)
SRR18856599	(1, 36.3501)	(2, 36.4214)	(3, 36.4516)	(4, 36.4447)	(5, 36.4263)	(6, 36.4025)	(7, 36.3385)	(8, 36.4232)	(9, 36.4311)	(10, 36.4449)	(11, 36.4614)	(12, 36.4281)	(13, 36.4334)	(14, 36.4196)	(15, 36.4302)	(16, 36.4386)	(17, 36.4442)	(18, 36.44)	(19, 36.4287)	(20, 36.4351)	(21, 36.4063)	(22, 36.3973)	(23, 36.3931)	(24, 36.3972)	(25, 36.3946)	(26, 36.3844)	(27, 36.384)	(28, 36.4014)	(29, 36.3775)	(30, 36.353)	(31, 36.357)	(32, 36.3491)	(33, 36.3479)	(34, 36.337)	(35, 36.3277)	(36, 36.3203)	(37, 36.2993)	(38, 36.304)	(39, 36.2443)	(40, 36.2796)	(41, 36.2954)	(42, 36.2798)	(43, 36.2891)	(44, 36.2541)	(45, 36.2584)	(46, 36.2638)	(47, 36.2412)	(48, 36.2412)	(49, 36.2427)	(50, 36.2138)	(51, 36.215)	(52, 36.2185)	(53, 36.1943)	(54, 36.2053)	(55, 36.207)	(56, 36.1807)	(57, 36.1778)	(58, 36.2035)	(59, 36.1971)	(60, 36.1553)	(61, 36.182)	(62, 36.1624)	(63, 36.1581)	(64, 36.1153)	(65, 36.1478)	(66, 36.1572)	(67, 36.1677)	(68, 36.153)	(69, 36.0911)	(70, 36.0518)	(71, 36.0702)	(72, 36.0965)	(73, 36.0746)	(74, 36.0844)	(75, 36.0781)	(76, 36.0751)	(77, 36.0508)	(78, 36.0542)	(79, 36.082)	(80, 36.0695)	(81, 36.0811)	(82, 36.0497)	(83, 36.0516)	(84, 36.0382)	(85, 36.065)	(86, 36.0253)	(87, 36.017)	(88, 35.9903)	(89, 35.8952)	(90, 35.9801)	(91, 36.0002)	(92, 35.9964)	(93, 36.0141)	(94, 35.9993)	(95, 35.9266)	(96, 35.9374)	(97, 35.9731)	(98, 35.9598)	(99, 35.9405)	(100, 35.9447)	(101, 35.9218)	(102, 35.9003)	(103, 35.9188)	(104, 35.9137)	(105, 35.9157)	(106, 35.906)	(107, 35.8795)	(108, 35.8593)	(109, 35.8784)	(110, 35.8367)	(111, 35.8368)	(112, 35.8324)	(113, 35.7631)	(114, 35.6236)	(115, 35.7041)	(116, 35.8065)	(117, 35.7556)	(118, 35.7342)	(119, 35.6966)	(120, 35.6174)	(121, 35.6939)	(122, 35.6623)	(123, 35.6152)	(124, 35.6855)	(125, 35.5304)	(126, 35.5803)	(127, 35.6492)	(128, 35.5741)	(129, 35.5704)	(130, 35.5628)	(131, 35.5804)	(132, 35.618)	(133, 35.5809)	(134, 35.4844)	(135, 35.5344)	(136, 35.5227)	(137, 35.4761)	(138, 35.3939)	(139, 35.1802)	(140, 35.3973)	(141, 35.4714)	(142, 35.4059)	(143, 35.4236)	(144, 35.3428)	(145, 35.135)	(146, 35.2082)	(147, 35.323)	(148, 35.2639)	(149, 35.3383)	(150, 35.2829)
SRR18856600	(1, 36.3368)	(2, 36.4084)	(3, 36.4238)	(4, 36.4311)	(5, 36.4122)	(6, 36.3866)	(7, 36.322)	(8, 36.417)	(9, 36.425)	(10, 36.4367)	(11, 36.4563)	(12, 36.4174)	(13, 36.4243)	(14, 36.4086)	(15, 36.4204)	(16, 36.4327)	(17, 36.4396)	(18, 36.4355)	(19, 36.4195)	(20, 36.4294)	(21, 36.4003)	(22, 36.3912)	(23, 36.3867)	(24, 36.3913)	(25, 36.392)	(26, 36.3783)	(27, 36.3798)	(28, 36.3989)	(29, 36.3724)	(30, 36.3502)	(31, 36.3517)	(32, 36.3442)	(33, 36.3442)	(34, 36.3328)	(35, 36.3215)	(36, 36.3172)	(37, 36.2942)	(38, 36.2961)	(39, 36.2373)	(40, 36.2714)	(41, 36.2875)	(42, 36.2706)	(43, 36.2798)	(44, 36.2463)	(45, 36.2516)	(46, 36.256)	(47, 36.2372)	(48, 36.2384)	(49, 36.2381)	(50, 36.2081)	(51, 36.211)	(52, 36.2125)	(53, 36.1886)	(54, 36.2012)	(55, 36.1983)	(56, 36.173)	(57, 36.1717)	(58, 36.199)	(59, 36.1928)	(60, 36.1502)	(61, 36.1762)	(62, 36.158)	(63, 36.1518)	(64, 36.108)	(65, 36.1393)	(66, 36.1507)	(67, 36.1606)	(68, 36.1424)	(69, 36.0825)	(70, 36.0453)	(71, 36.065)	(72, 36.0885)	(73, 36.0668)	(74, 36.0743)	(75, 36.0671)	(76, 36.0637)	(77, 36.0399)	(78, 36.0455)	(79, 36.0723)	(80, 36.0597)	(81, 36.0747)	(82, 36.0426)	(83, 36.042)	(84, 36.0283)	(85, 36.0559)	(86, 36.0147)	(87, 36.0073)	(88, 35.982)	(89, 35.8858)	(90, 35.9716)	(91, 35.9928)	(92, 35.9875)	(93, 36.0077)	(94, 35.9888)	(95, 35.9208)	(96, 35.928)	(97, 35.9661)	(98, 35.9536)	(99, 35.9329)	(100, 35.936)	(101, 35.9178)	(102, 35.897)	(103, 35.909)	(104, 35.9074)	(105, 35.9066)	(106, 35.8953)	(107, 35.8699)	(108, 35.852)	(109, 35.8709)	(110, 35.8301)	(111, 35.8317)	(112, 35.8269)	(113, 35.758)	(114, 35.6182)	(115, 35.6955)	(116, 35.7973)	(117, 35.7445)	(118, 35.7236)	(119, 35.6865)	(120, 35.609)	(121, 35.6849)	(122, 35.6568)	(123, 35.6092)	(124, 35.6775)	(125, 35.5272)	(126, 35.5736)	(127, 35.6404)	(128, 35.5626)	(129, 35.5647)	(130, 35.5549)	(131, 35.5729)	(132, 35.6099)	(133, 35.5751)	(134, 35.4772)	(135, 35.5289)	(136, 35.5166)	(137, 35.4692)	(138, 35.386)	(139, 35.1752)	(140, 35.3914)	(141, 35.4661)	(142, 35.3969)	(143, 35.4189)	(144, 35.3402)	(145, 35.1272)	(146, 35.2082)	(147, 35.3224)	(148, 35.2592)	(149, 35.3344)	(150, 35.2834)
SRR18856601	(1, 36.3561)	(2, 36.4026)	(3, 36.43)	(4, 36.4423)	(5, 36.3978)	(6, 36.3789)	(7, 36.3169)	(8, 36.4128)	(9, 36.416)	(10, 36.4352)	(11, 36.4546)	(12, 36.4208)	(13, 36.4273)	(14, 36.4097)	(15, 36.4231)	(16, 36.4271)	(17, 36.4337)	(18, 36.4334)	(19, 36.4216)	(20, 36.4299)	(21, 36.3995)	(22, 36.392)	(23, 36.3885)	(24, 36.3929)	(25, 36.3904)	(26, 36.3762)	(27, 36.378)	(28, 36.398)	(29, 36.3712)	(30, 36.3474)	(31, 36.3504)	(32, 36.3422)	(33, 36.3425)	(34, 36.3309)	(35, 36.3216)	(36, 36.3155)	(37, 36.2926)	(38, 36.2937)	(39, 36.2331)	(40, 36.2698)	(41, 36.2854)	(42, 36.271)	(43, 36.2789)	(44, 36.2445)	(45, 36.2478)	(46, 36.2554)	(47, 36.2322)	(48, 36.232)	(49, 36.2331)	(50, 36.2027)	(51, 36.2055)	(52, 36.2084)	(53, 36.1839)	(54, 36.1971)	(55, 36.1948)	(56, 36.1694)	(57, 36.1668)	(58, 36.1925)	(59, 36.186)	(60, 36.1428)	(61, 36.1699)	(62, 36.1504)	(63, 36.1446)	(64, 36.1026)	(65, 36.1323)	(66, 36.1434)	(67, 36.1526)	(68, 36.136)	(69, 36.074)	(70, 36.0318)	(71, 36.0496)	(72, 36.0767)	(73, 36.0542)	(74, 36.0644)	(75, 36.0559)	(76, 36.0535)	(77, 36.027)	(78, 36.0355)	(79, 36.0599)	(80, 36.0487)	(81, 36.0626)	(82, 36.0302)	(83, 36.0287)	(84, 36.0196)	(85, 36.0451)	(86, 36.0058)	(87, 35.9962)	(88, 35.9707)	(89, 35.8726)	(90, 35.9589)	(91, 35.9776)	(92, 35.976)	(93, 35.9956)	(94, 35.9761)	(95, 35.9051)	(96, 35.9128)	(97, 35.953)	(98, 35.9373)	(99, 35.9196)	(100, 35.9219)	(101, 35.8996)	(102, 35.8768)	(103, 35.8894)	(104, 35.888)	(105, 35.8923)	(106, 35.8785)	(107, 35.8523)	(108, 35.8339)	(109, 35.854)	(110, 35.8115)	(111, 35.8132)	(112, 35.805)	(113, 35.7337)	(114, 35.5938)	(115, 35.6722)	(116, 35.7748)	(117, 35.7242)	(118, 35.7044)	(119, 35.665)	(120, 35.5862)	(121, 35.6631)	(122, 35.6324)	(123, 35.58)	(124, 35.654)	(125, 35.4971)	(126, 35.545)	(127, 35.6169)	(128, 35.5397)	(129, 35.538)	(130, 35.5297)	(131, 35.5467)	(132, 35.585)	(133, 35.5432)	(134, 35.4468)	(135, 35.4975)	(136, 35.4842)	(137, 35.4374)	(138, 35.3518)	(139, 35.1373)	(140, 35.3577)	(141, 35.4332)	(142, 35.3651)	(143, 35.3864)	(144, 35.3051)	(145, 35.0866)	(146, 35.1667)	(147, 35.285)	(148, 35.2223)	(149, 35.2962)	(150, 35.2456)
SRR18856602	(1, 36.2942)	(2, 36.3539)	(3, 36.3987)	(4, 36.398)	(5, 36.3584)	(6, 36.3396)	(7, 36.2736)	(8, 36.3652)	(9, 36.3755)	(10, 36.3953)	(11, 36.4112)	(12, 36.3716)	(13, 36.3802)	(14, 36.3638)	(15, 36.3759)	(16, 36.3837)	(17, 36.3905)	(18, 36.3879)	(19, 36.3717)	(20, 36.3808)	(21, 36.3484)	(22, 36.3406)	(23, 36.3356)	(24, 36.3396)	(25, 36.3393)	(26, 36.3239)	(27, 36.3239)	(28, 36.3455)	(29, 36.3175)	(30, 36.2931)	(31, 36.2942)	(32, 36.2857)	(33, 36.2874)	(34, 36.2751)	(35, 36.2632)	(36, 36.2569)	(37, 36.2306)	(38, 36.2341)	(39, 36.1687)	(40, 36.2089)	(41, 36.2283)	(42, 36.21)	(43, 36.2184)	(44, 36.1819)	(45, 36.1846)	(46, 36.1917)	(47, 36.1654)	(48, 36.1666)	(49, 36.1682)	(50, 36.1363)	(51, 36.1387)	(52, 36.143)	(53, 36.1189)	(54, 36.13)	(55, 36.1269)	(56, 36.0998)	(57, 36.0956)	(58, 36.1237)	(59, 36.1174)	(60, 36.0709)	(61, 36.0998)	(62, 36.0797)	(63, 36.0744)	(64, 36.0249)	(65, 36.0591)	(66, 36.0724)	(67, 36.0819)	(68, 36.0637)	(69, 35.9961)	(70, 35.9528)	(71, 35.9736)	(72, 36.0017)	(73, 35.9775)	(74, 35.9888)	(75, 35.9792)	(76, 35.976)	(77, 35.9489)	(78, 35.9564)	(79, 35.9847)	(80, 35.9713)	(81, 35.9871)	(82, 35.9548)	(83, 35.952)	(84, 35.9417)	(85, 35.9675)	(86, 35.926)	(87, 35.9147)	(88, 35.8863)	(89, 35.7787)	(90, 35.8726)	(91, 35.8944)	(92, 35.8914)	(93, 35.9126)	(94, 35.8925)	(95, 35.8186)	(96, 35.8265)	(97, 35.8704)	(98, 35.8518)	(99, 35.8328)	(100, 35.836)	(101, 35.811)	(102, 35.7872)	(103, 35.8028)	(104, 35.7991)	(105, 35.8027)	(106, 35.7883)	(107, 35.7601)	(108, 35.742)	(109, 35.7631)	(110, 35.7184)	(111, 35.7191)	(112, 35.7088)	(113, 35.6365)	(114, 35.4851)	(115, 35.568)	(116, 35.6805)	(117, 35.6228)	(118, 35.6027)	(119, 35.5621)	(120, 35.4756)	(121, 35.5582)	(122, 35.5259)	(123, 35.4716)	(124, 35.5483)	(125, 35.3856)	(126, 35.4374)	(127, 35.5101)	(128, 35.4276)	(129, 35.4279)	(130, 35.4173)	(131, 35.4363)	(132, 35.4741)	(133, 35.4334)	(134, 35.3299)	(135, 35.3823)	(136, 35.3676)	(137, 35.3174)	(138, 35.2267)	(139, 34.9996)	(140, 35.2354)	(141, 35.3152)	(142, 35.2401)	(143, 35.2622)	(144, 35.1806)	(145, 34.9488)	(146, 35.0316)	(147, 35.1598)	(148, 35.0919)	(149, 35.1703)	(150, 35.1147)
SRR18856603	(1, 36.3669)	(2, 36.4215)	(3, 36.4479)	(4, 36.459)	(5, 36.41)	(6, 36.3983)	(7, 36.3414)	(8, 36.427)	(9, 36.4328)	(10, 36.4498)	(11, 36.4663)	(12, 36.4335)	(13, 36.4392)	(14, 36.4232)	(15, 36.4359)	(16, 36.4392)	(17, 36.4455)	(18, 36.446)	(19, 36.4332)	(20, 36.4415)	(21, 36.4119)	(22, 36.4036)	(23, 36.399)	(24, 36.404)	(25, 36.4011)	(26, 36.3892)	(27, 36.3894)	(28, 36.408)	(29, 36.3835)	(30, 36.3612)	(31, 36.3625)	(32, 36.354)	(33, 36.3543)	(34, 36.3441)	(35, 36.3343)	(36, 36.3287)	(37, 36.3059)	(38, 36.3086)	(39, 36.247)	(40, 36.2841)	(41, 36.3006)	(42, 36.2841)	(43, 36.2933)	(44, 36.2599)	(45, 36.2629)	(46, 36.27)	(47, 36.2456)	(48, 36.2482)	(49, 36.2489)	(50, 36.2185)	(51, 36.2231)	(52, 36.2239)	(53, 36.2005)	(54, 36.2118)	(55, 36.2089)	(56, 36.1847)	(57, 36.1816)	(58, 36.2075)	(59, 36.2007)	(60, 36.1579)	(61, 36.1856)	(62, 36.1652)	(63, 36.1592)	(64, 36.1176)	(65, 36.1465)	(66, 36.1572)	(67, 36.165)	(68, 36.1495)	(69, 36.0876)	(70, 36.048)	(71, 36.0667)	(72, 36.0908)	(73, 36.0687)	(74, 36.0781)	(75, 36.0711)	(76, 36.0659)	(77, 36.0422)	(78, 36.0472)	(79, 36.0739)	(80, 36.0626)	(81, 36.0742)	(82, 36.0466)	(83, 36.0443)	(84, 36.033)	(85, 36.0579)	(86, 36.0174)	(87, 36.0083)	(88, 35.98)	(89, 35.8823)	(90, 35.9672)	(91, 35.9903)	(92, 35.9842)	(93, 36.0044)	(94, 35.9854)	(95, 35.9152)	(96, 35.9219)	(97, 35.9607)	(98, 35.9451)	(99, 35.9267)	(100, 35.9301)	(101, 35.9068)	(102, 35.8861)	(103, 35.9)	(104, 35.8966)	(105, 35.8985)	(106, 35.8856)	(107, 35.8611)	(108, 35.842)	(109, 35.8612)	(110, 35.8218)	(111, 35.8191)	(112, 35.8107)	(113, 35.743)	(114, 35.6017)	(115, 35.6767)	(116, 35.7806)	(117, 35.7284)	(118, 35.709)	(119, 35.6715)	(120, 35.5913)	(121, 35.6659)	(122, 35.6352)	(123, 35.5832)	(124, 35.6536)	(125, 35.4994)	(126, 35.5504)	(127, 35.6192)	(128, 35.5409)	(129, 35.539)	(130, 35.5298)	(131, 35.5465)	(132, 35.5851)	(133, 35.5457)	(134, 35.4457)	(135, 35.4967)	(136, 35.4816)	(137, 35.434)	(138, 35.3493)	(139, 35.1338)	(140, 35.3538)	(141, 35.4314)	(142, 35.359)	(143, 35.3836)	(144, 35.301)	(145, 35.0851)	(146, 35.1619)	(147, 35.2813)	(148, 35.2141)	(149, 35.2909)	(150, 35.2413)
SRR18856604	(1, 36.2761)	(2, 36.3083)	(3, 36.3731)	(4, 36.3734)	(5, 36.3322)	(6, 36.3154)	(7, 36.2393)	(8, 36.3438)	(9, 36.3532)	(10, 36.3734)	(11, 36.3838)	(12, 36.3458)	(13, 36.355)	(14, 36.3366)	(15, 36.3494)	(16, 36.3579)	(17, 36.3636)	(18, 36.364)	(19, 36.346)	(20, 36.3573)	(21, 36.3247)	(22, 36.3196)	(23, 36.3121)	(24, 36.3195)	(25, 36.3166)	(26, 36.3012)	(27, 36.3026)	(28, 36.3261)	(29, 36.2988)	(30, 36.2724)	(31, 36.2759)	(32, 36.2637)	(33, 36.2637)	(34, 36.255)	(35, 36.2473)	(36, 36.2411)	(37, 36.2101)	(38, 36.2171)	(39, 36.1482)	(40, 36.1863)	(41, 36.2041)	(42, 36.1843)	(43, 36.1973)	(44, 36.1593)	(45, 36.1608)	(46, 36.1694)	(47, 36.1447)	(48, 36.1452)	(49, 36.1473)	(50, 36.1143)	(51, 36.1164)	(52, 36.1186)	(53, 36.0937)	(54, 36.1041)	(55, 36.1037)	(56, 36.0739)	(57, 36.0698)	(58, 36.0992)	(59, 36.0917)	(60, 36.0435)	(61, 36.0751)	(62, 36.054)	(63, 36.0474)	(64, 36.0014)	(65, 36.0334)	(66, 36.0459)	(67, 36.0571)	(68, 36.0366)	(69, 35.97)	(70, 35.9271)	(71, 35.9471)	(72, 35.9757)	(73, 35.9527)	(74, 35.9626)	(75, 35.9545)	(76, 35.9512)	(77, 35.9243)	(78, 35.9315)	(79, 35.9608)	(80, 35.9503)	(81, 35.9629)	(82, 35.9315)	(83, 35.9298)	(84, 35.9157)	(85, 35.9455)	(86, 35.9011)	(87, 35.8917)	(88, 35.8649)	(89, 35.7597)	(90, 35.8525)	(91, 35.8732)	(92, 35.8696)	(93, 35.8915)	(94, 35.8712)	(95, 35.7936)	(96, 35.8049)	(97, 35.8464)	(98, 35.8305)	(99, 35.8099)	(100, 35.8142)	(101, 35.7908)	(102, 35.7662)	(103, 35.7833)	(104, 35.7786)	(105, 35.7812)	(106, 35.7691)	(107, 35.7399)	(108, 35.7201)	(109, 35.7437)	(110, 35.6978)	(111, 35.6992)	(112, 35.6913)	(113, 35.6165)	(114, 35.4674)	(115, 35.5507)	(116, 35.6609)	(117, 35.6045)	(118, 35.5818)	(119, 35.5436)	(120, 35.4576)	(121, 35.5381)	(122, 35.506)	(123, 35.4535)	(124, 35.5307)	(125, 35.3657)	(126, 35.416)	(127, 35.4902)	(128, 35.4078)	(129, 35.4061)	(130, 35.3971)	(131, 35.4162)	(132, 35.4565)	(133, 35.416)	(134, 35.3122)	(135, 35.3639)	(136, 35.3489)	(137, 35.2987)	(138, 35.2094)	(139, 34.9853)	(140, 35.2171)	(141, 35.3015)	(142, 35.2268)	(143, 35.2464)	(144, 35.1611)	(145, 34.9328)	(146, 35.0184)	(147, 35.142)	(148, 35.0734)	(149, 35.1553)	(150, 35.0975)
SRR18856605	(1, 36.2227)	(2, 36.3053)	(3, 36.3538)	(4, 36.358)	(5, 36.3266)	(6, 36.3064)	(7, 36.2244)	(8, 36.3246)	(9, 36.3295)	(10, 36.3505)	(11, 36.3662)	(12, 36.3274)	(13, 36.338)	(14, 36.3197)	(15, 36.3328)	(16, 36.3442)	(17, 36.3497)	(18, 36.3461)	(19, 36.3274)	(20, 36.3387)	(21, 36.3054)	(22, 36.2947)	(23, 36.2911)	(24, 36.2965)	(25, 36.2928)	(26, 36.2766)	(27, 36.2774)	(28, 36.3037)	(29, 36.2768)	(30, 36.2481)	(31, 36.2507)	(32, 36.2396)	(33, 36.2402)	(34, 36.2285)	(35, 36.2186)	(36, 36.2117)	(37, 36.1841)	(38, 36.1859)	(39, 36.1154)	(40, 36.157)	(41, 36.1761)	(42, 36.1561)	(43, 36.1714)	(44, 36.1289)	(45, 36.1331)	(46, 36.1405)	(47, 36.1151)	(48, 36.1177)	(49, 36.1167)	(50, 36.0821)	(51, 36.0857)	(52, 36.0889)	(53, 36.0618)	(54, 36.072)	(55, 36.0725)	(56, 36.0436)	(57, 36.0386)	(58, 36.0685)	(59, 36.0604)	(60, 36.011)	(61, 36.0435)	(62, 36.0228)	(63, 36.0181)	(64, 35.9678)	(65, 36.0024)	(66, 36.0137)	(67, 36.0243)	(68, 36.0052)	(69, 35.9336)	(70, 35.8907)	(71, 35.9106)	(72, 35.9416)	(73, 35.9159)	(74, 35.9283)	(75, 35.918)	(76, 35.917)	(77, 35.8887)	(78, 35.8976)	(79, 35.9263)	(80, 35.9135)	(81, 35.9278)	(82, 35.8958)	(83, 35.892)	(84, 35.8799)	(85, 35.9099)	(86, 35.864)	(87, 35.8537)	(88, 35.8246)	(89, 35.7137)	(90, 35.8113)	(91, 35.8326)	(92, 35.8305)	(93, 35.8517)	(94, 35.832)	(95, 35.7525)	(96, 35.7626)	(97, 35.8058)	(98, 35.7898)	(99, 35.7677)	(100, 35.7727)	(101, 35.7443)	(102, 35.7213)	(103, 35.7383)	(104, 35.7338)	(105, 35.7376)	(106, 35.726)	(107, 35.6946)	(108, 35.6741)	(109, 35.6981)	(110, 35.6515)	(111, 35.6539)	(112, 35.6443)	(113, 35.5661)	(114, 35.4075)	(115, 35.4975)	(116, 35.6091)	(117, 35.5523)	(118, 35.5315)	(119, 35.4863)	(120, 35.3992)	(121, 35.4835)	(122, 35.4491)	(123, 35.3949)	(124, 35.4721)	(125, 35.303)	(126, 35.3546)	(127, 35.4314)	(128, 35.3471)	(129, 35.3467)	(130, 35.3364)	(131, 35.3552)	(132, 35.3973)	(133, 35.3575)	(134, 35.248)	(135, 35.3002)	(136, 35.2888)	(137, 35.2358)	(138, 35.1449)	(139, 34.9084)	(140, 35.1503)	(141, 35.2333)	(142, 35.159)	(143, 35.1814)	(144, 35.091)	(145, 34.8571)	(146, 34.944)	(147, 35.0711)	(148, 35.0031)	(149, 35.0862)	(150, 35.0267)
SRR18856606	(1, 36.1468)	(2, 36.2617)	(3, 36.3134)	(4, 36.3223)	(5, 36.288)	(6, 36.2685)	(7, 36.1838)	(8, 36.2835)	(9, 36.29)	(10, 36.3162)	(11, 36.3295)	(12, 36.2891)	(13, 36.3011)	(14, 36.2806)	(15, 36.2958)	(16, 36.3073)	(17, 36.3124)	(18, 36.3103)	(19, 36.2908)	(20, 36.3031)	(21, 36.2694)	(22, 36.2561)	(23, 36.2537)	(24, 36.2573)	(25, 36.2607)	(26, 36.2452)	(27, 36.2394)	(28, 36.2668)	(29, 36.2396)	(30, 36.2127)	(31, 36.2144)	(32, 36.2011)	(33, 36.203)	(34, 36.1898)	(35, 36.1811)	(36, 36.172)	(37, 36.1433)	(38, 36.1494)	(39, 36.079)	(40, 36.1196)	(41, 36.1375)	(42, 36.1175)	(43, 36.1301)	(44, 36.088)	(45, 36.0914)	(46, 36.1003)	(47, 36.0727)	(48, 36.077)	(49, 36.0752)	(50, 36.0435)	(51, 36.0462)	(52, 36.0478)	(53, 36.0195)	(54, 36.0327)	(55, 36.0312)	(56, 36.0016)	(57, 35.9955)	(58, 36.0292)	(59, 36.0186)	(60, 35.9687)	(61, 36.0022)	(62, 35.981)	(63, 35.9742)	(64, 35.9249)	(65, 35.9582)	(66, 35.9713)	(67, 35.9839)	(68, 35.9633)	(69, 35.8909)	(70, 35.8431)	(71, 35.8672)	(72, 35.9003)	(73, 35.8724)	(74, 35.8871)	(75, 35.8748)	(76, 35.8741)	(77, 35.8458)	(78, 35.8554)	(79, 35.8856)	(80, 35.8719)	(81, 35.8866)	(82, 35.8548)	(83, 35.8537)	(84, 35.8388)	(85, 35.8708)	(86, 35.8233)	(87, 35.8145)	(88, 35.7853)	(89, 35.6692)	(90, 35.7689)	(91, 35.7926)	(92, 35.789)	(93, 35.8118)	(94, 35.7903)	(95, 35.7093)	(96, 35.7208)	(97, 35.7654)	(98, 35.7483)	(99, 35.7264)	(100, 35.7335)	(101, 35.706)	(102, 35.6808)	(103, 35.695)	(104, 35.6944)	(105, 35.6981)	(106, 35.6848)	(107, 35.6541)	(108, 35.6326)	(109, 35.6578)	(110, 35.6106)	(111, 35.6117)	(112, 35.603)	(113, 35.5247)	(114, 35.3664)	(115, 35.4559)	(116, 35.5726)	(117, 35.5114)	(118, 35.4878)	(119, 35.4488)	(120, 35.3596)	(121, 35.4444)	(122, 35.4104)	(123, 35.3544)	(124, 35.4333)	(125, 35.2632)	(126, 35.3137)	(127, 35.3935)	(128, 35.308)	(129, 35.308)	(130, 35.2973)	(131, 35.3195)	(132, 35.3584)	(133, 35.3213)	(134, 35.2088)	(135, 35.2651)	(136, 35.2506)	(137, 35.1964)	(138, 35.1015)	(139, 34.8667)	(140, 35.1121)	(141, 35.1975)	(142, 35.1197)	(143, 35.1404)	(144, 35.0528)	(145, 34.814)	(146, 34.9005)	(147, 35.0356)	(148, 34.9643)	(149, 35.0487)	(150, 34.9934)
SRR18856607	(1, 36.2146)	(2, 36.2992)	(3, 36.3468)	(4, 36.343)	(5, 36.319)	(6, 36.2959)	(7, 36.2174)	(8, 36.3138)	(9, 36.3197)	(10, 36.3411)	(11, 36.3561)	(12, 36.3169)	(13, 36.3277)	(14, 36.3073)	(15, 36.3227)	(16, 36.3324)	(17, 36.3394)	(18, 36.3359)	(19, 36.3175)	(20, 36.328)	(21, 36.2942)	(22, 36.2821)	(23, 36.2847)	(24, 36.286)	(25, 36.2858)	(26, 36.2666)	(27, 36.2677)	(28, 36.2947)	(29, 36.2666)	(30, 36.2397)	(31, 36.2404)	(32, 36.2286)	(33, 36.2297)	(34, 36.2181)	(35, 36.2075)	(36, 36.2005)	(37, 36.1739)	(38, 36.1783)	(39, 36.1086)	(40, 36.1505)	(41, 36.1671)	(42, 36.1474)	(43, 36.1605)	(44, 36.1176)	(45, 36.1228)	(46, 36.1296)	(47, 36.106)	(48, 36.1063)	(49, 36.1064)	(50, 36.0742)	(51, 36.0774)	(52, 36.0814)	(53, 36.0535)	(54, 36.0673)	(55, 36.0648)	(56, 36.0334)	(57, 36.0313)	(58, 36.0619)	(59, 36.052)	(60, 36.0038)	(61, 36.0346)	(62, 36.0132)	(63, 36.007)	(64, 35.9574)	(65, 35.9912)	(66, 36.0042)	(67, 36.0146)	(68, 35.9937)	(69, 35.9231)	(70, 35.8784)	(71, 35.9028)	(72, 35.9331)	(73, 35.9088)	(74, 35.9194)	(75, 35.9098)	(76, 35.9066)	(77, 35.8777)	(78, 35.8861)	(79, 35.9148)	(80, 35.9051)	(81, 35.9185)	(82, 35.8863)	(83, 35.8861)	(84, 35.8709)	(85, 35.8997)	(86, 35.8523)	(87, 35.8444)	(88, 35.8128)	(89, 35.7016)	(90, 35.8004)	(91, 35.8224)	(92, 35.8193)	(93, 35.8422)	(94, 35.823)	(95, 35.741)	(96, 35.7534)	(97, 35.7956)	(98, 35.7818)	(99, 35.7603)	(100, 35.7634)	(101, 35.7364)	(102, 35.7127)	(103, 35.726)	(104, 35.7236)	(105, 35.7276)	(106, 35.717)	(107, 35.6875)	(108, 35.6672)	(109, 35.6871)	(110, 35.6399)	(111, 35.6403)	(112, 35.6329)	(113, 35.5546)	(114, 35.4011)	(115, 35.4858)	(116, 35.6009)	(117, 35.542)	(118, 35.5194)	(119, 35.479)	(120, 35.3937)	(121, 35.4752)	(122, 35.4388)	(123, 35.3859)	(124, 35.4661)	(125, 35.2988)	(126, 35.3492)	(127, 35.4249)	(128, 35.3414)	(129, 35.3441)	(130, 35.3308)	(131, 35.3516)	(132, 35.3911)	(133, 35.3515)	(134, 35.2399)	(135, 35.2963)	(136, 35.2814)	(137, 35.2309)	(138, 35.1393)	(139, 34.9084)	(140, 35.1498)	(141, 35.231)	(142, 35.152)	(143, 35.1747)	(144, 35.0873)	(145, 34.8502)	(146, 34.9409)	(147, 35.0657)	(148, 35.0001)	(149, 35.0844)	(150, 35.0248)
SRR18856608	(1, 36.3071)	(2, 36.376)	(3, 36.4079)	(4, 36.407)	(5, 36.3884)	(6, 36.3584)	(7, 36.2961)	(8, 36.3863)	(9, 36.3945)	(10, 36.4108)	(11, 36.428)	(12, 36.391)	(13, 36.398)	(14, 36.3832)	(15, 36.3941)	(16, 36.4034)	(17, 36.4092)	(18, 36.4071)	(19, 36.3921)	(20, 36.4005)	(21, 36.3691)	(22, 36.3604)	(23, 36.3561)	(24, 36.3597)	(25, 36.3591)	(26, 36.347)	(27, 36.3447)	(28, 36.3663)	(29, 36.3407)	(30, 36.3173)	(31, 36.3199)	(32, 36.3087)	(33, 36.3092)	(34, 36.2969)	(35, 36.2873)	(36, 36.2807)	(37, 36.2555)	(38, 36.2601)	(39, 36.1968)	(40, 36.2332)	(41, 36.251)	(42, 36.2337)	(43, 36.2438)	(44, 36.206)	(45, 36.2094)	(46, 36.2164)	(47, 36.1941)	(48, 36.1939)	(49, 36.1948)	(50, 36.1644)	(51, 36.1662)	(52, 36.1713)	(53, 36.1451)	(54, 36.1574)	(55, 36.1549)	(56, 36.1269)	(57, 36.1239)	(58, 36.1526)	(59, 36.1439)	(60, 36.1003)	(61, 36.1273)	(62, 36.1096)	(63, 36.1038)	(64, 36.0586)	(65, 36.09)	(66, 36.1031)	(67, 36.1107)	(68, 36.0938)	(69, 36.0298)	(70, 35.9881)	(71, 36.0088)	(72, 36.0343)	(73, 36.0118)	(74, 36.0226)	(75, 36.0143)	(76, 36.0115)	(77, 35.9846)	(78, 35.9914)	(79, 36.0181)	(80, 36.0058)	(81, 36.0195)	(82, 35.9864)	(83, 35.9858)	(84, 35.974)	(85, 36.0015)	(86, 35.9614)	(87, 35.9509)	(88, 35.9217)	(89, 35.8231)	(90, 35.9101)	(91, 35.9334)	(92, 35.9287)	(93, 35.948)	(94, 35.9297)	(95, 35.857)	(96, 35.8663)	(97, 35.9067)	(98, 35.8893)	(99, 35.8704)	(100, 35.8756)	(101, 35.8499)	(102, 35.8282)	(103, 35.8416)	(104, 35.8401)	(105, 35.8439)	(106, 35.8307)	(107, 35.8058)	(108, 35.7851)	(109, 35.8033)	(110, 35.7604)	(111, 35.7626)	(112, 35.7549)	(113, 35.6838)	(114, 35.54)	(115, 35.6188)	(116, 35.7256)	(117, 35.6703)	(118, 35.6474)	(119, 35.6125)	(120, 35.5314)	(121, 35.6078)	(122, 35.5756)	(123, 35.523)	(124, 35.5974)	(125, 35.4406)	(126, 35.4892)	(127, 35.5595)	(128, 35.481)	(129, 35.4801)	(130, 35.4713)	(131, 35.4891)	(132, 35.5288)	(133, 35.4901)	(134, 35.3881)	(135, 35.4393)	(136, 35.4267)	(137, 35.3787)	(138, 35.2913)	(139, 35.0734)	(140, 35.3007)	(141, 35.375)	(142, 35.3046)	(143, 35.3247)	(144, 35.2434)	(145, 35.0225)	(146, 35.1044)	(147, 35.2251)	(148, 35.159)	(149, 35.2377)	(150, 35.183)
SRR18856609	(1, 36.3782)	(2, 36.4228)	(3, 36.4578)	(4, 36.4451)	(5, 36.4254)	(6, 36.3911)	(7, 36.3268)	(8, 36.4161)	(9, 36.4269)	(10, 36.4398)	(11, 36.4606)	(12, 36.4268)	(13, 36.4342)	(14, 36.4221)	(15, 36.4306)	(16, 36.4396)	(17, 36.4453)	(18, 36.4395)	(19, 36.4267)	(20, 36.4338)	(21, 36.4065)	(22, 36.3987)	(23, 36.3959)	(24, 36.4024)	(25, 36.399)	(26, 36.3861)	(27, 36.386)	(28, 36.4035)	(29, 36.3786)	(30, 36.3553)	(31, 36.3589)	(32, 36.3507)	(33, 36.3504)	(34, 36.3387)	(35, 36.3295)	(36, 36.3235)	(37, 36.2991)	(38, 36.3032)	(39, 36.2446)	(40, 36.2795)	(41, 36.2962)	(42, 36.2811)	(43, 36.2905)	(44, 36.2556)	(45, 36.259)	(46, 36.263)	(47, 36.2411)	(48, 36.2422)	(49, 36.2442)	(50, 36.2148)	(51, 36.2177)	(52, 36.2217)	(53, 36.1995)	(54, 36.2089)	(55, 36.2062)	(56, 36.1793)	(57, 36.1773)	(58, 36.2017)	(59, 36.1958)	(60, 36.1535)	(61, 36.1837)	(62, 36.1661)	(63, 36.1611)	(64, 36.1175)	(65, 36.1476)	(66, 36.1572)	(67, 36.1652)	(68, 36.1492)	(69, 36.0878)	(70, 36.0484)	(71, 36.07)	(72, 36.0952)	(73, 36.0741)	(74, 36.0836)	(75, 36.0763)	(76, 36.0724)	(77, 36.0445)	(78, 36.0499)	(79, 36.0753)	(80, 36.0616)	(81, 36.076)	(82, 36.0467)	(83, 36.0453)	(84, 36.0358)	(85, 36.0634)	(86, 36.024)	(87, 36.0126)	(88, 35.9845)	(89, 35.887)	(90, 35.9728)	(91, 35.9961)	(92, 35.9903)	(93, 36.0127)	(94, 35.995)	(95, 35.9271)	(96, 35.9383)	(97, 35.9724)	(98, 35.9577)	(99, 35.9397)	(100, 35.9405)	(101, 35.9193)	(102, 35.896)	(103, 35.911)	(104, 35.9089)	(105, 35.913)	(106, 35.9022)	(107, 35.8773)	(108, 35.857)	(109, 35.8764)	(110, 35.832)	(111, 35.8316)	(112, 35.8244)	(113, 35.7585)	(114, 35.6226)	(115, 35.6987)	(116, 35.799)	(117, 35.7484)	(118, 35.7286)	(119, 35.6921)	(120, 35.6148)	(121, 35.6875)	(122, 35.6558)	(123, 35.6084)	(124, 35.6791)	(125, 35.532)	(126, 35.5775)	(127, 35.6417)	(128, 35.5697)	(129, 35.5682)	(130, 35.5603)	(131, 35.5792)	(132, 35.6126)	(133, 35.5756)	(134, 35.4799)	(135, 35.527)	(136, 35.5155)	(137, 35.4687)	(138, 35.3889)	(139, 35.1812)	(140, 35.3964)	(141, 35.4676)	(142, 35.3995)	(143, 35.4172)	(144, 35.3394)	(145, 35.1277)	(146, 35.2074)	(147, 35.3218)	(148, 35.2616)	(149, 35.3364)	(150, 35.2844)
