Sample	0	1	2	3	4	5	6	7	8	9	10	11	12	13	14	15	16	17	18	19	20	21	22	23	24	25	26	27	28	29	30	31	32	33	34	35	36	37	38	39	40	41	42	43	44	45	46	47	48	49	50	51	52	53	54	55	56	57	58	59	60	61	62	63	64	65	66	67	68	69	70	71	72	73	74	75	76	77	78	79	80	81	82	83	84	85	86	87	88	89	90	91	92	93	94	95	96	97	98	99	100	101	102	103	104	105	106	107	108	109	110	111	112	113	114	115	116	117	118	119	120	121	122	123	124	125	126	127	128	129	130	131	132	133	134	135	136	137	138	139	140	141	142	143	144	145	146	147	148	149
SRR18856598	(1, 72.0094)	(2, 42.0392)	(3, 47.452600000000004)	(4, 49.6442)	(5, 42.8478)	(6, 37.3464)	(7, 37.168)	(8, 45.7078)	(9, 44.770900000000005)	(10, 37.872499999999995)	(11, 50.1302)	(12, 46.5984)	(13, 41.5355)	(14, 43.297000000000004)	(15, 44.1971)	(16, 44.3471)	(17, 43.7996)	(18, 43.7281)	(19, 44.1367)	(20, 44.0325)	(21, 44.004)	(22, 44.1545)	(23, 44.209700000000005)	(24, 44.0257)	(25, 44.1998)	(26, 44.176700000000004)	(27, 43.986399999999996)	(28, 44.1824)	(29, 44.1672)	(30, 44.1478)	(31, 44.458999999999996)	(32, 44.1397)	(33, 44.096999999999994)	(34, 44.7825)	(35, 44.47)	(36, 44.1985)	(37, 44.3565)	(38, 44.2077)	(39, 44.1814)	(40, 44.236)	(41, 44.2871)	(42, 44.353300000000004)	(43, 44.4702)	(44, 44.6082)	(45, 44.6199)	(46, 44.6331)	(47, 44.636700000000005)	(48, 44.3283)	(49, 44.8137)	(50, 44.487300000000005)	(51, 44.353500000000004)	(52, 44.782)	(53, 44.5198)	(54, 44.3811)	(55, 44.779)	(56, 44.51)	(57, 44.5197)	(58, 44.717600000000004)	(59, 44.649100000000004)	(60, 44.6511)	(61, 44.7113)	(62, 44.5914)	(63, 44.457)	(64, 44.8973)	(65, 44.6222)	(66, 44.3817)	(67, 44.8279)	(68, 44.6174)	(69, 44.6214)	(70, 44.7033)	(71, 44.6182)	(72, 44.671499999999995)	(73, 44.6788)	(74, 44.656800000000004)	(75, 44.6601)	(76, 44.8088)	(77, 44.685)	(78, 44.4847)	(79, 44.9448)	(80, 44.724399999999996)	(81, 44.7386)	(82, 44.9709)	(83, 44.5855)	(84, 44.6531)	(85, 44.9046)	(86, 44.6529)	(87, 44.5045)	(88, 44.877)	(89, 44.5585)	(90, 44.6641)	(91, 44.6921)	(92, 44.714)	(93, 44.7885)	(94, 44.785399999999996)	(95, 44.8164)	(96, 44.5189)	(97, 44.972699999999996)	(98, 44.6407)	(99, 44.554899999999996)	(100, 44.8268)	(101, 44.6417)	(102, 44.602199999999996)	(103, 44.7835)	(104, 44.678000000000004)	(105, 44.4182)	(106, 44.7382)	(107, 44.6614)	(108, 44.5718)	(109, 44.6264)	(110, 44.751400000000004)	(111, 44.5754)	(112, 44.8913)	(113, 44.5914)	(114, 44.5996)	(115, 45.0849)	(116, 44.6164)	(117, 44.4706)	(118, 44.8752)	(119, 44.5853)	(120, 44.6184)	(121, 44.758199999999995)	(122, 44.7545)	(123, 44.5806)	(124, 44.7695)	(125, 44.832699999999996)	(126, 44.8521)	(127, 44.8738)	(128, 44.709500000000006)	(129, 44.6467)	(130, 45.0025)	(131, 44.6937)	(132, 44.577099999999994)	(133, 44.8924)	(134, 44.7936)	(135, 44.710100000000004)	(136, 44.9525)	(137, 44.7187)	(138, 44.676700000000004)	(139, 44.8746)	(140, 44.8023)	(141, 44.8012)	(142, 44.8654)	(143, 44.8047)	(144, 44.6667)	(145, 45.0542)	(146, 44.947700000000005)	(147, 44.5934)	(148, 45.1327)	(149, 44.926100000000005)	(150, 44.6711)
SRR18856599	(1, 72.7725)	(2, 40.3622)	(3, 46.970800000000004)	(4, 49.2228)	(5, 42.1815)	(6, 37.010799999999996)	(7, 37.2343)	(8, 45.3498)	(9, 44.4988)	(10, 38.0593)	(11, 50.2974)	(12, 46.6426)	(13, 41.6438)	(14, 43.297200000000004)	(15, 44.3515)	(16, 44.406)	(17, 43.8969)	(18, 43.764199999999995)	(19, 44.0726)	(20, 43.9208)	(21, 44.0546)	(22, 44.4985)	(23, 43.924800000000005)	(24, 44.1478)	(25, 44.2725)	(26, 43.9983)	(27, 43.9306)	(28, 44.3846)	(29, 44.1456)	(30, 44.126599999999996)	(31, 44.461800000000004)	(32, 44.2398)	(33, 44.1792)	(34, 44.7137)	(35, 44.2247)	(36, 44.0801)	(37, 44.399100000000004)	(38, 44.135600000000004)	(39, 44.223800000000004)	(40, 44.4526)	(41, 44.2202)	(42, 44.318400000000004)	(43, 44.484)	(44, 44.4366)	(45, 44.419)	(46, 44.822)	(47, 44.5113)	(48, 44.1655)	(49, 44.8104)	(50, 44.393899999999995)	(51, 44.4096)	(52, 44.7684)	(53, 44.331199999999995)	(54, 44.4752)	(55, 44.8365)	(56, 44.420300000000005)	(57, 44.440000000000005)	(58, 44.8799)	(59, 44.658500000000004)	(60, 44.589600000000004)	(61, 44.893699999999995)	(62, 44.5049)	(63, 44.4694)	(64, 44.756099999999996)	(65, 44.5193)	(66, 44.3758)	(67, 44.9778)	(68, 44.7686)	(69, 44.5508)	(70, 44.7827)	(71, 44.5263)	(72, 44.6118)	(73, 44.7868)	(74, 44.6651)	(75, 44.5859)	(76, 45.0198)	(77, 44.6544)	(78, 44.499)	(79, 44.933099999999996)	(80, 44.7048)	(81, 44.7419)	(82, 44.9054)	(83, 44.7459)	(84, 44.8357)	(85, 44.8249)	(86, 44.6445)	(87, 44.663399999999996)	(88, 45.067800000000005)	(89, 44.637100000000004)	(90, 44.7326)	(91, 45.0026)	(92, 44.7388)	(93, 44.945299999999996)	(94, 45.0145)	(95, 44.8218)	(96, 44.4975)	(97, 45.068599999999996)	(98, 44.759)	(99, 44.6349)	(100, 44.859100000000005)	(101, 44.5864)	(102, 44.6475)	(103, 44.8207)	(104, 44.5992)	(105, 44.4288)	(106, 44.879799999999996)	(107, 44.710899999999995)	(108, 44.581700000000005)	(109, 44.8478)	(110, 44.586)	(111, 44.581900000000005)	(112, 44.9448)	(113, 44.622499999999995)	(114, 44.6675)	(115, 45.006)	(116, 44.738)	(117, 44.6158)	(118, 44.9501)	(119, 44.593500000000006)	(120, 44.6005)	(121, 44.7611)	(122, 44.7179)	(123, 44.4677)	(124, 44.806400000000004)	(125, 44.7447)	(126, 44.8299)	(127, 44.9291)	(128, 44.703199999999995)	(129, 44.6126)	(130, 44.9701)	(131, 44.7071)	(132, 44.6896)	(133, 44.9842)	(134, 44.8425)	(135, 44.7936)	(136, 44.9848)	(137, 44.9853)	(138, 44.810100000000006)	(139, 45.1056)	(140, 44.7449)	(141, 44.707)	(142, 45.021899999999995)	(143, 44.7361)	(144, 44.8155)	(145, 45.0617)	(146, 44.8815)	(147, 44.6772)	(148, 45.199099999999994)	(149, 44.918400000000005)	(150, 44.6965)
SRR18856600	(1, 71.9152)	(2, 40.9591)	(3, 46.5365)	(4, 48.891400000000004)	(5, 42.2504)	(6, 36.9052)	(7, 37.153999999999996)	(8, 45.8161)	(9, 44.8262)	(10, 37.801)	(11, 50.280499999999996)	(12, 46.545500000000004)	(13, 41.3515)	(14, 43.1487)	(15, 44.1142)	(16, 44.161699999999996)	(17, 43.7381)	(18, 43.5753)	(19, 43.9233)	(20, 43.849700000000006)	(21, 43.8392)	(22, 44.0803)	(23, 43.9691)	(24, 43.8813)	(25, 44.0367)	(26, 43.979600000000005)	(27, 43.8072)	(28, 44.0779)	(29, 43.9812)	(30, 43.9916)	(31, 44.291799999999995)	(32, 44.0094)	(33, 43.9568)	(34, 44.5516)	(35, 44.3039)	(36, 44.0009)	(37, 44.1446)	(38, 44.1117)	(39, 44.0662)	(40, 44.1464)	(41, 44.121)	(42, 44.2232)	(43, 44.333099999999995)	(44, 44.4641)	(45, 44.428200000000004)	(46, 44.5094)	(47, 44.4173)	(48, 44.1409)	(49, 44.6117)	(50, 44.3795)	(51, 44.2411)	(52, 44.6582)	(53, 44.3942)	(54, 44.2929)	(55, 44.6809)	(56, 44.3956)	(57, 44.4026)	(58, 44.608)	(59, 44.5351)	(60, 44.4995)	(61, 44.6331)	(62, 44.4499)	(63, 44.363)	(64, 44.748)	(65, 44.4433)	(66, 44.301899999999996)	(67, 44.695299999999996)	(68, 44.5826)	(69, 44.4823)	(70, 44.6658)	(71, 44.461099999999995)	(72, 44.5381)	(73, 44.5539)	(74, 44.5055)	(75, 44.5154)	(76, 44.7057)	(77, 44.5251)	(78, 44.424)	(79, 44.866299999999995)	(80, 44.568799999999996)	(81, 44.611200000000004)	(82, 44.864)	(83, 44.5108)	(84, 44.5599)	(85, 44.7682)	(86, 44.5578)	(87, 44.4154)	(88, 44.8155)	(89, 44.451299999999996)	(90, 44.5976)	(91, 44.6387)	(92, 44.6746)	(93, 44.6512)	(94, 44.757999999999996)	(95, 44.7076)	(96, 44.428)	(97, 44.874900000000004)	(98, 44.587700000000005)	(99, 44.4799)	(100, 44.707)	(101, 44.5641)	(102, 44.5353)	(103, 44.6929)	(104, 44.5558)	(105, 44.3777)	(106, 44.712)	(107, 44.5855)	(108, 44.4767)	(109, 44.6316)	(110, 44.638099999999994)	(111, 44.5513)	(112, 44.8765)	(113, 44.5395)	(114, 44.487500000000004)	(115, 44.9721)	(116, 44.594)	(117, 44.4635)	(118, 44.8497)	(119, 44.5461)	(120, 44.5886)	(121, 44.7181)	(122, 44.712)	(123, 44.5156)	(124, 44.7614)	(125, 44.784600000000005)	(126, 44.7879)	(127, 44.8565)	(128, 44.6633)	(129, 44.5491)	(130, 44.9296)	(131, 44.6243)	(132, 44.5417)	(133, 44.803)	(134, 44.7434)	(135, 44.6257)	(136, 44.9193)	(137, 44.6969)	(138, 44.622099999999996)	(139, 44.858599999999996)	(140, 44.7312)	(141, 44.699600000000004)	(142, 44.8037)	(143, 44.715500000000006)	(144, 44.6183)	(145, 44.958999999999996)	(146, 44.8992)	(147, 44.5432)	(148, 45.0139)	(149, 44.886900000000004)	(150, 44.5965)
SRR18856601	(1, 73.1382)	(2, 39.0762)	(3, 46.3632)	(4, 48.7663)	(5, 41.775)	(6, 36.5815)	(7, 36.8676)	(8, 44.6913)	(9, 44.015100000000004)	(10, 37.6382)	(11, 49.9774)	(12, 46.4551)	(13, 41.4654)	(14, 43.210300000000004)	(15, 44.2417)	(16, 44.2468)	(17, 43.538199999999996)	(18, 43.446200000000005)	(19, 43.8666)	(20, 43.7158)	(21, 43.8434)	(22, 44.0854)	(23, 43.9498)	(24, 43.8558)	(25, 44.0988)	(26, 43.9009)	(27, 43.8208)	(28, 44.1061)	(29, 43.8858)	(30, 44.0358)	(31, 44.2698)	(32, 43.9971)	(33, 43.9631)	(34, 44.4951)	(35, 44.1251)	(36, 44.0679)	(37, 44.172200000000004)	(38, 43.9756)	(39, 43.9748)	(40, 44.1262)	(41, 43.966100000000004)	(42, 44.2098)	(43, 44.3729)	(44, 44.2977)	(45, 44.4688)	(46, 44.4971)	(47, 44.3853)	(48, 44.1608)	(49, 44.643699999999995)	(50, 44.2911)	(51, 44.2016)	(52, 44.6481)	(53, 44.270700000000005)	(54, 44.216100000000004)	(55, 44.7239)	(56, 44.2419)	(57, 44.3563)	(58, 44.5834)	(59, 44.3947)	(60, 44.4721)	(61, 44.5985)	(62, 44.3538)	(63, 44.3373)	(64, 44.6725)	(65, 44.3286)	(66, 44.2224)	(67, 44.687)	(68, 44.4191)	(69, 44.4765)	(70, 44.6944)	(71, 44.3808)	(72, 44.5315)	(73, 44.609500000000004)	(74, 44.4025)	(75, 44.4889)	(76, 44.745400000000004)	(77, 44.399499999999996)	(78, 44.385400000000004)	(79, 44.8911)	(80, 44.5509)	(81, 44.6265)	(82, 44.8501)	(83, 44.4039)	(84, 44.5638)	(85, 44.7884)	(86, 44.4538)	(87, 44.4544)	(88, 44.798500000000004)	(89, 44.3433)	(90, 44.6008)	(91, 44.6518)	(92, 44.5962)	(93, 44.6579)	(94, 44.7544)	(95, 44.6847)	(96, 44.431599999999996)	(97, 44.8912)	(98, 44.4584)	(99, 44.4911)	(100, 44.7312)	(101, 44.4365)	(102, 44.5918)	(103, 44.6909)	(104, 44.4977)	(105, 44.3464)	(106, 44.7432)	(107, 44.4301)	(108, 44.49)	(109, 44.5648)	(110, 44.5335)	(111, 44.465700000000005)	(112, 44.8614)	(113, 44.5443)	(114, 44.5173)	(115, 44.935399999999994)	(116, 44.4619)	(117, 44.4749)	(118, 44.845400000000005)	(119, 44.4923)	(120, 44.5165)	(121, 44.6957)	(122, 44.6556)	(123, 44.5599)	(124, 44.8693)	(125, 44.6864)	(126, 44.784600000000005)	(127, 44.893100000000004)	(128, 44.5835)	(129, 44.595800000000004)	(130, 44.866299999999995)	(131, 44.601600000000005)	(132, 44.5231)	(133, 44.8444)	(134, 44.6331)	(135, 44.6267)	(136, 44.9843)	(137, 44.65)	(138, 44.5884)	(139, 44.820100000000004)	(140, 44.5289)	(141, 44.628)	(142, 44.730199999999996)	(143, 44.6345)	(144, 44.5141)	(145, 44.9268)	(146, 44.7506)	(147, 44.5419)	(148, 45.0117)	(149, 44.662800000000004)	(150, 44.6119)
SRR18856602	(1, 73.1818)	(2, 38.5992)	(3, 46.145599999999995)	(4, 48.512899999999995)	(5, 41.5192)	(6, 36.2941)	(7, 36.6579)	(8, 44.580799999999996)	(9, 43.898199999999996)	(10, 37.4845)	(11, 49.965199999999996)	(12, 46.4181)	(13, 41.3026)	(14, 43.1177)	(15, 44.168)	(16, 44.0693)	(17, 43.3915)	(18, 43.3024)	(19, 43.7005)	(20, 43.560300000000005)	(21, 43.7033)	(22, 43.9518)	(23, 43.7703)	(24, 43.7498)	(25, 43.9147)	(26, 43.748799999999996)	(27, 43.661100000000005)	(28, 43.9981)	(29, 43.7354)	(30, 43.9081)	(31, 44.1377)	(32, 43.856)	(33, 43.8305)	(34, 44.4139)	(35, 44.0006)	(36, 43.8983)	(37, 44.011)	(38, 43.872)	(39, 43.8141)	(40, 43.9563)	(41, 43.7895)	(42, 44.0433)	(43, 44.169399999999996)	(44, 44.1629)	(45, 44.3508)	(46, 44.3299)	(47, 44.2394)	(48, 44.0094)	(49, 44.4681)	(50, 44.1004)	(51, 44.101)	(52, 44.5194)	(53, 44.1111)	(54, 44.060300000000005)	(55, 44.618900000000004)	(56, 44.1164)	(57, 44.198100000000004)	(58, 44.398900000000005)	(59, 44.2235)	(60, 44.3488)	(61, 44.4176)	(62, 44.197399999999995)	(63, 44.168)	(64, 44.4963)	(65, 44.1137)	(66, 44.0785)	(67, 44.533699999999996)	(68, 44.224999999999994)	(69, 44.3301)	(70, 44.5121)	(71, 44.181)	(72, 44.3502)	(73, 44.4446)	(74, 44.2334)	(75, 44.3638)	(76, 44.5451)	(77, 44.2199)	(78, 44.216699999999996)	(79, 44.6934)	(80, 44.378099999999996)	(81, 44.4844)	(82, 44.6532)	(83, 44.1973)	(84, 44.391799999999996)	(85, 44.594899999999996)	(86, 44.2401)	(87, 44.271)	(88, 44.611000000000004)	(89, 44.1455)	(90, 44.4017)	(91, 44.4363)	(92, 44.392399999999995)	(93, 44.4856)	(94, 44.5421)	(95, 44.4716)	(96, 44.295899999999996)	(97, 44.6888)	(98, 44.254)	(99, 44.2845)	(100, 44.5102)	(101, 44.2758)	(102, 44.3718)	(103, 44.5021)	(104, 44.3167)	(105, 44.146800000000006)	(106, 44.5171)	(107, 44.2716)	(108, 44.291000000000004)	(109, 44.3601)	(110, 44.332100000000004)	(111, 44.298500000000004)	(112, 44.6404)	(113, 44.318000000000005)	(114, 44.305099999999996)	(115, 44.7727)	(116, 44.1932)	(117, 44.2533)	(118, 44.6141)	(119, 44.283699999999996)	(120, 44.2931)	(121, 44.4894)	(122, 44.4596)	(123, 44.338899999999995)	(124, 44.5876)	(125, 44.4761)	(126, 44.56)	(127, 44.6769)	(128, 44.3786)	(129, 44.3945)	(130, 44.6488)	(131, 44.394099999999995)	(132, 44.3187)	(133, 44.6114)	(134, 44.4527)	(135, 44.3656)	(136, 44.7196)	(137, 44.3677)	(138, 44.2995)	(139, 44.5629)	(140, 44.2706)	(141, 44.431599999999996)	(142, 44.4612)	(143, 44.4176)	(144, 44.3191)	(145, 44.6872)	(146, 44.5707)	(147, 44.3257)	(148, 44.7827)	(149, 44.4071)	(150, 44.407000000000004)
SRR18856603	(1, 71.82300000000001)	(2, 38.1414)	(3, 44.8441)	(4, 48.0312)	(5, 41.3413)	(6, 36.2224)	(7, 36.7087)	(8, 44.8065)	(9, 43.9548)	(10, 37.3865)	(11, 49.8945)	(12, 46.240700000000004)	(13, 41.1288)	(14, 42.9336)	(15, 43.9754)	(16, 43.8821)	(17, 43.3331)	(18, 43.1933)	(19, 43.599900000000005)	(20, 43.4803)	(21, 43.5274)	(22, 43.8664)	(23, 43.613800000000005)	(24, 43.588)	(25, 43.8084)	(26, 43.6701)	(27, 43.5371)	(28, 43.87)	(29, 43.6008)	(30, 43.7119)	(31, 43.9859)	(32, 43.7087)	(33, 43.6918)	(34, 44.1872)	(35, 43.8473)	(36, 43.684200000000004)	(37, 43.8895)	(38, 43.7282)	(39, 43.6866)	(40, 43.886199999999995)	(41, 43.7344)	(42, 43.9165)	(43, 43.989200000000004)	(44, 44.0078)	(45, 44.07)	(46, 44.2054)	(47, 44.0302)	(48, 43.8755)	(49, 44.254)	(50, 43.9311)	(51, 43.849199999999996)	(52, 44.3474)	(53, 43.967800000000004)	(54, 43.9099)	(55, 44.4169)	(56, 43.9417)	(57, 43.9967)	(58, 44.2233)	(59, 44.1108)	(60, 44.0594)	(61, 44.24)	(62, 44.0832)	(63, 44.026399999999995)	(64, 44.313399999999994)	(65, 43.9454)	(66, 43.9517)	(67, 44.325199999999995)	(68, 44.1046)	(69, 44.1344)	(70, 44.3608)	(71, 44.0818)	(72, 44.1899)	(73, 44.292500000000004)	(74, 44.094699999999996)	(75, 44.1572)	(76, 44.366)	(77, 44.0366)	(78, 44.0194)	(79, 44.481300000000005)	(80, 44.218)	(81, 44.264399999999995)	(82, 44.4433)	(83, 44.0905)	(84, 44.1884)	(85, 44.4287)	(86, 44.1158)	(87, 44.074799999999996)	(88, 44.3844)	(89, 44.0867)	(90, 44.211800000000004)	(91, 44.2952)	(92, 44.229600000000005)	(93, 44.242399999999996)	(94, 44.3616)	(95, 44.2147)	(96, 44.116)	(97, 44.4486)	(98, 44.0868)	(99, 44.0587)	(100, 44.339800000000004)	(101, 44.108999999999995)	(102, 44.187)	(103, 44.3067)	(104, 44.1012)	(105, 43.9507)	(106, 44.3613)	(107, 44.1237)	(108, 44.070100000000004)	(109, 44.2756)	(110, 44.1303)	(111, 44.0779)	(112, 44.4227)	(113, 44.167699999999996)	(114, 44.112899999999996)	(115, 44.5113)	(116, 44.0445)	(117, 44.0852)	(118, 44.3998)	(119, 44.1141)	(120, 44.128299999999996)	(121, 44.3368)	(122, 44.2658)	(123, 44.144)	(124, 44.4319)	(125, 44.276900000000005)	(126, 44.377100000000006)	(127, 44.4494)	(128, 44.192)	(129, 44.1889)	(130, 44.4383)	(131, 44.144299999999994)	(132, 44.1262)	(133, 44.405899999999995)	(134, 44.195)	(135, 44.1858)	(136, 44.4627)	(137, 44.1761)	(138, 44.137100000000004)	(139, 44.4187)	(140, 44.1734)	(141, 44.2177)	(142, 44.3135)	(143, 44.2276)	(144, 44.1346)	(145, 44.4511)	(146, 44.3441)	(147, 44.0703)	(148, 44.5426)	(149, 44.2444)	(150, 44.1678)
SRR18856604	(1, 71.8795)	(2, 41.9331)	(3, 47.0839)	(4, 49.3531)	(5, 42.3788)	(6, 36.9917)	(7, 36.9748)	(8, 45.522)	(9, 44.6607)	(10, 37.742599999999996)	(11, 50.063100000000006)	(12, 46.4902)	(13, 41.3949)	(14, 43.1462)	(15, 44.1117)	(16, 44.1027)	(17, 43.6026)	(18, 43.4203)	(19, 43.8313)	(20, 43.7989)	(21, 43.7615)	(22, 44.0313)	(23, 43.952400000000004)	(24, 43.8127)	(25, 43.9668)	(26, 43.8966)	(27, 43.7612)	(28, 44.0062)	(29, 43.9083)	(30, 43.939499999999995)	(31, 44.1896)	(32, 43.9219)	(33, 43.9026)	(34, 44.4272)	(35, 44.1952)	(36, 43.9953)	(37, 44.0868)	(38, 43.9509)	(39, 43.9088)	(40, 44.087900000000005)	(41, 43.9899)	(42, 44.0575)	(43, 44.2669)	(44, 44.2631)	(45, 44.3076)	(46, 44.392199999999995)	(47, 44.2952)	(48, 44.0265)	(49, 44.4841)	(50, 44.2058)	(51, 44.0874)	(52, 44.465700000000005)	(53, 44.2604)	(54, 44.100699999999996)	(55, 44.5653)	(56, 44.2499)	(57, 44.2855)	(58, 44.4429)	(59, 44.3769)	(60, 44.333099999999995)	(61, 44.446600000000004)	(62, 44.3132)	(63, 44.1353)	(64, 44.5385)	(65, 44.2674)	(66, 44.1242)	(67, 44.536300000000004)	(68, 44.3699)	(69, 44.3044)	(70, 44.508399999999995)	(71, 44.3099)	(72, 44.4079)	(73, 44.4014)	(74, 44.359)	(75, 44.3077)	(76, 44.499)	(77, 44.294)	(78, 44.1942)	(79, 44.649)	(80, 44.481)	(81, 44.4433)	(82, 44.7063)	(83, 44.3093)	(84, 44.392700000000005)	(85, 44.5646)	(86, 44.397999999999996)	(87, 44.2478)	(88, 44.595800000000004)	(89, 44.3174)	(90, 44.4101)	(91, 44.4577)	(92, 44.4594)	(93, 44.4638)	(94, 44.5905)	(95, 44.567299999999996)	(96, 44.282)	(97, 44.6927)	(98, 44.3923)	(99, 44.3263)	(100, 44.6025)	(101, 44.3356)	(102, 44.427299999999995)	(103, 44.5353)	(104, 44.4173)	(105, 44.1958)	(106, 44.5294)	(107, 44.413399999999996)	(108, 44.3154)	(109, 44.4135)	(110, 44.3977)	(111, 44.2986)	(112, 44.7031)	(113, 44.404700000000005)	(114, 44.3501)	(115, 44.8154)	(116, 44.3438)	(117, 44.3091)	(118, 44.6414)	(119, 44.3919)	(120, 44.3074)	(121, 44.5186)	(122, 44.5426)	(123, 44.4088)	(124, 44.6475)	(125, 44.5345)	(126, 44.5777)	(127, 44.6546)	(128, 44.4552)	(129, 44.4151)	(130, 44.6716)	(131, 44.4595)	(132, 44.360699999999994)	(133, 44.6541)	(134, 44.5343)	(135, 44.467800000000004)	(136, 44.7113)	(137, 44.5136)	(138, 44.412)	(139, 44.6291)	(140, 44.472899999999996)	(141, 44.4226)	(142, 44.5657)	(143, 44.5359)	(144, 44.3296)	(145, 44.7403)	(146, 44.6337)	(147, 44.3446)	(148, 44.8176)	(149, 44.5525)	(150, 44.422200000000004)
SRR18856605	(1, 72.3765)	(2, 40.488800000000005)	(3, 46.7226)	(4, 48.9962)	(5, 41.9703)	(6, 36.7308)	(7, 36.8701)	(8, 45.1745)	(9, 44.4814)	(10, 37.6436)	(11, 50.01520000000001)	(12, 46.454699999999995)	(13, 41.4033)	(14, 43.1358)	(15, 44.1612)	(16, 44.1235)	(17, 43.5253)	(18, 43.4371)	(19, 43.8305)	(20, 43.7204)	(21, 43.748799999999996)	(22, 43.9833)	(23, 43.8796)	(24, 43.785000000000004)	(25, 43.9677)	(26, 43.8316)	(27, 43.7269)	(28, 43.9985)	(29, 43.877300000000005)	(30, 43.9035)	(31, 44.1733)	(32, 43.865300000000005)	(33, 43.8454)	(34, 44.3866)	(35, 44.119)	(36, 43.9542)	(37, 44.032199999999996)	(38, 43.9193)	(39, 43.841499999999996)	(40, 44.040400000000005)	(41, 43.8976)	(42, 44.061699999999995)	(43, 44.223)	(44, 44.227199999999996)	(45, 44.2981)	(46, 44.3365)	(47, 44.2618)	(48, 44.0143)	(49, 44.4711)	(50, 44.1586)	(51, 44.0683)	(52, 44.467600000000004)	(53, 44.1732)	(54, 44.069599999999994)	(55, 44.5198)	(56, 44.1511)	(57, 44.2534)	(58, 44.4175)	(59, 44.2761)	(60, 44.2931)	(61, 44.4187)	(62, 44.237500000000004)	(63, 44.1353)	(64, 44.5013)	(65, 44.1852)	(66, 44.0736)	(67, 44.4946)	(68, 44.2538)	(69, 44.256299999999996)	(70, 44.4639)	(71, 44.2629)	(72, 44.376)	(73, 44.380900000000004)	(74, 44.2879)	(75, 44.2881)	(76, 44.4762)	(77, 44.2522)	(78, 44.1791)	(79, 44.6175)	(80, 44.3764)	(81, 44.4152)	(82, 44.6785)	(83, 44.2422)	(84, 44.3733)	(85, 44.5586)	(86, 44.2929)	(87, 44.2261)	(88, 44.555099999999996)	(89, 44.2459)	(90, 44.3577)	(91, 44.4506)	(92, 44.4025)	(93, 44.445)	(94, 44.5628)	(95, 44.474799999999995)	(96, 44.2472)	(97, 44.6597)	(98, 44.3027)	(99, 44.2733)	(100, 44.5319)	(101, 44.2585)	(102, 44.3643)	(103, 44.4932)	(104, 44.3265)	(105, 44.1539)	(106, 44.4966)	(107, 44.285999999999994)	(108, 44.2823)	(109, 44.3411)	(110, 44.3356)	(111, 44.2448)	(112, 44.6208)	(113, 44.3033)	(114, 44.3129)	(115, 44.7535)	(116, 44.2621)	(117, 44.252)	(118, 44.620599999999996)	(119, 44.2706)	(120, 44.2593)	(121, 44.4585)	(122, 44.4384)	(123, 44.3214)	(124, 44.5964)	(125, 44.4653)	(126, 44.5403)	(127, 44.6098)	(128, 44.378299999999996)	(129, 44.326)	(130, 44.6323)	(131, 44.3954)	(132, 44.3029)	(133, 44.582100000000004)	(134, 44.4938)	(135, 44.3902)	(136, 44.7093)	(137, 44.4132)	(138, 44.3401)	(139, 44.608)	(140, 44.373400000000004)	(141, 44.3958)	(142, 44.4975)	(143, 44.4749)	(144, 44.3138)	(145, 44.7123)	(146, 44.5665)	(147, 44.3289)	(148, 44.7822)	(149, 44.468)	(150, 44.372)
SRR18856606	(1, 72.3279)	(2, 41.8188)	(3, 47.6074)	(4, 49.4994)	(5, 42.464600000000004)	(6, 37.0475)	(7, 36.9808)	(8, 45.2196)	(9, 44.3947)	(10, 37.5645)	(11, 49.8016)	(12, 46.325)	(13, 41.306599999999996)	(14, 43.0456)	(15, 43.998599999999996)	(16, 44.0591)	(17, 43.552099999999996)	(18, 43.4064)	(19, 43.8119)	(20, 43.7687)	(21, 43.6905)	(22, 43.9386)	(23, 43.9237)	(24, 43.6947)	(25, 43.961)	(26, 43.8626)	(27, 43.6987)	(28, 43.971199999999996)	(29, 43.844699999999996)	(30, 43.8937)	(31, 44.156099999999995)	(32, 43.8697)	(33, 43.8272)	(34, 44.3636)	(35, 44.168600000000005)	(36, 43.9932)	(37, 44.0298)	(38, 43.9588)	(39, 43.8473)	(40, 44.0056)	(41, 43.9405)	(42, 44.0632)	(43, 44.2466)	(44, 44.276700000000005)	(45, 44.3393)	(46, 44.3536)	(47, 44.2763)	(48, 43.9865)	(49, 44.499300000000005)	(50, 44.217099999999995)	(51, 44.0531)	(52, 44.4692)	(53, 44.2124)	(54, 44.068000000000005)	(55, 44.513200000000005)	(56, 44.2054)	(57, 44.263799999999996)	(58, 44.426100000000005)	(59, 44.333099999999995)	(60, 44.3674)	(61, 44.4185)	(62, 44.278)	(63, 44.1397)	(64, 44.5514)	(65, 44.2381)	(66, 44.101600000000005)	(67, 44.5223)	(68, 44.3029)	(69, 44.3214)	(70, 44.5103)	(71, 44.2856)	(72, 44.399)	(73, 44.413799999999995)	(74, 44.3454)	(75, 44.3643)	(76, 44.556400000000004)	(77, 44.32)	(78, 44.2026)	(79, 44.6633)	(80, 44.472899999999996)	(81, 44.4967)	(82, 44.6928)	(83, 44.3025)	(84, 44.3938)	(85, 44.6229)	(86, 44.3763)	(87, 44.2973)	(88, 44.624)	(89, 44.329299999999996)	(90, 44.4062)	(91, 44.463)	(92, 44.4702)	(93, 44.520900000000005)	(94, 44.5774)	(95, 44.606899999999996)	(96, 44.3015)	(97, 44.725)	(98, 44.406)	(99, 44.3014)	(100, 44.622099999999996)	(101, 44.3357)	(102, 44.4307)	(103, 44.565)	(104, 44.447900000000004)	(105, 44.1783)	(106, 44.548)	(107, 44.3534)	(108, 44.3306)	(109, 44.3914)	(110, 44.427699999999994)	(111, 44.2783)	(112, 44.7029)	(113, 44.4083)	(114, 44.3636)	(115, 44.86)	(116, 44.3579)	(117, 44.304300000000005)	(118, 44.6676)	(119, 44.3728)	(120, 44.3278)	(121, 44.5253)	(122, 44.5561)	(123, 44.3851)	(124, 44.6239)	(125, 44.5964)	(126, 44.6171)	(127, 44.6929)	(128, 44.4881)	(129, 44.4167)	(130, 44.6866)	(131, 44.5038)	(132, 44.358399999999996)	(133, 44.6342)	(134, 44.576)	(135, 44.4766)	(136, 44.8211)	(137, 44.536500000000004)	(138, 44.4139)	(139, 44.633)	(140, 44.461600000000004)	(141, 44.467600000000004)	(142, 44.5811)	(143, 44.5306)	(144, 44.3364)	(145, 44.7905)	(146, 44.6667)	(147, 44.3985)	(148, 44.9072)	(149, 44.5643)	(150, 44.4195)
SRR18856607	(1, 72.63730000000001)	(2, 41.6)	(3, 47.7905)	(4, 49.2518)	(5, 42.404399999999995)	(6, 37.1495)	(7, 37.2615)	(8, 45.4175)	(9, 44.5529)	(10, 37.6586)	(11, 49.988899999999994)	(12, 46.4901)	(13, 41.4324)	(14, 43.1306)	(15, 44.0902)	(16, 44.1734)	(17, 43.680400000000006)	(18, 43.6296)	(19, 43.9888)	(20, 43.870599999999996)	(21, 43.905699999999996)	(22, 44.1265)	(23, 44.0592)	(24, 43.917899999999996)	(25, 44.0758)	(26, 43.9917)	(27, 43.871900000000004)	(28, 44.0998)	(29, 43.9968)	(30, 44.0439)	(31, 44.307)	(32, 44.0241)	(33, 43.980399999999996)	(34, 44.5775)	(35, 44.3835)	(36, 44.103300000000004)	(37, 44.210300000000004)	(38, 44.1435)	(39, 44.0847)	(40, 44.1235)	(41, 44.1515)	(42, 44.297399999999996)	(43, 44.4155)	(44, 44.5203)	(45, 44.5316)	(46, 44.6068)	(47, 44.585)	(48, 44.2479)	(49, 44.7734)	(50, 44.5095)	(51, 44.3696)	(52, 44.745200000000004)	(53, 44.4571)	(54, 44.3844)	(55, 44.7965)	(56, 44.4625)	(57, 44.540600000000005)	(58, 44.7295)	(59, 44.601)	(60, 44.6123)	(61, 44.7359)	(62, 44.4988)	(63, 44.4413)	(64, 44.8161)	(65, 44.5415)	(66, 44.3429)	(67, 44.8033)	(68, 44.666)	(69, 44.5567)	(70, 44.752199999999995)	(71, 44.5848)	(72, 44.6209)	(73, 44.725)	(74, 44.5768)	(75, 44.5963)	(76, 44.8849)	(77, 44.6156)	(78, 44.4757)	(79, 44.953900000000004)	(80, 44.6602)	(81, 44.7337)	(82, 44.9323)	(83, 44.574799999999996)	(84, 44.6737)	(85, 44.8102)	(86, 44.6327)	(87, 44.512800000000006)	(88, 44.9094)	(89, 44.5424)	(90, 44.695499999999996)	(91, 44.729200000000006)	(92, 44.7052)	(93, 44.792)	(94, 44.873200000000004)	(95, 44.8244)	(96, 44.5272)	(97, 44.9975)	(98, 44.6542)	(99, 44.6015)	(100, 44.813900000000004)	(101, 44.6875)	(102, 44.6662)	(103, 44.8361)	(104, 44.631)	(105, 44.4726)	(106, 44.7992)	(107, 44.641)	(108, 44.6126)	(109, 44.6983)	(110, 44.7658)	(111, 44.6002)	(112, 44.9274)	(113, 44.6434)	(114, 44.6096)	(115, 45.0864)	(116, 44.6552)	(117, 44.561499999999995)	(118, 44.933499999999995)	(119, 44.6029)	(120, 44.6742)	(121, 44.8038)	(122, 44.7953)	(123, 44.616299999999995)	(124, 44.8717)	(125, 44.8237)	(126, 44.8715)	(127, 44.928000000000004)	(128, 44.7002)	(129, 44.6413)	(130, 45.0213)	(131, 44.7614)	(132, 44.6276)	(133, 44.946000000000005)	(134, 44.8194)	(135, 44.7811)	(136, 45.008199999999995)	(137, 44.7877)	(138, 44.7331)	(139, 44.945299999999996)	(140, 44.846599999999995)	(141, 44.7994)	(142, 44.8893)	(143, 44.8094)	(144, 44.7121)	(145, 45.102199999999996)	(146, 45.0098)	(147, 44.5563)	(148, 45.1498)	(149, 44.9752)	(150, 44.72)
SRR18856608	(1, 72.6544)	(2, 41.1986)	(3, 47.605399999999996)	(4, 49.404199999999996)	(5, 42.169000000000004)	(6, 37.0157)	(7, 37.149300000000004)	(8, 45.1452)	(9, 44.4576)	(10, 37.6399)	(11, 50.00790000000001)	(12, 46.5321)	(13, 41.4703)	(14, 43.2542)	(15, 44.197199999999995)	(16, 44.2689)	(17, 43.7283)	(18, 43.65)	(19, 43.9882)	(20, 43.9219)	(21, 43.944)	(22, 44.1776)	(23, 44.0588)	(24, 43.9174)	(25, 44.1569)	(26, 44.0203)	(27, 43.8159)	(28, 44.1806)	(29, 44.0229)	(30, 44.0573)	(31, 44.343199999999996)	(32, 44.0469)	(33, 44.038199999999996)	(34, 44.5852)	(35, 44.3613)	(36, 44.1439)	(37, 44.236799999999995)	(38, 44.12)	(39, 44.0691)	(40, 44.2095)	(41, 44.1361)	(42, 44.2517)	(43, 44.399)	(44, 44.4311)	(45, 44.5463)	(46, 44.6259)	(47, 44.4811)	(48, 44.2588)	(49, 44.710699999999996)	(50, 44.3747)	(51, 44.3215)	(52, 44.742399999999996)	(53, 44.3375)	(54, 44.3503)	(55, 44.7478)	(56, 44.3322)	(57, 44.4489)	(58, 44.6493)	(59, 44.5155)	(60, 44.5644)	(61, 44.6946)	(62, 44.4628)	(63, 44.437)	(64, 44.7699)	(65, 44.4582)	(66, 44.3374)	(67, 44.7285)	(68, 44.5628)	(69, 44.576100000000004)	(70, 44.8029)	(71, 44.536300000000004)	(72, 44.59)	(73, 44.709199999999996)	(74, 44.5457)	(75, 44.6123)	(76, 44.817)	(77, 44.5662)	(78, 44.4847)	(79, 44.951299999999996)	(80, 44.6361)	(81, 44.714999999999996)	(82, 44.8775)	(83, 44.5677)	(84, 44.6329)	(85, 44.8251)	(86, 44.5884)	(87, 44.506)	(88, 44.8863)	(89, 44.500099999999996)	(90, 44.676)	(91, 44.7766)	(92, 44.7036)	(93, 44.7206)	(94, 44.8147)	(95, 44.7457)	(96, 44.5028)	(97, 44.945)	(98, 44.571600000000004)	(99, 44.553599999999996)	(100, 44.784800000000004)	(101, 44.6131)	(102, 44.6328)	(103, 44.7533)	(104, 44.604)	(105, 44.420500000000004)	(106, 44.7567)	(107, 44.587900000000005)	(108, 44.5465)	(109, 44.6864)	(110, 44.7143)	(111, 44.5588)	(112, 44.9093)	(113, 44.6282)	(114, 44.6125)	(115, 44.9894)	(116, 44.610699999999994)	(117, 44.4698)	(118, 44.8992)	(119, 44.5712)	(120, 44.635200000000005)	(121, 44.7612)	(122, 44.7046)	(123, 44.6478)	(124, 44.8471)	(125, 44.7849)	(126, 44.8558)	(127, 44.914)	(128, 44.6663)	(129, 44.6311)	(130, 44.9577)	(131, 44.670300000000005)	(132, 44.5795)	(133, 44.873400000000004)	(134, 44.791199999999996)	(135, 44.716899999999995)	(136, 44.9657)	(137, 44.7138)	(138, 44.7264)	(139, 44.9388)	(140, 44.7485)	(141, 44.7502)	(142, 44.933800000000005)	(143, 44.7762)	(144, 44.717400000000005)	(145, 45.096799999999995)	(146, 44.9422)	(147, 44.5796)	(148, 45.0994)	(149, 44.864399999999996)	(150, 44.6454)
SRR18856609	(1, 72.53960000000001)	(2, 41.0793)	(3, 47.4729)	(4, 49.3674)	(5, 42.1991)	(6, 37.0539)	(7, 37.0386)	(8, 45.2999)	(9, 44.51)	(10, 37.694)	(11, 50.0525)	(12, 46.5046)	(13, 41.4188)	(14, 43.222699999999996)	(15, 44.1991)	(16, 44.3091)	(17, 43.741)	(18, 43.6591)	(19, 44.0155)	(20, 43.9619)	(21, 44.0021)	(22, 44.1726)	(23, 44.0718)	(24, 43.9589)	(25, 44.1143)	(26, 44.069)	(27, 43.8907)	(28, 44.1728)	(29, 44.0325)	(30, 44.1216)	(31, 44.365300000000005)	(32, 44.0871)	(33, 44.0515)	(34, 44.649899999999995)	(35, 44.3735)	(36, 44.1612)	(37, 44.2789)	(38, 44.1475)	(39, 44.156099999999995)	(40, 44.1982)	(41, 44.1476)	(42, 44.3511)	(43, 44.4562)	(44, 44.5386)	(45, 44.6043)	(46, 44.6878)	(47, 44.6062)	(48, 44.2595)	(49, 44.7862)	(50, 44.487500000000004)	(51, 44.3693)	(52, 44.785199999999996)	(53, 44.4555)	(54, 44.3838)	(55, 44.791199999999996)	(56, 44.481700000000004)	(57, 44.5604)	(58, 44.7442)	(59, 44.6399)	(60, 44.685399999999994)	(61, 44.772600000000004)	(62, 44.536)	(63, 44.512299999999996)	(64, 44.851)	(65, 44.529999999999994)	(66, 44.3545)	(67, 44.8151)	(68, 44.658500000000004)	(69, 44.6164)	(70, 44.757400000000004)	(71, 44.582300000000004)	(72, 44.678200000000004)	(73, 44.7221)	(74, 44.610499999999995)	(75, 44.650400000000005)	(76, 44.913)	(77, 44.6463)	(78, 44.5223)	(79, 44.9859)	(80, 44.7446)	(81, 44.805299999999995)	(82, 45.0173)	(83, 44.6141)	(84, 44.7154)	(85, 44.8435)	(86, 44.6473)	(87, 44.5507)	(88, 44.9566)	(89, 44.528400000000005)	(90, 44.7314)	(91, 44.771100000000004)	(92, 44.7558)	(93, 44.8503)	(94, 44.8846)	(95, 44.8658)	(96, 44.5826)	(97, 45.0181)	(98, 44.710699999999996)	(99, 44.612)	(100, 44.8169)	(101, 44.6588)	(102, 44.689800000000005)	(103, 44.8376)	(104, 44.6536)	(105, 44.482699999999994)	(106, 44.8094)	(107, 44.6534)	(108, 44.6606)	(109, 44.755)	(110, 44.7793)	(111, 44.6543)	(112, 44.996399999999994)	(113, 44.6868)	(114, 44.6515)	(115, 45.0985)	(116, 44.6425)	(117, 44.5627)	(118, 44.9846)	(119, 44.6456)	(120, 44.6949)	(121, 44.7982)	(122, 44.786500000000004)	(123, 44.6579)	(124, 44.9165)	(125, 44.8632)	(126, 44.898900000000005)	(127, 44.9854)	(128, 44.7266)	(129, 44.7079)	(130, 45.058)	(131, 44.7605)	(132, 44.663799999999995)	(133, 44.956)	(134, 44.851200000000006)	(135, 44.7956)	(136, 45.0607)	(137, 44.819900000000004)	(138, 44.782)	(139, 44.9839)	(140, 44.8479)	(141, 44.873200000000004)	(142, 44.947199999999995)	(143, 44.833800000000004)	(144, 44.742599999999996)	(145, 45.1055)	(146, 45.048300000000005)	(147, 44.6261)	(148, 45.1984)	(149, 44.9773)	(150, 44.7323)
