Sample	0	1	2	3	4	5	6	7	8	9	10	11	12	13	14	15	16	17	18	19	20	21	22	23	24	25	26	27	28	29	30	31	32	33	34	35	36	37	38	39	40	41	42	43	44	45	46	47	48	49	50	51	52	53	54	55	56	57	58	59	60	61	62	63	64	65	66	67	68	69	70	71	72	73	74	75	76	77	78	79	80	81	82	83	84	85	86	87	88	89	90	91	92	93	94	95	96	97	98	99	100
RNA-Seq_FZX_Fr_C1_R1	(0.0, 0.000244123599563845)	(1.0, 0.0003286279224897914)	(2.0, 0.0004936125529642581)	(3.0, 0.0005700688451353524)	(4.0, 0.00044666570689428785)	(5.0, 0.0003085078456026613)	(6.0, 0.00027899839950153713)	(7.0, 0.00034338264554035347)	(8.0, 0.00042520429154801575)	(9.0, 0.0006237223835010325)	(10.0, 0.000952350305990824)	(11.0, 0.0013440211360602895)	(12.0, 0.002056271857864695)	(13.0, 0.0032205536403999554)	(14.0, 0.004510921238094564)	(15.0, 0.005732880574372931)	(16.0, 0.007771715032268781)	(17.0, 0.011799754425072223)	(18.0, 0.016695639800940545)	(19.0, 0.02217769008345392)	(20.0, 0.028727445779444333)	(21.0, 0.03905441057637864)	(22.0, 0.05491573785573285)	(23.0, 0.07580306034149216)	(24.0, 0.10583160442630424)	(25.0, 0.14586787475477483)	(26.0, 0.19860527895286106)	(27.0, 0.26742264859914167)	(28.0, 0.3495232930063055)	(29.0, 0.4478219406460683)	(30.0, 0.5781289479363367)	(31.0, 0.7599594481191678)	(32.0, 0.9608208583603058)	(33.0, 1.174655694178265)	(34.0, 1.4127030305221968)	(35.0, 1.6572263489468664)	(36.0, 1.9880540665096504)	(37.0, 2.3211647421298944)	(38.0, 2.709652576035816)	(39.0, 3.2097089189577925)	(40.0, 3.7443959382178966)	(41.0, 4.367125731259165)	(42.0, 5.0354489598651275)	(43.0, 5.233671957357133)	(44.0, 5.143984702625063)	(45.0, 5.171698096529395)	(46.0, 5.00342986950695)	(47.0, 4.824940643425841)	(48.0, 4.672891881051339)	(49.0, 4.484694047202961)	(50.0, 4.113640930588967)	(51.0, 3.5956200416837025)	(52.0, 3.122201339221827)	(53.0, 2.6295250405020503)	(54.0, 2.1217372227015794)	(55.0, 1.6602698459106595)	(56.0, 1.3596745558784769)	(57.0, 1.2022403195905205)	(58.0, 1.1158111759757054)	(59.0, 1.0912660235118659)	(60.0, 1.0699843475191186)	(61.0, 1.0151048258017827)	(62.0, 0.8945775172171186)	(63.0, 0.7410210904145419)	(64.0, 0.7716183620060302)	(65.0, 0.8678567137725508)	(66.0, 0.7955464987786643)	(67.0, 0.7099798357930776)	(68.0, 0.6081655400519036)	(69.0, 0.36903171955606684)	(70.0, 0.2171814752735187)	(71.0, 0.15662406785863459)	(72.0, 0.08951690474776003)	(73.0, 0.06760882369459366)	(74.0, 0.06261502061120797)	(75.0, 0.06444192359255937)	(76.0, 0.09223445646598173)	(77.0, 0.2661041128938051)	(78.0, 0.6208478951830912)	(79.0, 0.8916037698532008)	(80.0, 0.8652585411771927)	(81.0, 0.43666737001984335)	(82.0, 0.05676678492934882)	(83.0, 0.006575241126714111)	(84.0, 0.0008034617370260613)	(85.0, 0.00038496413777375563)	(86.0, 0.00027899839950153713)	(87.0, 0.0002105901380852949)	(88.0, 0.0001609606150970407)	(89.0, 0.00016498463047446668)	(90.0, 0.00017303266122931871)	(91.0, 0.00017571533814760273)	(92.0, 0.00014084053820991057)	(93.0, 0.00010060038443565042)	(94.0, 9.791770751736641e-05)	(95.0, 9.389369213994039e-05)	(96.0, 3.755747685597616e-05)	(97.0, 2.6826769182840115e-06)	(98.0, 0.0)	(99.0, 0.0)	(100.0, 0.0)
RNA-Seq_FZX_Fr_C1_R2	(0.0, 5.365451930138168e-06)	(1.0, 1.3413629825345418e-05)	(2.0, 3.2192711580829e-05)	(3.0, 7.511632702193434e-05)	(4.0, 9.523677175995247e-05)	(5.0, 0.00013011220930585056)	(6.0, 0.000207911262292854)	(7.0, 0.00031387893791308283)	(8.0, 0.0004560634140617442)	(9.0, 0.0006787296691624782)	(10.0, 0.0008826168425077285)	(11.0, 0.001136134446206757)	(12.0, 0.0015787842304431558)	(13.0, 0.002032164918539831)	(14.0, 0.00269345686892936)	(15.0, 0.003537174184943587)	(16.0, 0.004737694054312002)	(17.0, 0.006394277337742161)	(18.0, 0.008482779501548443)	(19.0, 0.011307689942766187)	(20.0, 0.015522252433889716)	(21.0, 0.021020499299298806)	(22.0, 0.02848518429710353)	(23.0, 0.03975531607635875)	(24.0, 0.05409180363368793)	(25.0, 0.07386081127028202)	(26.0, 0.10273767355828563)	(27.0, 0.14445942776704002)	(28.0, 0.20018367015047248)	(29.0, 0.2757949601129621)	(30.0, 0.37991557890624084)	(31.0, 0.5165588845740521)	(32.0, 0.6807993922445289)	(33.0, 0.8938118579599619)	(34.0, 1.18013651748582)	(35.0, 1.5180017082525854)	(36.0, 1.9186762206765309)	(37.0, 2.3523107043073153)	(38.0, 2.8044975793495346)	(39.0, 3.278804871336731)	(40.0, 3.8164312029144707)	(41.0, 4.3810538058787)	(42.0, 4.8643227439522105)	(43.0, 5.26587316640375)	(44.0, 5.430923857315678)	(45.0, 5.391858001812342)	(46.0, 5.254454143333434)	(47.0, 5.033943458545633)	(48.0, 4.70695001475231)	(49.0, 4.312688558747863)	(50.0, 3.9885240494847047)	(51.0, 3.7340111544526358)	(52.0, 3.4158385136324596)	(53.0, 3.0604229296022125)	(54.0, 2.7989564088686842)	(55.0, 2.4994662716692493)	(56.0, 2.1179061817464215)	(57.0, 1.8072290772726485)	(58.0, 1.524642796379114)	(59.0, 1.2443971938901022)	(60.0, 1.0411941156659448)	(61.0, 0.8728517199948771)	(62.0, 0.6992109405427981)	(63.0, 0.5668895064047131)	(64.0, 0.5022545897283037)	(65.0, 0.4182088093316369)	(66.0, 0.3146877797915511)	(67.0, 0.23717846120877517)	(68.0, 0.18812884102643457)	(69.0, 0.14840974175060426)	(70.0, 0.12197281872783096)	(71.0, 0.10642642176025563)	(72.0, 0.12357708885494229)	(73.0, 0.5920575000460088)	(74.0, 1.0320768714736572)	(75.0, 0.7855249657429307)	(76.0, 0.44893004572062556)	(77.0, 0.2793509133796611)	(78.0, 0.16345849305165927)	(79.0, 0.09918037892860403)	(80.0, 0.051807462474431604)	(81.0, 0.01632304613446284)	(82.0, 0.0041434702530491994)	(83.0, 0.0019101008871291877)	(84.0, 0.001109307186556066)	(85.0, 0.0008142073303984669)	(86.0, 0.0005660551786295767)	(87.0, 0.00043728433230626066)	(88.0, 0.0004024088947603625)	(89.0, 0.0003393648345812391)	(90.0, 0.0002977825821226683)	(91.0, 0.0002950998561575992)	(92.0, 0.00030851348598294465)	(93.0, 0.0003004653080877374)	(94.0, 0.0003071721230004101)	(95.0, 0.0003179030268606864)	(96.0, 0.00035143710142404995)	(97.0, 0.00044399114721893336)	(98.0, 0.0006358060537213728)	(99.0, 0.000945660902686852)	(100.0, 0.002264220714518307)
RNA-Seq_FZX_Fr_C2_R1	(0.0, 0.0002532183614120258)	(1.0, 0.00028838757827480714)	(2.0, 0.00037513831320300114)	(3.0, 0.00047478442764754835)	(4.0, 0.00040092907223570744)	(5.0, 0.0002825260421310102)	(6.0, 0.00024735682526822887)	(7.0, 0.00025439066864078516)	(8.0, 0.0003645875481441667)	(9.0, 0.0005603628553469829)	(10.0, 0.0008358550541054369)	(11.0, 0.0013633933070471573)	(12.0, 0.0020550545720151906)	(13.0, 0.003127715686330022)	(14.0, 0.004108936836801622)	(15.0, 0.005457090149874907)	(16.0, 0.007929486095328436)	(17.0, 0.01156598311894003)	(18.0, 0.01556472307623827)	(19.0, 0.020646674912910175)	(20.0, 0.028103721195048587)	(21.0, 0.0380624711033595)	(22.0, 0.05260025304720455)	(23.0, 0.07385887233352713)	(24.0, 0.1034291498717537)	(25.0, 0.14280226045686617)	(26.0, 0.19372494185971606)	(27.0, 0.25603776029719205)	(28.0, 0.3369820575213409)	(29.0, 0.43791653761029464)	(30.0, 0.5659629669787665)	(31.0, 0.7433647029852369)	(32.0, 0.9403955512300545)	(33.0, 1.1509266895212649)	(34.0, 1.3874502236885284)	(35.0, 1.6311213150295378)	(36.0, 1.9530028831372293)	(37.0, 2.282706085075203)	(38.0, 2.6784008055345)	(39.0, 3.191669734887761)	(40.0, 3.729776337496747)	(41.0, 4.328463088459103)	(42.0, 4.974142946993507)	(43.0, 5.202813195035311)	(44.0, 5.127677680129666)	(45.0, 5.148001970554668)	(46.0, 5.008799865597321)	(47.0, 4.842520980577319)	(48.0, 4.7070667418303165)	(49.0, 4.552172132308798)	(50.0, 4.1988129428016885)	(51.0, 3.686207539339905)	(52.0, 3.2140209445112875)	(53.0, 2.709669756247199)	(54.0, 2.1862181663049336)	(55.0, 1.7120761630187455)	(56.0, 1.4033455374032768)	(57.0, 1.253063956826926)	(58.0, 1.167711784422642)	(59.0, 1.1362751937762303)	(60.0, 1.1052207752863945)	(61.0, 1.0389818999398033)	(62.0, 0.9113129534989918)	(63.0, 0.7545520308692878)	(64.0, 0.7967269557311351)	(65.0, 0.8928162900436264)	(66.0, 0.7992673454958568)	(67.0, 0.7011346796836379)	(68.0, 0.5933914392100498)	(69.0, 0.355343905645399)	(70.0, 0.19508716285953448)	(71.0, 0.13072866830787336)	(72.0, 0.07990094379055296)	(73.0, 0.06274071057597318)	(74.0, 0.05694951286590185)	(75.0, 0.05780881406458248)	(76.0, 0.07835467055581935)	(77.0, 0.22282746881366763)	(78.0, 0.5327022662844054)	(79.0, 0.7864317536481702)	(80.0, 0.8050773001215882)	(81.0, 0.4253822287203993)	(82.0, 0.05459669225778178)	(83.0, 0.006335148264215681)	(84.0, 0.0009296396324061872)	(85.0, 0.0005146428734253671)	(86.0, 0.0003563813975428511)	(87.0, 0.00026376912647086017)	(88.0, 0.00016177839756879425)	(89.0, 0.00011371380118965973)	(90.0, 0.00010199072890206593)	(91.0, 8.675073492819402e-05)	(92.0, 7.268304818308148e-05)	(93.0, 6.447689758176583e-05)	(94.0, 7.15107409543221e-05)	(95.0, 5.509843975169079e-05)	(96.0, 1.758460843139068e-05)	(97.0, 1.1723072287593787e-06)	(98.0, 1.1723072287593787e-06)	(99.0, 0.0)	(100.0, 3.516921686278136e-06)
RNA-Seq_FZX_Fr_C2_R2	(0.0, 9.378679263202047e-06)	(1.0, 1.992969343430435e-05)	(2.0, 2.93083726975064e-05)	(3.0, 4.337639159230947e-05)	(4.0, 8.206344355301791e-05)	(5.0, 0.0001430248587638312)	(6.0, 0.0002215712975931484)	(7.0, 0.0002708093637249591)	(8.0, 0.00034349412801477496)	(9.0, 0.000568582430331624)	(10.0, 0.0008253237751617801)	(11.0, 0.0010246207095048236)	(12.0, 0.0014466612763489159)	(13.0, 0.002118409178575762)	(14.0, 0.0027784337317236065)	(15.0, 0.0037256803373070134)	(16.0, 0.004886291896128267)	(17.0, 0.006294266120516474)	(18.0, 0.008536942799329664)	(19.0, 0.011627217616554738)	(20.0, 0.015449029416309573)	(21.0, 0.020505309874083374)	(22.0, 0.027377537104194678)	(23.0, 0.03719584195785932)	(24.0, 0.05193326408507344)	(25.0, 0.07272579601159238)	(26.0, 0.10025690898872198)	(27.0, 0.13856060743454704)	(28.0, 0.19115741307749204)	(29.0, 0.26352330227235904)	(30.0, 0.36166180208250526)	(31.0, 0.49271125976213537)	(32.0, 0.6547408397179376)	(33.0, 0.8632230180643796)	(34.0, 1.1463735513648048)	(35.0, 1.481859459623713)	(36.0, 1.8767721966989934)	(37.0, 2.310101176371257)	(38.0, 2.7634243278977593)	(39.0, 3.239163695198223)	(40.0, 3.7818445580746984)	(41.0, 4.347462153424243)	(42.0, 4.829257802858919)	(43.0, 5.223005239035746)	(44.0, 5.397496739062529)	(45.0, 5.389937523576388)	(46.0, 5.259670013280327)	(47.0, 5.039792739629094)	(48.0, 4.74459880981981)	(49.0, 4.38317968106324)	(50.0, 4.074949387078105)	(51.0, 3.8214835459806222)	(52.0, 3.4967139511148297)	(53.0, 3.133769614643082)	(54.0, 2.85425214722224)	(55.0, 2.5398846799942465)	(56.0, 2.1560059590721234)	(57.0, 1.8474802366901977)	(58.0, 1.5646638188385238)	(59.0, 1.2827899582528022)	(60.0, 1.0724672141009568)	(61.0, 0.8935946985233516)	(62.0, 0.7191899512797542)	(63.0, 0.5867993424654862)	(64.0, 0.5189434256613115)	(65.0, 0.43602652229534217)	(66.0, 0.3322033705167876)	(67.0, 0.25634157862656204)	(68.0, 0.20690890490003988)	(69.0, 0.1585231262462726)	(70.0, 0.12471650450715294)	(71.0, 0.10615140890564446)	(72.0, 0.11890641270359925)	(73.0, 0.5441509708509827)	(74.0, 0.9331469336460905)	(75.0, 0.7021090316716475)	(76.0, 0.40210501173524826)	(77.0, 0.2511457903147481)	(78.0, 0.14593693867505547)	(79.0, 0.08757107295033333)	(80.0, 0.04664368898062748)	(81.0, 0.015502956822072984)	(82.0, 0.004622516541850709)	(83.0, 0.0022708127166027954)	(84.0, 0.0013669425026116983)	(85.0, 0.000939040261228105)	(86.0, 0.0007127796240033556)	(87.0, 0.0005603760859763223)	(88.0, 0.0004361085857388952)	(89.0, 0.0003669408261727801)	(90.0, 0.00034935580255427627)	(91.0, 0.0003118410855014681)	(92.0, 0.0002848773826197622)	(93.0, 0.0003165304251330691)	(94.0, 0.00032356443458047066)	(95.0, 0.000348183467646376)	(96.0, 0.000439625590462596)	(97.0, 0.0005381017227262176)	(98.0, 0.0007502943410561639)	(99.0, 0.0011395095304790488)	(100.0, 0.0028874608781583305)
RNA-Seq_FZX_Fr_C3_R1	(0.0, 0.00020974485816585792)	(1.0, 0.00024709668222279153)	(2.0, 0.0002743922459567046)	(3.0, 0.00028875833213244824)	(4.0, 0.00026433598563368397)	(5.0, 0.00022123772710645287)	(6.0, 0.00019394216337253987)	(7.0, 0.0002298573788118991)	(8.0, 0.0002787020718094277)	(9.0, 0.00041087006462626964)	(10.0, 0.0007211775260223335)	(11.0, 0.0010990055924443925)	(12.0, 0.001754099122058305)	(13.0, 0.00299532896764256)	(14.0, 0.004239432030461964)	(15.0, 0.005285283104056105)	(16.0, 0.007341070035805027)	(17.0, 0.011250082084224887)	(18.0, 0.015865905572491335)	(19.0, 0.02141839787941627)	(20.0, 0.02880256617374853)	(21.0, 0.039696369320814974)	(22.0, 0.05534822020928773)	(23.0, 0.07778086377271151)	(24.0, 0.10956008300207414)	(25.0, 0.15224028842159107)	(26.0, 0.2089058787331945)	(27.0, 0.27872505754730886)	(28.0, 0.3633527979913798)	(29.0, 0.4672497698229757)	(30.0, 0.6058350933345225)	(31.0, 0.7958610616155546)	(32.0, 1.0046419553990202)	(33.0, 1.2281164821230364)	(34.0, 1.4774154853565693)	(35.0, 1.730782964195073)	(36.0, 2.0729558413375537)	(37.0, 2.4126764275698354)	(38.0, 2.8050458464189822)	(39.0, 3.3137389016417433)	(40.0, 3.8601400598585967)	(41.0, 4.49426054026454)	(42.0, 5.152508862402646)	(43.0, 5.338232187874044)	(44.0, 5.23775147133504)	(45.0, 5.240949362117759)	(46.0, 5.070410989734124)	(47.0, 4.884239442374044)	(48.0, 4.683670203448634)	(49.0, 4.4421547457051185)	(50.0, 4.053234624146768)	(51.0, 3.5306668028954733)	(52.0, 3.046650373896787)	(53.0, 2.5591918306503922)	(54.0, 2.055058571179812)	(55.0, 1.6030224866169493)	(56.0, 1.3138188058130529)	(57.0, 1.152829570910434)	(58.0, 1.053822814813061)	(59.0, 1.020262200897906)	(60.0, 1.0198814996142491)	(61.0, 0.9853123864495571)	(62.0, 0.8517365171874921)	(63.0, 0.6862751196583641)	(64.0, 0.693420810922179)	(65.0, 0.7623406727416918)	(66.0, 0.7066792718537729)	(67.0, 0.6393784679462664)	(68.0, 0.556450235496786)	(69.0, 0.34746677989824243)	(70.0, 0.20618637862012623)	(71.0, 0.1489432716442579)	(72.0, 0.0840588434315115)	(73.0, 0.06098690903326713)	(74.0, 0.05419175027214036)	(75.0, 0.05667564657192645)	(76.0, 0.0837341698839397)	(77.0, 0.24484982634490524)	(78.0, 0.5620889243207653)	(79.0, 0.8274736342452786)	(80.0, 0.8333105750584833)	(81.0, 0.4267517728935543)	(82.0, 0.0568293636940069)	(83.0, 0.006466175387702237)	(84.0, 0.0006924453536708461)	(85.0, 0.00034622267683542303)	(86.0, 0.000280138680427002)	(87.0, 0.00019537877199011426)	(88.0, 0.00014653407899258567)	(89.0, 0.0001264215583465445)	(90.0, 0.00011349208078837518)	(91.0, 0.00010918225493565207)	(92.0, 9.194295152475964e-05)	(93.0, 7.901347396659032e-05)	(94.0, 6.033756193812351e-05)	(95.0, 4.309825852723108e-05)	(96.0, 2.154912926361554e-05)	(97.0, 0.0)	(98.0, 0.0)	(99.0, 2.873217235148739e-06)	(100.0, 5.746434470297478e-06)
RNA-Seq_FZX_Fr_C3_R2	(0.0, 1.4366279766949635e-05)	(1.0, 1.1493023813559709e-05)	(2.0, 2.1549419650424453e-05)	(3.0, 4.5972095254238836e-05)	(4.0, 9.48174464618676e-05)	(5.0, 0.0001292965179025467)	(6.0, 0.00019969128876059993)	(7.0, 0.00029019885129238264)	(8.0, 0.00034048083047670633)	(9.0, 0.000511439559703407)	(10.0, 0.0006967645686970572)	(11.0, 0.0008878360895974873)	(12.0, 0.0012785988992585174)	(13.0, 0.0017886018309852295)	(14.0, 0.0024710001199153373)	(15.0, 0.0033344135339090104)	(16.0, 0.004584279873633629)	(17.0, 0.0064619526391739455)	(18.0, 0.00870883879472487)	(19.0, 0.011735813941621157)	(20.0, 0.01537191935063611)	(21.0, 0.0211658399806469)	(22.0, 0.029162111298931065)	(23.0, 0.040034511826558546)	(24.0, 0.0563617887816968)	(25.0, 0.07878755149790519)	(26.0, 0.11016350650892319)	(27.0, 0.15432545051252636)	(28.0, 0.213132380110558)	(29.0, 0.29412802880864336)	(30.0, 0.40294541490340335)	(31.0, 0.5448785124889589)	(32.0, 0.7203051547231809)	(33.0, 0.9389412566124574)	(34.0, 1.2333264418289291)	(35.0, 1.5867771496792378)	(36.0, 1.9954992456769314)	(37.0, 2.4253512659558547)	(38.0, 2.8782841513083595)	(39.0, 3.362065749204435)	(40.0, 3.9044459656419215)	(41.0, 4.473975577582989)	(42.0, 4.956306181222603)	(43.0, 5.34625298619287)	(44.0, 5.505740241025662)	(45.0, 5.458745266652016)	(46.0, 5.3032662038742036)	(47.0, 5.06381623585857)	(48.0, 4.718222446412806)	(49.0, 4.291467796051638)	(50.0, 3.939205179538056)	(51.0, 3.667645139615314)	(52.0, 3.3413136580810763)	(53.0, 2.964530675261265)	(54.0, 2.678589989291806)	(55.0, 2.386364055924307)	(56.0, 2.0238209296094958)	(57.0, 1.722324435908384)	(58.0, 1.44795722491918)	(59.0, 1.1993932890193941)	(60.0, 1.018804842464907)	(61.0, 0.8603002411681752)	(62.0, 0.6880126310630316)	(63.0, 0.5511163511637684)	(64.0, 0.4832213129851645)	(65.0, 0.4001138211613376)	(66.0, 0.3033109548356776)	(67.0, 0.22791815524670256)	(68.0, 0.17963452557796153)	(69.0, 0.1416457719902166)	(70.0, 0.11687112253211199)	(71.0, 0.1020350654167831)	(72.0, 0.11815403131530057)	(73.0, 0.5590235515474976)	(74.0, 0.9748038007946938)	(75.0, 0.7435727814337326)	(76.0, 0.4228269094728849)	(77.0, 0.26044053938312317)	(78.0, 0.1482686269627804)	(79.0, 0.08773056065283133)	(80.0, 0.046437562718688)	(81.0, 0.014935184445720841)	(82.0, 0.004071403685953526)	(83.0, 0.001844630322076333)	(84.0, 0.0010372453991737635)	(85.0, 0.0007211872443008716)	(86.0, 0.0005128761876801019)	(87.0, 0.0003735232739406905)	(88.0, 0.00028301571140890776)	(89.0, 0.00024710001199153373)	(90.0, 0.00019825466078390495)	(91.0, 0.00015802907743644597)	(92.0, 0.00014222616969280139)	(93.0, 0.00014797268159958123)	(94.0, 0.00014366279766949634)	(95.0, 0.00015946570541314095)	(96.0, 0.0002154941965042445)	(97.0, 0.00024997326794492364)	(98.0, 0.00031605815487289194)	(99.0, 0.0004798337442161178)	(100.0, 0.0015213890273199663)
RNA-Seq_FZX_Fr_M1_R1	(0.0, 0.0002941326935527059)	(1.0, 0.0003308992802467941)	(2.0, 0.00040837173078076575)	(3.0, 0.00042018956221815133)	(4.0, 0.0002639315687682763)	(5.0, 0.00015888417821373845)	(6.0, 0.0003112028945178183)	(7.0, 0.0005147322137172354)	(8.0, 0.0009795669169210652)	(9.0, 0.0018540864432875926)	(10.0, 0.003030617217498416)	(11.0, 0.004602388798670688)	(12.0, 0.006503746567707823)	(13.0, 0.008515404096827222)	(14.0, 0.010440397528739128)	(15.0, 0.012259030477714563)	(16.0, 0.014212911942028967)	(17.0, 0.017969669246735626)	(18.0, 0.022692862544544033)	(19.0, 0.02757362692818425)	(20.0, 0.034926944267001894)	(21.0, 0.046040958187671996)	(22.0, 0.06239158452748581)	(23.0, 0.08554009012856015)	(24.0, 0.11718430344073273)	(25.0, 0.15840096021718758)	(26.0, 0.21224431333829785)	(27.0, 0.2805842063559344)	(28.0, 0.36597723013771816)	(29.0, 0.4687464054096045)	(30.0, 0.6056034589164382)	(31.0, 0.8014065425405691)	(32.0, 1.0177542695724036)	(33.0, 1.2329517276776658)	(34.0, 1.4694935024512283)	(35.0, 1.7222861085435779)	(36.0, 2.0549173576421396)	(37.0, 2.3882865646593476)	(38.0, 2.771431164598441)	(39.0, 3.2639130279038433)	(40.0, 3.8038592415389316)	(41.0, 4.4717347935761005)	(42.0, 5.200571972536831)	(43.0, 5.365681521733308)	(44.0, 5.263396877550354)	(45.0, 5.29692669152298)	(46.0, 5.0647929678755625)	(47.0, 4.81745626063014)	(48.0, 4.593480779951664)	(49.0, 4.344236149475294)	(50.0, 3.9172592127349373)	(51.0, 3.3558045458838075)	(52.0, 2.884790429930607)	(53.0, 2.4696602126600387)	(54.0, 2.020876750732942)	(55.0, 1.5709994828516962)	(56.0, 1.2837684028584235)	(57.0, 1.1359575327015152)	(58.0, 1.056458980622223)	(59.0, 1.03374642169195)	(60.0, 1.0490636443271835)	(61.0, 1.047726916282377)	(62.0, 0.8976325784732895)	(63.0, 0.6811075839698943)	(64.0, 0.6768085195114497)	(65.0, 0.7419273969162078)	(66.0, 0.6590752068934619)	(67.0, 0.5685479918983251)	(68.0, 0.49555056020197674)	(69.0, 0.3125212392692778)	(70.0, 0.17778745614402755)	(71.0, 0.12636544537519934)	(72.0, 0.08378579870629936)	(73.0, 0.07345176166049672)	(74.0, 0.07287662719721061)	(75.0, 0.08659844258839712)	(76.0, 0.14189144969916004)	(77.0, 0.39363489497834603)	(78.0, 0.8392629959116606)	(79.0, 1.1084534996695734)	(80.0, 0.9799411482499157)	(81.0, 0.46675838354335986)	(82.0, 0.06547209925549763)	(83.0, 0.007963905296415897)	(84.0, 0.00041887646983621956)	(85.0, 0.00021928642778259772)	(86.0, 0.00016019727059567016)	(87.0, 7.48462657701082e-05)	(88.0, 1.9696385728975842e-05)	(89.0, 1.1817831437385505e-05)	(90.0, 6.5654619096586146e-06)	(91.0, 1.3130923819317227e-06)	(92.0, 2.6261847638634453e-06)	(93.0, 2.6261847638634453e-06)	(94.0, 0.0)	(95.0, 0.0)	(96.0, 0.0)	(97.0, 0.0)	(98.0, 0.0)	(99.0, 0.0)	(100.0, 0.0)
RNA-Seq_FZX_Fr_M1_R2	(0.0, 1.575734197592026e-05)	(1.0, 2.1009789301227013e-05)	(2.0, 3.0201572120513834e-05)	(3.0, 5.777692057837428e-05)	(4.0, 8.929160453021481e-05)	(5.0, 0.00016413897891583604)	(6.0, 0.00025211747161472416)	(7.0, 0.00035716641812085924)	(8.0, 0.0005554463046511892)	(9.0, 0.0007865539869646863)	(10.0, 0.0009717027551817493)	(11.0, 0.0013078593840013814)	(12.0, 0.001863305688652571)	(13.0, 0.0024502666772556005)	(14.0, 0.0032302551050636535)	(15.0, 0.004385793516631139)	(16.0, 0.005603048184270979)	(17.0, 0.0072286806314534185)	(18.0, 0.009995407260058752)	(19.0, 0.013405558686014162)	(20.0, 0.017372469528452086)	(21.0, 0.023666214536000905)	(22.0, 0.03265709124509474)	(23.0, 0.04450661241098677)	(24.0, 0.06082465313888353)	(25.0, 0.08309765602184682)	(26.0, 0.11476597405795255)	(27.0, 0.1600538880085787)	(28.0, 0.21923715135830388)	(29.0, 0.30282197186957294)	(30.0, 0.41387315255670226)	(31.0, 0.5561173047969971)	(32.0, 0.7336277014912328)	(33.0, 0.955161485442527)	(34.0, 1.2546218910239038)	(35.0, 1.6119156809924016)	(36.0, 2.0149819231772854)	(37.0, 2.44583229860121)	(38.0, 2.8980509428563144)	(39.0, 3.3743179171903357)	(40.0, 3.9059680092342224)	(41.0, 4.451739305912197)	(42.0, 4.927504671526651)	(43.0, 5.336814760469493)	(44.0, 5.483603592758009)	(45.0, 5.37337442007729)	(46.0, 5.179140231099279)	(47.0, 4.963216060891411)	(48.0, 4.602273133143657)	(49.0, 4.14213379832199)	(50.0, 3.801928845726378)	(51.0, 3.554945641372141)	(52.0, 3.264373689777015)	(53.0, 2.935734626191728)	(54.0, 2.694603961269714)	(55.0, 2.3691623249937077)	(56.0, 1.965782249081137)	(57.0, 1.680517895508233)	(58.0, 1.42542228626006)	(59.0, 1.196932948938228)	(60.0, 1.037342589406108)	(61.0, 0.8789156469565429)	(62.0, 0.6867995073624604)	(63.0, 0.5382038331940384)	(64.0, 0.47130735094710025)	(65.0, 0.3898497716025805)	(66.0, 0.2918719323081396)	(67.0, 0.2165899179063493)	(68.0, 0.17294208063305017)	(69.0, 0.13985297559544896)	(70.0, 0.11656625037870146)	(71.0, 0.10162697707369772)	(72.0, 0.11883268139957133)	(73.0, 0.6562118803635366)	(74.0, 1.224429510686209)	(75.0, 0.9642968044530669)	(76.0, 0.5435324410055622)	(77.0, 0.36266835669411807)	(78.0, 0.22556241104980454)	(79.0, 0.13459396271098556)	(80.0, 0.06947412077183242)	(81.0, 0.01976233306146666)	(82.0, 0.003931456822992105)	(83.0, 0.0014339181198087436)	(84.0, 0.0007051410534224317)	(85.0, 0.0004963562722414882)	(86.0, 0.0003479746353015724)	(87.0, 0.00023373390597615054)	(88.0, 0.00019040121554236982)	(89.0, 0.00015888653159052928)	(90.0, 0.00015232097243389584)	(91.0, 0.0001562603079278759)	(92.0, 0.00014312918961460904)	(93.0, 0.00014312918961460904)	(94.0, 0.00017727009722910293)	(95.0, 0.00023110768231349713)	(96.0, 0.0003282779578316721)	(97.0, 0.0005528200809885358)	(98.0, 0.0007996851052779532)	(99.0, 0.0011371548459289122)	(100.0, 0.001999869319110546)
RNA-Seq_FZX_Fr_M2_R1	(0.0, 0.0003800811378208963)	(1.0, 0.00038883300612598275)	(2.0, 0.0003750800702179898)	(3.0, 0.0003225688603874712)	(4.0, 0.00022379777523006723)	(5.0, 0.00017753789990318183)	(6.0, 0.00028506085336567225)	(7.0, 0.0005251120983051857)	(8.0, 0.0010364712607023783)	(9.0, 0.0019041564898066613)	(10.0, 0.003256945276392878)	(11.0, 0.005122343492277013)	(12.0, 0.0069852411743596965)	(13.0, 0.009124447841502965)	(14.0, 0.011293660914263672)	(15.0, 0.01320281847167324)	(16.0, 0.015910896578647128)	(17.0, 0.019860489718042558)	(18.0, 0.02464526114712338)	(19.0, 0.030696552946640282)	(20.0, 0.03950093246155723)	(21.0, 0.051963592928000304)	(22.0, 0.06969737864790687)	(23.0, 0.0960917631891468)	(24.0, 0.1329246260845534)	(25.0, 0.18028098548337607)	(26.0, 0.2407063847954942)	(27.0, 0.3186380212515867)	(28.0, 0.41232552119063615)	(29.0, 0.5247270160997619)	(30.0, 0.6747090335109287)	(31.0, 0.8811631062941161)	(32.0, 1.109851925639826)	(33.0, 1.3450733895418323)	(34.0, 1.5930838335713717)	(35.0, 1.8458040330159482)	(36.0, 2.180988086431751)	(37.0, 2.5221209097612114)	(38.0, 2.9030809852133186)	(39.0, 3.3646645217587827)	(40.0, 3.8961267256527585)	(41.0, 4.532265025276271)	(42.0, 5.1799595418632)	(43.0, 5.318991721757802)	(44.0, 5.236557874192193)	(45.0, 5.2666843054321015)	(46.0, 5.023303599735954)	(47.0, 4.755641460560793)	(48.0, 4.519873630023169)	(49.0, 4.254663264240334)	(50.0, 3.7912980973613344)	(51.0, 3.226278729851855)	(52.0, 2.7877676186924005)	(53.0, 2.398311979649856)	(54.0, 1.9545259924362353)	(55.0, 1.5217773614222296)	(56.0, 1.2528512024104346)	(57.0, 1.1147642242927809)	(58.0, 1.0436740483174647)	(59.0, 1.028698351380561)	(60.0, 1.0543075683081446)	(61.0, 1.0610277528995502)	(62.0, 0.9244448458634708)	(63.0, 0.7124083313685389)	(64.0, 0.7020111118220962)	(65.0, 0.8002558346142943)	(66.0, 0.7355070123594635)	(67.0, 0.6388401263959824)	(68.0, 0.5589155645001317)	(69.0, 0.3537817735641116)	(70.0, 0.20820819724490686)	(71.0, 0.14869674303721986)	(72.0, 0.09898863159813043)	(73.0, 0.0788955922365527)	(74.0, 0.068178304363524)	(75.0, 0.08240134062619017)	(76.0, 0.14084506690065662)	(77.0, 0.38059499751709497)	(78.0, 0.7799615022816996)	(79.0, 0.8943346680932712)	(80.0, 0.5994804740942072)	(81.0, 0.21643370318478738)	(82.0, 0.021715885798720882)	(83.0, 0.0021754644072643405)	(84.0, 0.0002675571167554994)	(85.0, 0.00010502241966103713)	(86.0, 4.7510142227612037e-05)	(87.0, 1.8754003510899488e-05)	(88.0, 1.0002135205813061e-05)	(89.0, 2.5005338014532653e-06)	(90.0, 2.5005338014532653e-06)	(91.0, 1.2502669007266326e-06)	(92.0, 1.2502669007266326e-06)	(93.0, 1.2502669007266326e-06)	(94.0, 1.2502669007266326e-06)	(95.0, 0.0)	(96.0, 0.0)	(97.0, 1.2502669007266326e-06)	(98.0, 1.2502669007266326e-06)	(99.0, 0.0)	(100.0, 0.0)
RNA-Seq_FZX_Fr_M2_R2	(0.0, 1.0002284521784776e-05)	(1.0, 1.750399791312336e-05)	(2.0, 5.626285043503936e-05)	(3.0, 9.377141739173227e-05)	(4.0, 0.00013127998434842519)	(5.0, 0.00019504454817480314)	(6.0, 0.00027131196765341203)	(7.0, 0.00042384680661062987)	(8.0, 0.0006726536340900261)	(9.0, 0.0009539678862652229)	(10.0, 0.001276541562092782)	(11.0, 0.00172789465113832)	(12.0, 0.0020942283217486877)	(13.0, 0.0028031402372301834)	(14.0, 0.003852129826452362)	(15.0, 0.0051099171050667976)	(16.0, 0.006900326034466272)	(17.0, 0.009195850332215878)	(18.0, 0.01218028197640341)	(19.0, 0.01594239124215971)	(20.0, 0.021121074053313777)	(21.0, 0.028210193208128734)	(22.0, 0.038821366800177164)	(23.0, 0.05451245064372703)	(24.0, 0.07492086192486365)	(25.0, 0.10214332953646613)	(26.0, 0.14178988480969054)	(27.0, 0.19770390557203266)	(28.0, 0.2720508864224589)	(29.0, 0.37064465523925666)	(30.0, 0.49995043868019456)	(31.0, 0.6645617859119023)	(32.0, 0.8536112148014606)	(33.0, 1.078678870253966)	(34.0, 1.3827383174317014)	(35.0, 1.7466114260497096)	(36.0, 2.166448566852669)	(37.0, 2.5954327968508006)	(38.0, 3.019893493673955)	(39.0, 3.4655752873956414)	(40.0, 3.9683751268789793)	(41.0, 4.495087928082774)	(42.0, 4.951038317151638)	(43.0, 5.315770371952954)	(44.0, 5.426923259272417)	(45.0, 5.317795834568615)	(46.0, 5.120306978113801)	(47.0, 4.878765560053917)	(48.0, 4.501673182154804)	(49.0, 4.038908736755475)	(50.0, 3.695765362808866)	(51.0, 3.466730551257907)	(52.0, 3.229836444643957)	(53.0, 2.9471968897696232)	(54.0, 2.728309395866016)	(55.0, 2.4083725722955123)	(56.0, 2.005746862583414)	(57.0, 1.7215432004669868)	(58.0, 1.443513448471631)	(59.0, 1.1853357306808876)	(60.0, 1.0028790575767506)	(61.0, 0.8435126582911536)	(62.0, 0.668062585494527)	(63.0, 0.5285594729836295)	(64.0, 0.46404973896037854)	(65.0, 0.3869983904323747)	(66.0, 0.2922292451595945)	(67.0, 0.22050786399613673)	(68.0, 0.17556009792636637)	(69.0, 0.13975066905281167)	(70.0, 0.11772938939253726)	(71.0, 0.10516276917647992)	(72.0, 0.11729679058697007)	(73.0, 0.502032164146291)	(74.0, 0.9130110317196448)	(75.0, 0.7333049868589986)	(76.0, 0.43643718225242645)	(77.0, 0.2952611876552605)	(78.0, 0.1816077292053505)	(79.0, 0.10958377893510879)	(80.0, 0.05375977873346272)	(81.0, 0.01442454456597887)	(82.0, 0.002960676218448294)	(83.0, 0.0009739724553087925)	(84.0, 0.00048010965704566917)	(85.0, 0.0003713348128712598)	(86.0, 0.00024005482852283458)	(87.0, 0.00018129140695734907)	(88.0, 0.00016628798017467188)	(89.0, 0.00015628569565288711)	(90.0, 0.00014628341113110234)	(91.0, 0.00014503312556587923)	(92.0, 0.0001625371234790026)	(93.0, 0.00016628798017467188)	(94.0, 0.00022505140174015743)	(95.0, 0.00030006853565354324)	(96.0, 0.00038133709739304457)	(97.0, 0.0006076387846984251)	(98.0, 0.0009264616038303148)	(99.0, 0.0012990467022667978)	(100.0, 0.002064221468183333)
RNA-Seq_FZX_Fr_M3_R1	(0.0, 0.00041676012684017277)	(1.0, 0.00039489308314794155)	(2.0, 0.0003447275123245874)	(3.0, 0.0003177152818812429)	(4.0, 0.00022381562367342615)	(5.0, 0.00020066228329341653)	(6.0, 0.0003241467653201344)	(7.0, 0.0005531075757446738)	(8.0, 0.001008456603218196)	(9.0, 0.0018586987138396597)	(10.0, 0.0031552857751201975)	(11.0, 0.004788882568598653)	(12.0, 0.006948574707378438)	(13.0, 0.009401542490971675)	(14.0, 0.011710445045533745)	(15.0, 0.013398066299898889)	(16.0, 0.015526887318171995)	(17.0, 0.019607020411804798)	(18.0, 0.024552831176312406)	(19.0, 0.03009291101057359)	(20.0, 0.03876126438951163)	(21.0, 0.051360540446300194)	(22.0, 0.06775310543534699)	(23.0, 0.0918724546278781)	(24.0, 0.12642752884835465)	(25.0, 0.17338764832576523)	(26.0, 0.23416002163653932)	(27.0, 0.3088038184283147)	(28.0, 0.3981538452514596)	(29.0, 0.5083740358338075)	(30.0, 0.6583317899916907)	(31.0, 0.86266902292209)	(32.0, 1.086375311377055)	(33.0, 1.3110746208749848)	(34.0, 1.555905759833333)	(35.0, 1.8162972298237354)	(36.0, 2.152649664414198)	(37.0, 2.4847624651217437)	(38.0, 2.855194044158205)	(39.0, 3.323223384379846)	(40.0, 3.8726997445749216)	(41.0, 4.532039991169831)	(42.0, 5.19278101485773)	(43.0, 5.329931112895404)	(44.0, 5.249531138425821)	(45.0, 5.280209314429334)	(46.0, 5.02548140875522)	(47.0, 4.737568334833112)	(48.0, 4.4827388117206635)	(49.0, 4.217891610003797)	(50.0, 3.778156938023216)	(51.0, 3.2357847944347395)	(52.0, 2.802976830117845)	(53.0, 2.4165977447463076)	(54.0, 1.9728035204190981)	(55.0, 1.5314828446224862)	(56.0, 1.2615817832193388)	(57.0, 1.127014568930723)	(58.0, 1.0579918886645387)	(59.0, 1.0489144929388872)	(60.0, 1.0892656200344928)	(61.0, 1.1060543644033753)	(62.0, 0.9552656625851872)	(63.0, 0.7260926132071645)	(64.0, 0.7174795705858008)	(65.0, 0.8202173733353423)	(66.0, 0.7467351024526308)	(67.0, 0.6307227178852172)	(68.0, 0.5529287805050727)	(69.0, 0.3569447582651058)	(70.0, 0.1930268261547645)	(71.0, 0.12623201175181234)	(72.0, 0.08598507468791677)	(73.0, 0.07190913003355871)	(74.0, 0.06524739948755484)	(75.0, 0.0794056671299307)	(76.0, 0.1338443155500844)	(77.0, 0.3592922497203012)	(78.0, 0.7466077590805407)	(79.0, 0.9359120426208747)	(80.0, 0.7400643678298124)	(81.0, 0.31312577529924984)	(82.0, 0.038560602106218214)	(83.0, 0.003941213051352746)	(84.0, 0.00035501788582681387)	(85.0, 0.00013506115221672267)	(86.0, 4.887927413557583e-05)	(87.0, 3.344371388223609e-05)	(88.0, 2.186704369223129e-05)	(89.0, 3.858890063334933e-06)	(90.0, 0.0)	(91.0, 0.0)	(92.0, 0.0)	(93.0, 0.0)	(94.0, 0.0)	(95.0, 0.0)	(96.0, 0.0)	(97.0, 0.0)	(98.0, 0.0)	(99.0, 0.0)	(100.0, 0.0)
RNA-Seq_FZX_Fr_M3_R2	(0.0, 1.800842094344368e-05)	(1.0, 2.3153684070141875e-05)	(2.0, 3.730315766856191e-05)	(3.0, 7.331999955544927e-05)	(4.0, 9.390105206224204e-05)	(5.0, 0.00013120420973080393)	(6.0, 0.00023796841960979146)	(7.0, 0.00037431789246729363)	(8.0, 0.0005569747334650795)	(9.0, 0.0007936568372931965)	(10.0, 0.0011049452564584371)	(11.0, 0.0014342420965671216)	(12.0, 0.00185229472561135)	(13.0, 0.0024684399850334587)	(14.0, 0.0034717662947396062)	(15.0, 0.004743932602815735)	(16.0, 0.006277221014571796)	(17.0, 0.008264578897258974)	(18.0, 0.01099542730175404)	(19.0, 0.014387442018029824)	(20.0, 0.01906834514754351)	(21.0, 0.025566812476563328)	(22.0, 0.035103557681898434)	(23.0, 0.048548130231960814)	(24.0, 0.06586579960064526)	(25.0, 0.09068268997649231)	(26.0, 0.12573736765868712)	(27.0, 0.175004548412604)	(28.0, 0.2407417164350818)	(29.0, 0.33109768220302876)	(30.0, 0.4484649930703596)	(31.0, 0.5970010216434465)	(32.0, 0.7781168563347862)	(33.0, 0.9992975686779432)	(34.0, 1.2955360931975917)	(35.0, 1.6545892762837535)	(36.0, 2.0645368295876505)	(37.0, 2.495745896446846)	(38.0, 2.940516590592236)	(39.0, 3.394396973103446)	(40.0, 3.90453309001041)	(41.0, 4.457291280343161)	(42.0, 4.9252491027690155)	(43.0, 5.295108624737026)	(44.0, 5.421855750284328)	(45.0, 5.32056095510902)	(46.0, 5.138475238318298)	(47.0, 4.92838642696052)	(48.0, 4.563723620750475)	(49.0, 4.09286258360538)	(50.0, 3.745940644656191)	(51.0, 3.5140384902727773)	(52.0, 3.268545123340189)	(53.0, 2.9883739692494378)	(54.0, 2.7809208189283114)	(55.0, 2.4655869366297045)	(56.0, 2.0597092864590256)	(57.0, 1.7771404397512327)	(58.0, 1.5020425151034054)	(59.0, 1.2323303946334494)	(60.0, 1.0480888125926406)	(61.0, 0.8908264177566735)	(62.0, 0.7019103641652593)	(63.0, 0.5500890850857756)	(64.0, 0.48385025390844477)	(65.0, 0.4009420565163934)	(66.0, 0.30051295186215304)	(67.0, 0.22628995862796825)	(68.0, 0.18056143258943805)	(69.0, 0.14258553176706035)	(70.0, 0.1181468182310256)	(71.0, 0.10374779937096072)	(72.0, 0.11488986667182566)	(73.0, 0.5163953295005925)	(74.0, 0.9730888846263241)	(75.0, 0.8015136540876646)	(76.0, 0.46867044136890346)	(77.0, 0.3135780612566214)	(78.0, 0.1945012367154451)	(79.0, 0.11616846455881015)	(80.0, 0.05874990069642165)	(81.0, 0.01632206095366835)	(82.0, 0.0033752926111140155)	(83.0, 0.0012155684136824483)	(84.0, 0.000544111575648334)	(85.0, 0.0003961852607557609)	(86.0, 0.0002868484193134243)	(87.0, 0.00023410947226476782)	(88.0, 0.00019166105146950773)	(89.0, 0.0001569305253642949)	(90.0, 0.00015564420958262039)	(91.0, 0.00016593473583601675)	(92.0, 0.0001878021041244841)	(93.0, 0.00020709684084960233)	(94.0, 0.00021867368288467327)	(95.0, 0.000304856840256868)	(96.0, 0.0004090484185725064)	(97.0, 0.0005929915753519669)	(98.0, 0.0009300063101506987)	(99.0, 0.0013184736762164124)	(100.0, 0.0020452420928625324)
RNA-Seq_FZX_Le_C1_R1	(0.0, 9.623998447818887e-05)	(1.0, 0.00013303762560220225)	(2.0, 0.0002009717322926885)	(3.0, 0.00025616819397870856)	(4.0, 0.00020380232007145876)	(5.0, 0.00011463880504019555)	(6.0, 0.0001273764500446617)	(7.0, 0.00017125056061560075)	(8.0, 0.00020946349562899928)	(9.0, 0.00039062111347029594)	(10.0, 0.0006708493035685516)	(11.0, 0.0010826998253796246)	(12.0, 0.0016374950300185958)	(13.0, 0.0028659701260048886)	(14.0, 0.004594043964944133)	(15.0, 0.006545734238406227)	(16.0, 0.009899980756248986)	(17.0, 0.01542387280651915)	(18.0, 0.021491237710313204)	(19.0, 0.03202243954122796)	(20.0, 0.044150092879369135)	(21.0, 0.055193631098241304)	(22.0, 0.07310275997452075)	(23.0, 0.09963102863715563)	(24.0, 0.13888703524703097)	(25.0, 0.18729150155789184)	(26.0, 0.24255306676282362)	(27.0, 0.3177292322852936)	(28.0, 0.4072762919605802)	(29.0, 0.5057198890245417)	(30.0, 0.6384447346771899)	(31.0, 0.852159773149902)	(32.0, 1.0881373845026423)	(33.0, 1.266035580516685)	(34.0, 1.454735299494515)	(35.0, 1.6886437511809744)	(36.0, 2.045503028919988)	(37.0, 2.4395958583009456)	(38.0, 2.953418304842217)	(39.0, 3.329875157067547)	(40.0, 3.847950561746421)	(41.0, 5.386692045339279)	(42.0, 7.713211583053911)	(43.0, 7.699912066375358)	(44.0, 6.451920067654444)	(45.0, 6.452903696907568)	(46.0, 5.939943164344931)	(47.0, 5.20213347628179)	(48.0, 4.516945830319878)	(49.0, 3.836173901292847)	(50.0, 3.232092502249928)	(51.0, 2.613170331482917)	(52.0, 2.1683264785224976)	(53.0, 1.9766829482547468)	(54.0, 1.6853829140598309)	(55.0, 1.3018085488647837)	(56.0, 1.0598527361232803)	(57.0, 0.8688163669340755)	(58.0, 0.7654617000739476)	(59.0, 0.7430689201560962)	(60.0, 0.7156065575264671)	(61.0, 0.6651117021409845)	(62.0, 0.590249731861958)	(63.0, 0.4820363610795709)	(64.0, 0.44950583103205366)	(65.0, 0.4626383430316583)	(66.0, 0.4348490475135813)	(67.0, 0.406625256771463)	(68.0, 0.36931669455338156)	(69.0, 0.24851994580047132)	(70.0, 0.15372922226501284)	(71.0, 0.11128031264068465)	(72.0, 0.06000846090992953)	(73.0, 0.03982637004729757)	(74.0, 0.03593431185148846)	(75.0, 0.034432685034850835)	(76.0, 0.043763717647566994)	(77.0, 0.12406324704961112)	(78.0, 0.2946613571822054)	(79.0, 0.40385694192382565)	(80.0, 0.32727114368752813)	(81.0, 0.13718868257976885)	(82.0, 0.018289842932524038)	(83.0, 0.0018809255789928381)	(84.0, 0.0002108787895183844)	(85.0, 0.00010614704170388477)	(86.0, 6.793410669048626e-05)	(87.0, 5.661175557540521e-05)	(88.0, 4.8119992239094434e-05)	(89.0, 3.821293501339852e-05)	(90.0, 2.8305877787702606e-05)	(91.0, 2.6890583898317475e-05)	(92.0, 2.2644702230162083e-05)	(93.0, 1.8398820562006695e-05)	(94.0, 1.6983526672621564e-05)	(95.0, 1.9814114451391822e-05)	(96.0, 1.1322351115081042e-05)	(97.0, 0.0)	(98.0, 1.4152938893851302e-06)	(99.0, 4.245881668155391e-06)	(100.0, 4.245881668155391e-06)
RNA-Seq_FZX_Le_C1_R2	(0.0, 1.6983695411802317e-05)	(1.0, 2.1229619264752897e-05)	(2.0, 3.8213314676555214e-05)	(3.0, 6.227354984327516e-05)	(4.0, 9.907155656884685e-05)	(5.0, 0.00014294610304933618)	(6.0, 0.0002236186562553972)	(7.0, 0.00034816575594194755)	(8.0, 0.00043591484890292617)	(9.0, 0.0006227354984327516)	(10.0, 0.0009737318702766662)	(11.0, 0.0012836843115420584)	(12.0, 0.0016615715344546601)	(13.0, 0.002304121344201181)	(14.0, 0.0031334918034775275)	(15.0, 0.00446671189330401)	(16.0, 0.0062287702922785)	(17.0, 0.008272474973498712)	(18.0, 0.011172440965063958)	(19.0, 0.01528674117857307)	(20.0, 0.02040307942137852)	(21.0, 0.027206464741756326)	(22.0, 0.03685744965951299)	(23.0, 0.049077218508304765)	(24.0, 0.06620102940725445)	(25.0, 0.09189028402555645)	(26.0, 0.1254967713216603)	(27.0, 0.17030825166570068)	(28.0, 0.22608836862986342)	(29.0, 0.2969047172652752)	(30.0, 0.39175582552428917)	(31.0, 0.5209564577536734)	(32.0, 0.672878443828147)	(33.0, 0.877612646093571)	(34.0, 1.2214022698510776)	(35.0, 1.7100713073189635)	(36.0, 2.2891473860797755)	(37.0, 2.839966841599201)	(38.0, 3.208360178776605)	(39.0, 3.4758363978170803)	(40.0, 4.016803894689709)	(41.0, 4.727775352018578)	(42.0, 5.466012717023144)	(43.0, 6.283609229455259)	(44.0, 6.537375360374556)	(45.0, 6.140463567984835)	(46.0, 5.681363144228896)	(47.0, 5.639798380324412)	(48.0, 5.226750661985526)	(49.0, 4.243543304977025)	(50.0, 3.4563645910274485)	(51.0, 3.038221764065023)	(52.0, 2.8191533228720376)	(53.0, 2.451326108875027)	(54.0, 2.344879382573605)	(55.0, 2.2006665789081383)	(56.0, 1.7588159284587874)	(57.0, 1.41603258865443)	(58.0, 1.166972356672153)	(59.0, 0.9974835683100718)	(60.0, 0.8783528521519355)	(61.0, 0.7402456869870119)	(62.0, 0.6089801204571428)	(63.0, 0.508953231021382)	(64.0, 0.4349213027213358)	(65.0, 0.3543633894593044)	(66.0, 0.2762327293332098)	(67.0, 0.21534901189780045)	(68.0, 0.16708842607721316)	(69.0, 0.12759425770501787)	(70.0, 0.09742838403775499)	(71.0, 0.07424847041654678)	(72.0, 0.06529240170272302)	(73.0, 0.2465990114555167)	(74.0, 0.42836984221623303)	(75.0, 0.3261916846949773)	(76.0, 0.1812867954414799)	(77.0, 0.11409505046853699)	(78.0, 0.0734658051196529)	(79.0, 0.049892435888071275)	(80.0, 0.027144191191913056)	(81.0, 0.007874773439272342)	(82.0, 0.0019361412769454643)	(83.0, 0.0008336163831292972)	(84.0, 0.0004047780739812886)	(85.0, 0.0003156136730693264)	(86.0, 0.00025050950732408416)	(87.0, 0.0001938971892847431)	(88.0, 0.00018965126543179256)	(89.0, 0.0001556838746081879)	(90.0, 0.0001330389473924515)	(91.0, 0.00012030117583359975)	(92.0, 0.00012596240763753386)	(93.0, 0.00013586956329441854)	(94.0, 0.0001174705599316327)	(95.0, 0.00013586956329441854)	(96.0, 0.0001556838746081879)	(97.0, 0.00017266757001999024)	(98.0, 0.0002915534379026065)	(99.0, 0.000510926170305053)	(100.0, 0.0012228260696497668)
RNA-Seq_FZX_Le_C2_R1	(0.0, 5.5106335596068354e-05)	(1.0, 9.98802332678739e-05)	(2.0, 0.00014580217959793087)	(3.0, 0.00016531900678820507)	(4.0, 0.00016531900678820507)	(5.0, 0.0001285814497241595)	(6.0, 0.00012284120643290237)	(7.0, 0.00016417095812995365)	(8.0, 0.000265199240056079)	(9.0, 0.0004132975169705127)	(10.0, 0.0006532396865450603)	(11.0, 0.0010183191598690132)	(12.0, 0.0015716786131461998)	(13.0, 0.002916043591958617)	(14.0, 0.004589898535689193)	(15.0, 0.006376262247928409)	(16.0, 0.009240643650265713)	(17.0, 0.013815617553397636)	(18.0, 0.02024124589363086)	(19.0, 0.03149786298778607)	(20.0, 0.04389449239958495)	(21.0, 0.05498808658426845)	(22.0, 0.07341311950054556)	(23.0, 0.10293404269882268)	(24.0, 0.14649445293885646)	(25.0, 0.2004056698816851)	(26.0, 0.26245884790883284)	(27.0, 0.3447039057373066)	(28.0, 0.4373973544045266)	(29.0, 0.544955737098786)	(30.0, 0.6939173466042248)	(31.0, 0.9216947925959402)	(32.0, 1.1761701101352928)	(33.0, 1.3708114277038974)	(34.0, 1.5642300734514645)	(35.0, 1.8026361539212714)	(36.0, 2.171075965667926)	(37.0, 2.564017431878983)	(38.0, 3.0610995399286844)	(39.0, 3.436240511693553)	(40.0, 4.020226459026913)	(41.0, 5.5600203167874955)	(42.0, 7.859246065884079)	(43.0, 7.771858898115297)	(44.0, 6.417527708900598)	(45.0, 6.395494359051438)	(46.0, 5.864801978482767)	(47.0, 5.133245856617769)	(48.0, 4.452998325387344)	(49.0, 3.7653171790947413)	(50.0, 3.1486635071908373)	(51.0, 2.5367122425911313)	(52.0, 2.108130753833317)	(53.0, 1.918623509864413)	(54.0, 1.6240468526923384)	(55.0, 1.2534659301980446)	(56.0, 1.0228872454801956)	(57.0, 0.8326395101267191)	(58.0, 0.7292118065048483)	(59.0, 0.7032039122008205)	(60.0, 0.6825068909898638)	(61.0, 0.6417936414222937)	(62.0, 0.5570504297134647)	(63.0, 0.43725958856553643)	(64.0, 0.41030799826442593)	(65.0, 0.42158298413711315)	(66.0, 0.3789754542834281)	(67.0, 0.3361027251896869)	(68.0, 0.308792943707202)	(69.0, 0.21801214410462894)	(70.0, 0.12698336599187351)	(71.0, 0.08617597643432665)	(72.0, 0.05195379398050994)	(73.0, 0.036875322903035745)	(74.0, 0.03310513110933807)	(75.0, 0.03420725782125943)	(76.0, 0.04756710005733125)	(77.0, 0.13712637588752485)	(78.0, 0.2958785443505318)	(79.0, 0.3245728725148679)	(80.0, 0.18600110336660447)	(81.0, 0.05483769221003753)	(82.0, 0.005635770863356241)	(83.0, 0.0006463513945955517)	(84.0, 0.00012743340106590806)	(85.0, 7.117901681158829e-05)	(86.0, 4.592194633005696e-05)	(87.0, 4.0181703038799845e-05)	(88.0, 4.362584901355411e-05)	(89.0, 3.9033654380548416e-05)	(90.0, 3.32934110892913e-05)	(91.0, 2.640511913978275e-05)	(92.0, 3.32934110892913e-05)	(93.0, 3.2145362431039876e-05)	(94.0, 1.6072681215519938e-05)	(95.0, 1.722072987377136e-05)	(96.0, 1.148048658251424e-05)	(97.0, 1.1480486582514241e-06)	(98.0, 0.0)	(99.0, 1.1480486582514241e-06)	(100.0, 1.1480486582514241e-06)
RNA-Seq_FZX_Le_C2_R2	(0.0, 6.8883575873169356e-06)	(1.0, 8.036417185203093e-06)	(2.0, 2.7553430349267742e-05)	(3.0, 5.281074150276318e-05)	(4.0, 7.232775466682782e-05)	(5.0, 0.00011595401938650174)	(6.0, 0.00021124296601105272)	(7.0, 0.00031686444901657905)	(8.0, 0.00039837668046649607)	(9.0, 0.0005338477130170625)	(10.0, 0.0007588673942027491)	(11.0, 0.0009907754329757526)	(12.0, 0.0013156762991775347)	(13.0, 0.0019034828132952466)	(14.0, 0.0026921997570430356)	(15.0, 0.003674938772833585)	(16.0, 0.00502964909833925)	(17.0, 0.006874580872142302)	(18.0, 0.009702251661735904)	(19.0, 0.013643540261279077)	(20.0, 0.018911985755978647)	(21.0, 0.026217088977328256)	(22.0, 0.03646007670966854)	(23.0, 0.05004965816984697)	(24.0, 0.06876073349619553)	(25.0, 0.09803051294430308)	(26.0, 0.1384077690019592)	(27.0, 0.19213351400423762)	(28.0, 0.2587841139595184)	(29.0, 0.34187033511813736)	(30.0, 0.4624475905053267)	(31.0, 0.6262940640772473)	(32.0, 0.8082557700442136)	(33.0, 1.0421430635639728)	(34.0, 1.4161808805552825)	(35.0, 1.9483409459634522)	(36.0, 2.5845462085492508)	(37.0, 3.145744145366755)	(38.0, 3.4858384322869624)	(39.0, 3.7322556482580516)	(40.0, 4.241874711521325)	(41.0, 4.8944237505426305)	(42.0, 5.577875109760238)	(43.0, 6.408566260466343)	(44.0, 6.64622952200355)	(45.0, 6.156546513657569)	(46.0, 5.636997882932179)	(47.0, 5.539192389669062)	(48.0, 5.08471462889226)	(49.0, 4.057145033863855)	(50.0, 3.2506457950044068)	(51.0, 2.846769909064036)	(52.0, 2.6166689160981056)	(53.0, 2.2674911816394228)	(54.0, 2.152198444581303)	(55.0, 2.0017062002519945)	(56.0, 1.5992217625442617)	(57.0, 1.2954727463739342)	(58.0, 1.072456429186559)	(59.0, 0.9156291919961143)	(60.0, 0.8043420348750198)	(61.0, 0.6730648640355315)	(62.0, 0.5489228835969057)	(63.0, 0.45135389061095277)	(64.0, 0.3829777570800491)	(65.0, 0.31233650196251606)	(66.0, 0.2396999192638568)	(67.0, 0.18318094525992137)	(68.0, 0.14354303958330397)	(69.0, 0.11239847881184832)	(70.0, 0.08768649596734882)	(71.0, 0.06716263453593802)	(72.0, 0.05876457857740077)	(73.0, 0.19131839168973847)	(74.0, 0.3298857409758038)	(75.0, 0.25236875692653055)	(76.0, 0.1400885282532645)	(77.0, 0.09177014395702987)	(78.0, 0.060792051827267726)	(79.0, 0.04164815803251608)	(80.0, 0.020937162886649825)	(81.0, 0.005429173838403631)	(82.0, 0.0012031664585846914)	(83.0, 0.0006130638252712072)	(84.0, 0.00045577966036080387)	(85.0, 0.0003719713097151145)	(86.0, 0.00032030862781023755)	(87.0, 0.00029619937625462823)	(88.0, 0.00027209012469901897)	(89.0, 0.000250276992339182)	(90.0, 0.0002376483367624343)	(91.0, 0.00021124296601105272)	(92.0, 0.0002089468468152804)	(93.0, 0.00020320654882584959)	(94.0, 0.0002238716215878004)	(95.0, 0.00027438624389479124)	(96.0, 0.0003065319126356036)	(97.0, 0.0003926363824770653)	(98.0, 0.000515478759450884)	(99.0, 0.0007600154538006353)	(100.0, 0.0013822637558549317)
RNA-Seq_FZX_Le_C3_R1	(0.0, 0.0005680089353252188)	(1.0, 0.0004992772605027608)	(2.0, 0.00045518524269212734)	(3.0, 0.00045388841863887346)	(4.0, 0.0003216123652069732)	(5.0, 0.0002775203473963398)	(6.0, 0.00040590592866847824)	(7.0, 0.0007482674787275142)	(8.0, 0.0013201668862124949)	(9.0, 0.0023874530820404746)	(10.0, 0.004024045037246926)	(11.0, 0.005932970043636703)	(12.0, 0.008141461406328135)	(13.0, 0.011080064711001527)	(14.0, 0.014248205873100864)	(15.0, 0.017724991159874633)	(16.0, 0.021763301261707356)	(17.0, 0.02747581121629089)	(18.0, 0.035507042578092445)	(19.0, 0.04671549287036611)	(20.0, 0.060189494783674385)	(21.0, 0.0740642153294381)	(22.0, 0.09615561307661871)	(23.0, 0.1291143963900672)	(24.0, 0.17350338690889577)	(25.0, 0.2309591765883109)	(26.0, 0.2949444753758595)	(27.0, 0.3772098060180754)	(28.0, 0.4780728904080059)	(29.0, 0.5963276821761246)	(30.0, 0.7511204916446729)	(31.0, 0.9913441792694297)	(32.0, 1.251507833537019)	(33.0, 1.4491425224288639)	(34.0, 1.6537320787183094)	(35.0, 1.8958919246545742)	(36.0, 2.2596471811201404)	(37.0, 2.679735177635003)	(38.0, 3.205287390280742)	(39.0, 3.578995771355032)	(40.0, 4.234773758604477)	(41.0, 5.648979841038679)	(42.0, 7.463529773776954)	(43.0, 7.433468095398475)	(44.0, 6.423759590710917)	(45.0, 6.346712680058994)	(46.0, 5.843315409539046)	(47.0, 5.114917868955488)	(48.0, 4.3859082274187955)	(49.0, 3.713484206621783)	(50.0, 3.0594232144188473)	(51.0, 2.424464440520341)	(52.0, 2.020580260550886)	(53.0, 1.8185571190628298)	(54.0, 1.5064517709902612)	(55.0, 1.151754830536674)	(56.0, 0.9390173287206338)	(57.0, 0.7743492040865572)	(58.0, 0.6751655068455905)	(59.0, 0.6383772021028832)	(60.0, 0.6225663232456113)	(61.0, 0.5922141562792033)	(62.0, 0.5126565942601815)	(63.0, 0.4020219406289828)	(64.0, 0.3645203826569858)	(65.0, 0.37999279043635836)	(66.0, 0.3534870036119014)	(67.0, 0.3206384503429795)	(68.0, 0.3073849085187244)	(69.0, 0.2249821145268635)	(70.0, 0.13214766785062812)	(71.0, 0.08628159473514334)	(72.0, 0.05598259755491865)	(73.0, 0.04526564357882822)	(74.0, 0.04329058054572249)	(75.0, 0.05084976795213962)	(76.0, 0.08334558507857645)	(77.0, 0.22210186830458659)	(78.0, 0.44963094527204084)	(79.0, 0.45651319052265943)	(80.0, 0.21034226778967996)	(81.0, 0.037272020114571036)	(82.0, 0.001812960026448986)	(83.0, 0.0005265105656210933)	(84.0, 9.985545210055216e-05)	(85.0, 2.853012917158633e-05)	(86.0, 2.3342832958570632e-05)	(87.0, 1.556188863904709e-05)	(88.0, 3.890472159761773e-06)	(89.0, 3.890472159761773e-06)	(90.0, 2.593648106507848e-06)	(91.0, 0.0)	(92.0, 1.296824053253924e-06)	(93.0, 2.593648106507848e-06)	(94.0, 2.593648106507848e-06)	(95.0, 1.296824053253924e-06)	(96.0, 0.0)	(97.0, 0.0)	(98.0, 0.0)	(99.0, 0.0)	(100.0, 0.0)
RNA-Seq_FZX_Le_C3_R2	(0.0, 3.371786352048913e-05)	(1.0, 4.149890894829432e-05)	(2.0, 7.781045427805185e-05)	(3.0, 0.00010634095418000419)	(4.0, 0.0001530272267468353)	(5.0, 0.0002515871354990343)	(6.0, 0.00037478702143928304)	(7.0, 0.0006069215433688043)	(8.0, 0.0008442434289168626)	(9.0, 0.0011671568141707776)	(10.0, 0.0015289754265637187)	(11.0, 0.002082726492842521)	(12.0, 0.0027168816952086437)	(13.0, 0.0034210663064250125)	(14.0, 0.004311996007908706)	(15.0, 0.0060497628201185314)	(16.0, 0.008333499653179352)	(17.0, 0.010657438554283836)	(18.0, 0.014130378496894216)	(19.0, 0.019038921320934654)	(20.0, 0.024585509870055117)	(21.0, 0.03235358688881396)	(22.0, 0.04338581246453708)	(23.0, 0.05797656948257643)	(24.0, 0.07966234308986947)	(25.0, 0.11101865932301974)	(26.0, 0.15462493474134462)	(27.0, 0.21482039901175018)	(28.0, 0.2893796731418841)	(29.0, 0.384508140860421)	(30.0, 0.5213261531402335)	(31.0, 0.694673580021782)	(32.0, 0.8819283287646277)	(33.0, 1.119224277494593)	(34.0, 1.484829665329066)	(35.0, 2.01420141944165)	(36.0, 2.675675872304797)	(37.0, 3.2578679564631314)	(38.0, 3.585639307745806)	(39.0, 3.8136226419395935)	(40.0, 4.31884203104427)	(41.0, 4.975791805991149)	(42.0, 5.617586698126471)	(43.0, 6.32373861699517)	(44.0, 6.543112224423091)	(45.0, 6.115244207916225)	(46.0, 5.598656711441525)	(47.0, 5.468818296910454)	(48.0, 4.9927778281600474)	(49.0, 3.985953345551909)	(50.0, 3.178371609009055)	(51.0, 2.767739904965683)	(52.0, 2.537277010962235)	(53.0, 2.197678470629296)	(54.0, 2.0660128072635957)	(55.0, 1.9116679901576519)	(56.0, 1.5351989660650582)	(57.0, 1.2297734804101352)	(58.0, 1.0044784974116547)	(59.0, 0.8433278592381908)	(60.0, 0.7377961337826784)	(61.0, 0.6167334416532668)	(62.0, 0.49465791677733584)	(63.0, 0.40633527012631915)	(64.0, 0.3456677557666268)	(65.0, 0.2781516245895612)	(66.0, 0.21067439863963464)	(67.0, 0.16175496603502343)	(68.0, 0.12975801039498389)	(69.0, 0.10198227189952866)	(70.0, 0.07992949231622413)	(71.0, 0.06439074459689717)	(72.0, 0.05930323772801721)	(73.0, 0.24240420505331955)	(74.0, 0.4484268353680313)	(75.0, 0.3607487186466179)	(76.0, 0.2077863339450143)	(77.0, 0.1353629567848129)	(78.0, 0.08713344354146708)	(79.0, 0.05809976936851668)	(80.0, 0.028360613743445263)	(81.0, 0.006966629339694909)	(82.0, 0.0014018850179095673)	(83.0, 0.0005278142481861183)	(84.0, 0.0002554776582129369)	(85.0, 0.0001919324538858612)	(86.0, 0.00015821459036537207)	(87.0, 0.0001426524995097617)	(88.0, 0.00013616829498659072)	(89.0, 0.00012838724955878555)	(90.0, 0.00012319988594024876)	(91.0, 0.00011671568141707776)	(92.0, 0.00012709040865415135)	(93.0, 0.00014005881770049334)	(94.0, 0.00016210511307927468)	(95.0, 0.00021397874926464258)	(96.0, 0.000282711317210255)	(97.0, 0.00044222274848026137)	(98.0, 0.0007638392928295423)	(99.0, 0.0012164367685468772)	(100.0, 0.0017624067893978745)
RNA-Seq_FZX_Le_M1_R1	(0.0, 0.00018137626614766987)	(1.0, 0.0002284869846275841)	(2.0, 0.00035686369248535044)	(3.0, 0.0004404852177871983)	(4.0, 0.0003674636041433312)	(5.0, 0.00026028671960152624)	(6.0, 0.0002002205535396356)	(7.0, 0.00024733127201954984)	(8.0, 0.0003674636041433312)	(9.0, 0.0005170401353170589)	(10.0, 0.0008315041811704864)	(11.0, 0.0013626775320315196)	(12.0, 0.0020540273257242613)	(13.0, 0.0032176620721781433)	(14.0, 0.0051951344803725435)	(15.0, 0.008066532771723318)	(16.0, 0.011830679178268466)	(17.0, 0.016996369459591064)	(18.0, 0.024309130735635752)	(19.0, 0.035373082970643614)	(20.0, 0.04852050673042568)	(21.0, 0.06307536320479519)	(22.0, 0.08379230165633748)	(23.0, 0.11519159552320034)	(24.0, 0.160959658526437)	(25.0, 0.21592255600899102)	(26.0, 0.2817786293720631)	(27.0, 0.36911012375420416)	(28.0, 0.4736276082378179)	(29.0, 0.5945879112388838)	(30.0, 0.7529505914091155)	(31.0, 0.9948535308918172)	(32.0, 1.2558068671598341)	(33.0, 1.4601602084781202)	(34.0, 1.6622004135190425)	(35.0, 1.8994240808887268)	(36.0, 2.233225898910197)	(37.0, 2.596467204909766)	(38.0, 3.0667523076714343)	(39.0, 3.457260119759215)	(40.0, 4.111956596706621)	(41.0, 5.399337067391694)	(42.0, 7.277604902379053)	(43.0, 7.4094831143878395)	(44.0, 6.49020342031354)	(45.0, 6.382296319635296)	(46.0, 5.6975891372482215)	(47.0, 5.059775964036054)	(48.0, 4.445508727920148)	(49.0, 3.689367563101981)	(50.0, 3.0190161944036986)	(51.0, 2.4106319092579724)	(52.0, 1.9993518036244349)	(53.0, 1.8098147832680818)	(54.0, 1.5314728808091285)	(55.0, 1.1786936876159866)	(56.0, 0.958745520712887)	(57.0, 0.7988234757609701)	(58.0, 0.7072166836767767)	(59.0, 0.6514529039800643)	(60.0, 0.6284063404996901)	(61.0, 0.5990010077924897)	(62.0, 0.529085168264411)	(63.0, 0.4294860427901003)	(64.0, 0.38612415973322517)	(65.0, 0.39655800610856423)	(66.0, 0.3913876047553936)	(67.0, 0.3851949008112089)	(68.0, 0.35184640096723957)	(69.0, 0.24342461568960294)	(70.0, 0.21146117096894312)	(71.0, 0.19092678655151046)	(72.0, 0.11077967673755636)	(73.0, 0.07338201064023843)	(74.0, 0.05117755125269285)	(75.0, 0.05555767030336287)	(76.0, 0.0905962671727991)	(77.0, 0.2610828907438368)	(78.0, 0.5443961517703831)	(79.0, 0.6177604958911915)	(80.0, 0.38600638293702544)	(81.0, 0.12275639914311257)	(82.0, 0.013761040867982953)	(83.0, 0.0015252095107872237)	(84.0, 0.00026853109533551126)	(85.0, 0.0001531098350597213)	(86.0, 0.00012719893989576847)	(87.0, 0.00013426554766775563)	(88.0, 0.0001589986748697106)	(89.0, 0.00016488751467969988)	(90.0, 0.0001613542107937063)	(91.0, 0.00016488751467969988)	(92.0, 0.00014957653117372773)	(93.0, 0.0001260211719337706)	(94.0, 0.00013073224378176205)	(95.0, 0.0001130657243517942)	(96.0, 4.357741459392068e-05)	(97.0, 2.3555359239957123e-06)	(98.0, 2.3555359239957123e-06)	(99.0, 0.0)	(100.0, 1.1777679619978562e-06)
RNA-Seq_FZX_Le_M1_R2	(0.0, 2.3555570919022365e-06)	(1.0, 1.29555640054623e-05)	(2.0, 3.062224219472908e-05)	(3.0, 4.122224910828914e-05)	(4.0, 7.537782694087157e-05)	(5.0, 0.00011424451895725847)	(6.0, 0.00018373345316837443)	(7.0, 0.00028148907248231724)	(8.0, 0.0004228224979964514)	(9.0, 0.0006854671137435509)	(10.0, 0.0009563561793123081)	(11.0, 0.00127435638671911)	(12.0, 0.0017478233621914597)	(13.0, 0.0024627349395837887)	(14.0, 0.0035062467312964793)	(15.0, 0.004979647692281328)	(16.0, 0.00679342665304605)	(17.0, 0.00907831703219122)	(18.0, 0.012182941279318368)	(19.0, 0.01686343322092811)	(20.0, 0.023511993112822174)	(21.0, 0.03272457689925182)	(22.0, 0.045839141008417524)	(23.0, 0.06359768592426848)	(24.0, 0.08843703545837757)	(25.0, 0.12429921440404318)	(26.0, 0.17597542588619444)	(27.0, 0.24746069473269758)	(28.0, 0.33534064093884025)	(29.0, 0.44632506888090606)	(30.0, 0.604843461159013)	(31.0, 0.7993194324450077)	(32.0, 1.0065566342763825)	(33.0, 1.2557639745927256)	(34.0, 1.6216302798855269)	(35.0, 2.11713702528826)	(36.0, 2.6722711651368596)	(37.0, 3.1576337039233153)	(38.0, 3.489816720580461)	(39.0, 3.7779331529408453)	(40.0, 4.286354240099932)	(41.0, 4.8691614646642)	(42.0, 5.479884396324601)	(43.0, 6.261311017099519)	(44.0, 6.587877207871023)	(45.0, 6.13367397829625)	(46.0, 5.515993908764917)	(47.0, 5.379695486534723)	(48.0, 4.894098569817622)	(49.0, 3.832322966192868)	(50.0, 3.0465632981473956)	(51.0, 2.7063042540006634)	(52.0, 2.5192105986406905)	(53.0, 2.1631681441996675)	(54.0, 1.9834626936584456)	(55.0, 1.847225515912642)	(56.0, 1.5064470714271454)	(57.0, 1.185974706852392)	(58.0, 0.9480952405910068)	(59.0, 0.802227367674961)	(60.0, 0.7074350391826311)	(61.0, 0.5891413175843927)	(62.0, 0.47461884289028977)	(63.0, 0.39878050453795133)	(64.0, 0.3483998494563463)	(65.0, 0.2902034559438096)	(66.0, 0.2263313476183345)	(67.0, 0.17345262424076716)	(68.0, 0.13399468739431278)	(69.0, 0.10750762567441807)	(70.0, 0.09764373035207746)	(71.0, 0.0896265917897882)	(72.0, 0.09841281974258353)	(73.0, 0.3481784270897075)	(74.0, 0.6164634242933668)	(75.0, 0.4940227444348344)	(76.0, 0.2873862096618945)	(77.0, 0.1864647216164351)	(78.0, 0.110738272225962)	(79.0, 0.07049004597517443)	(80.0, 0.03506246731296479)	(81.0, 0.009177250430051114)	(82.0, 0.002109401375798453)	(83.0, 0.0008998228091066545)	(84.0, 0.0005311781242239544)	(85.0, 0.00040751137689908697)	(86.0, 0.0003168224288608508)	(87.0, 0.000279133515390415)	(88.0, 0.00023202237355237032)	(89.0, 0.00020493346699549457)	(90.0, 0.00019551123862788565)	(91.0, 0.0001919779029900323)	(92.0, 0.00021200013827120132)	(93.0, 0.00023437793064427255)	(94.0, 0.00024026682337402816)	(95.0, 0.00024380015901188148)	(96.0, 0.0002732446226606595)	(97.0, 0.00033566688559606874)	(98.0, 0.0004770003111102029)	(99.0, 0.0007054893490247198)	(100.0, 0.0012131119023296518)
RNA-Seq_FZX_Le_M2_R1	(0.0, 0.00018170886741544347)	(1.0, 0.00018928007022442028)	(2.0, 0.0002321835528086222)	(3.0, 0.0002700395668535063)	(4.0, 0.0002574208955052116)	(5.0, 0.000220826748595157)	(6.0, 0.0002006368744378855)	(7.0, 0.0002536352941007232)	(8.0, 0.00037098893763986375)	(9.0, 0.0006700514485944479)	(10.0, 0.001063753994661242)	(11.0, 0.0015281211002784864)	(12.0, 0.002336977933704176)	(13.0, 0.0038032675443760186)	(14.0, 0.005853801638473905)	(15.0, 0.008568077845492092)	(16.0, 0.012906377055035804)	(17.0, 0.01840180842721814)	(18.0, 0.025773636228891898)	(19.0, 0.03825981152802949)	(20.0, 0.05109678589064967)	(21.0, 0.06447636312124652)	(22.0, 0.08632433069368395)	(23.0, 0.11923130183576683)	(24.0, 0.16841509715001501)	(25.0, 0.22778216024233705)	(26.0, 0.2958195124180723)	(27.0, 0.38634838440500807)	(28.0, 0.495434274476746)	(29.0, 0.6247844888667103)	(30.0, 0.7894922203745963)	(31.0, 1.0375071582567892)	(32.0, 1.3132882205737695)	(33.0, 1.530951468261909)	(34.0, 1.737843418087144)	(35.0, 1.9759590082965999)	(36.0, 2.3073089136300653)	(37.0, 2.6675946942323057)	(38.0, 3.142943829523971)	(39.0, 3.535383246588801)	(40.0, 4.150949796035582)	(41.0, 5.457041588339419)	(42.0, 7.475646658324715)	(43.0, 7.588532030339425)	(44.0, 6.492532282914751)	(45.0, 6.320481746549292)	(46.0, 5.6417701038085095)	(47.0, 4.9681437856210895)	(48.0, 4.323377630674355)	(49.0, 3.582908948487883)	(50.0, 2.9454969552029344)	(51.0, 2.357430276225492)	(52.0, 1.948083101421082)	(53.0, 1.7532495539362771)	(54.0, 1.479525335049069)	(55.0, 1.1410395710681425)	(56.0, 0.9234066081912389)	(57.0, 0.7545864516909435)	(58.0, 0.6540484495905405)	(59.0, 0.6064028703136495)	(60.0, 0.587988443215083)	(61.0, 0.5557704515286169)	(62.0, 0.48662265627423174)	(63.0, 0.402006893681107)	(64.0, 0.36782165113144183)	(65.0, 0.3688235736364964)	(66.0, 0.36529286939324357)	(67.0, 0.36416097457330154)	(68.0, 0.3276463252927412)	(69.0, 0.22111823990330262)	(70.0, 0.1814779457297697)	(71.0, 0.15880345518401898)	(72.0, 0.08687324289733477)	(73.0, 0.0532735066982305)	(74.0, 0.03897402832634297)	(75.0, 0.04174635042156331)	(76.0, 0.06498363370944797)	(77.0, 0.19066055286992373)	(78.0, 0.4305995410892079)	(79.0, 0.6182568501782375)	(80.0, 0.5535811120496879)	(81.0, 0.24899540864595526)	(82.0, 0.03537013578927001)	(83.0, 0.003778030201679429)	(84.0, 0.0003697270705050343)	(85.0, 0.00018170886741544347)	(86.0, 0.00014637658764021837)	(87.0, 0.00010221123792118697)	(88.0, 8.328323089874493e-05)	(89.0, 8.580696516840386e-05)	(90.0, 8.328323089874493e-05)	(91.0, 7.445016095493865e-05)	(92.0, 7.697389522459759e-05)	(93.0, 7.066455955045024e-05)	(94.0, 5.299841966283769e-05)	(95.0, 4.4165349719031405e-05)	(96.0, 1.892800702244203e-05)	(97.0, 1.2618671348294686e-06)	(98.0, 1.2618671348294686e-06)	(99.0, 0.0)	(100.0, 0.0)
RNA-Seq_FZX_Le_M2_R2	(0.0, 5.047537136907467e-06)	(1.0, 1.8928264263403002e-05)	(2.0, 2.7761454252991065e-05)	(3.0, 5.173725565330154e-05)	(4.0, 0.00011609335414887173)	(5.0, 0.0002006396011920718)	(6.0, 0.00027382888967723005)	(7.0, 0.0004012792023841436)	(8.0, 0.0006069663407131229)	(9.0, 0.0009489369817386038)	(10.0, 0.001258098631374186)	(11.0, 0.0014776664968296608)	(12.0, 0.002147727051754127)	(13.0, 0.0031105447606192267)	(14.0, 0.004343405706308875)	(15.0, 0.005930856135866274)	(16.0, 0.00826408017740175)	(17.0, 0.011223198823913753)	(18.0, 0.014917996008130017)	(19.0, 0.020577547022887516)	(20.0, 0.02818923302534397)	(21.0, 0.03852658908173047)	(22.0, 0.05322123157155233)	(23.0, 0.07266939216005679)	(24.0, 0.10152490008747256)	(25.0, 0.14445420343687057)	(26.0, 0.20217405248169168)	(27.0, 0.28016481066833315)	(28.0, 0.37645162909198)	(29.0, 0.49878373914206936)	(30.0, 0.6654635104770278)	(31.0, 0.8694622476337115)	(32.0, 1.0895436999928665)	(33.0, 1.3470173074622322)	(34.0, 1.7204606044206154)	(35.0, 2.2246464701834596)	(36.0, 2.784544527094921)	(37.0, 3.267155957250339)	(38.0, 3.5742354978169466)	(39.0, 3.8497502648979034)	(40.0, 4.35233353761978)	(41.0, 4.912197523655567)	(42.0, 5.509483950024386)	(43.0, 6.314725120780938)	(44.0, 6.637823020451522)	(45.0, 6.124180593862682)	(46.0, 5.468243047847283)	(47.0, 5.2909091875005965)	(48.0, 4.798497963993873)	(49.0, 3.7525296521039286)	(50.0, 2.9613383009679572)	(51.0, 2.6101230956762302)	(52.0, 2.4146711007766153)	(53.0, 2.062402222107559)	(54.0, 1.8931848014770203)	(55.0, 1.766669545024719)	(56.0, 1.4301313158428348)	(57.0, 1.1166552838394808)	(58.0, 0.8907098552115235)	(59.0, 0.754483137307812)	(60.0, 0.6639896296330507)	(61.0, 0.5555811507751206)	(62.0, 0.44551329408343215)	(63.0, 0.3664045064209657)	(64.0, 0.31452213407497803)	(65.0, 0.25969073815675225)	(66.0, 0.20208950623464847)	(67.0, 0.1557417583592799)	(68.0, 0.1215308135296053)	(69.0, 0.09686854707867541)	(70.0, 0.08435317874771335)	(71.0, 0.07417355822685523)	(72.0, 0.0817347688579426)	(73.0, 0.3567119732338191)	(74.0, 0.6497151946098764)	(75.0, 0.5207253830762061)	(76.0, 0.299754302296671)	(77.0, 0.19032874470565406)	(78.0, 0.1108880814764359)	(79.0, 0.06668932253710567)	(80.0, 0.03495167090451575)	(81.0, 0.010650303358874754)	(82.0, 0.0024329128999893987)	(83.0, 0.0010360069973502576)	(84.0, 0.0006877269349036423)	(85.0, 0.0005274676308068303)	(86.0, 0.00041515992951063915)	(87.0, 0.0003318755667516659)	(88.0, 0.00029654280679331364)	(89.0, 0.00027887642681413753)	(90.0, 0.00023218670829774346)	(91.0, 0.00021578221260279418)	(92.0, 0.0002195678654554748)	(93.0, 0.00024859120399269274)	(94.0, 0.00030411411249867484)	(95.0, 0.00034323252530970774)	(96.0, 0.0003571132524362033)	(97.0, 0.0004189455823633198)	(98.0, 0.0006258946049765259)	(99.0, 0.000964079593149326)	(100.0, 0.0018208990221393684)
RNA-Seq_FZX_Le_M3_R1	(0.0, 0.00019631078436712818)	(1.0, 0.00023491121949549608)	(2.0, 0.00033858095955454124)	(3.0, 0.00039703304703464124)	(4.0, 0.00031652356805261675)	(5.0, 0.00023049974119511118)	(6.0, 0.00024263130652116963)	(7.0, 0.0003308608725288677)	(8.0, 0.0004918798304929166)	(9.0, 0.0008326665291976505)	(10.0, 0.0013421922728921066)	(11.0, 0.0018925241908651232)	(12.0, 0.0027847456771179697)	(13.0, 0.004726898998862423)	(14.0, 0.007270116239034319)	(15.0, 0.010069199220628539)	(16.0, 0.014285469606221412)	(17.0, 0.02040639574800546)	(18.0, 0.028885257041345244)	(19.0, 0.04280898542693509)	(20.0, 0.056358841026567325)	(21.0, 0.07026271775980544)	(22.0, 0.0943526978886323)	(23.0, 0.13012316968730328)	(24.0, 0.180985308751591)	(25.0, 0.24243278999765233)	(26.0, 0.31464427829665276)	(27.0, 0.40915468653452386)	(28.0, 0.5231351542511437)	(29.0, 0.6574018049320834)	(30.0, 0.8275481114996288)	(31.0, 1.0834061328349274)	(32.0, 1.3666848004158436)	(33.0, 1.5879281572671722)	(34.0, 1.7957264311285026)	(35.0, 2.0361244267601024)	(36.0, 2.3784661715657216)	(37.0, 2.7455232235492475)	(38.0, 3.2123237999044765)	(39.0, 3.6033517221027185)	(40.0, 4.163334851727402)	(41.0, 5.42073851168611)	(42.0, 7.333186041425348)	(43.0, 7.446457364005181)	(44.0, 6.518141162298583)	(45.0, 6.442274764227715)	(46.0, 5.795141777909352)	(47.0, 5.032286892815294)	(48.0, 4.320919473834602)	(49.0, 3.581995755650555)	(50.0, 2.9379805816209896)	(51.0, 2.3520215648940646)	(52.0, 1.9543620879407686)	(53.0, 1.7577182369619613)	(54.0, 1.4678675695830468)	(55.0, 1.1236233747603863)	(56.0, 0.9079373776979679)	(57.0, 0.7418352938623004)	(58.0, 0.6426299698432446)	(59.0, 0.5942360528880223)	(60.0, 0.5715268654672159)	(61.0, 0.5488882616992157)	(62.0, 0.48546223243543174)	(63.0, 0.38738514399169943)	(64.0, 0.3539086409092286)	(65.0, 0.36740004442138074)	(66.0, 0.35205030567519147)	(67.0, 0.32652659509873955)	(68.0, 0.29732702022849183)	(69.0, 0.20956507092063462)	(70.0, 0.14299255475910114)	(71.0, 0.10868117940828247)	(72.0, 0.06084862306678406)	(73.0, 0.038755939738456466)	(74.0, 0.031084378974087123)	(75.0, 0.03315225942739254)	(76.0, 0.051063964196530344)	(77.0, 0.14698825122967477)	(78.0, 0.33793908946183526)	(79.0, 0.488835910465651)	(80.0, 0.43914060741181515)	(81.0, 0.1991980969147301)	(82.0, 0.028280884514192514)	(83.0, 0.003396838291296375)	(84.0, 0.0002668944371732866)	(85.0, 0.00012131565326058481)	(86.0, 8.933243558279427e-05)	(87.0, 7.72008702567358e-05)	(88.0, 5.8452087480099955e-05)	(89.0, 4.521765257894525e-05)	(90.0, 3.6394695978175445e-05)	(91.0, 3.198321767779054e-05)	(92.0, 3.4188956827982994e-05)	(93.0, 3.4188956827982994e-05)	(94.0, 3.970330470346412e-05)	(95.0, 3.970330470346412e-05)	(96.0, 1.764591320153961e-05)	(97.0, 0.0)	(98.0, 1.1028695750962256e-06)	(99.0, 1.1028695750962256e-06)	(100.0, 0.0)
RNA-Seq_FZX_Le_M3_R2	(0.0, 1.7646189748684288e-05)	(1.0, 2.42635109044409e-05)	(2.0, 3.8601040075246885e-05)	(3.0, 6.065877726110224e-05)	(4.0, 0.00012131755452220449)	(5.0, 0.0001907994266576489)	(6.0, 0.0002724130542453137)	(7.0, 0.00043564030942064335)	(8.0, 0.0006253368492189995)	(9.0, 0.0009815693047705634)	(10.0, 0.0014116951798947431)	(11.0, 0.0017602074274312579)	(12.0, 0.002201362171148365)	(13.0, 0.003031835976195819)	(14.0, 0.0043045674118196734)	(15.0, 0.0059511774927437765)	(16.0, 0.008197758025123146)	(17.0, 0.011107173559937468)	(18.0, 0.015154768333541926)	(19.0, 0.020229150773147953)	(20.0, 0.027108959001416237)	(21.0, 0.037156258289573356)	(22.0, 0.05134489773437481)	(23.0, 0.07065203509315401)	(24.0, 0.09901718222730471)	(25.0, 0.13935637199279702)	(26.0, 0.19504664395278531)	(27.0, 0.27227078184046494)	(28.0, 0.3673539666406724)	(29.0, 0.4885358660791838)	(30.0, 0.6550111230551308)	(31.0, 0.8638063545958597)	(32.0, 1.0840583748309218)	(33.0, 1.3388362681961443)	(34.0, 1.7135520046225958)	(35.0, 2.2124649331608652)	(36.0, 2.7760081345405503)	(37.0, 3.2911114421732375)	(38.0, 3.6340166129171076)	(39.0, 3.910199334447485)	(40.0, 4.3818080930102425)	(41.0, 4.951696202491439)	(42.0, 5.555156187969508)	(43.0, 6.264637790118248)	(44.0, 6.555332296943199)	(45.0, 6.1067440957944585)	(46.0, 5.502320187201368)	(47.0, 5.3729901596464025)	(48.0, 4.886880644657662)	(49.0, 3.8252141817309613)	(50.0, 3.025279313817324)	(51.0, 2.6487526371679135)	(52.0, 2.428061667962853)	(53.0, 2.081877614586305)	(54.0, 1.9331345725340672)	(55.0, 1.812005611664802)	(56.0, 1.4563863612070047)	(57.0, 1.1321629909726947)	(58.0, 0.9070527541224477)	(59.0, 0.7620418812020566)	(60.0, 0.6684001695269449)	(61.0, 0.5562961318272722)	(62.0, 0.4441115833868712)	(63.0, 0.3636592956620416)	(64.0, 0.3093818217688073)	(65.0, 0.2539771975053758)	(66.0, 0.19517457882846329)	(67.0, 0.14808903014467714)	(68.0, 0.1168299078917422)	(69.0, 0.09194216302494161)	(70.0, 0.07293280511817146)	(71.0, 0.05873644546535495)	(72.0, 0.05801515745937748)	(73.0, 0.2768157785876105)	(74.0, 0.5087186956042415)	(75.0, 0.403170217396205)	(76.0, 0.2319271805275355)	(77.0, 0.15039296079373973)	(78.0, 0.0919289283826301)	(79.0, 0.05686484646513512)	(80.0, 0.029747064368844542)	(81.0, 0.00868192535635267)	(82.0, 0.002059089766299598)	(83.0, 0.000870177731981994)	(84.0, 0.0005150481632897227)	(85.0, 0.00044225763057639995)	(86.0, 0.0003815988533152978)	(87.0, 0.0003253516234913666)	(88.0, 0.0002889563571347052)	(89.0, 0.00025035531705945834)	(90.0, 0.00024153222218511623)	(91.0, 0.0002492524302001656)	(92.0, 0.0002724130542453137)	(93.0, 0.0002999852257276329)	(94.0, 0.000304396773164804)	(95.0, 0.00033748337894358703)	(96.0, 0.0004268172145463012)	(97.0, 0.0005172539370083083)	(98.0, 0.0007014360425102005)	(99.0, 0.0010642858192175212)	(100.0, 0.002097690806374845)
