Sample	0	1	2	3	4	5	6	7	8	9	10	11	12	13	14	15	16	17	18	19	20	21	22	23	24	25	26	27	28	29	30	31	32	33	34	35	36	37	38	39	40	41	42	43	44	45	46	47	48	49	50	51	52	53	54	55	56	57	58	59	60	61	62	63	64	65	66	67	68	69	70	71	72	73	74	75	76	77	78	79	80	81	82	83	84	85	86	87	88	89	90	91	92	93	94	95	96	97	98	99	100	101	102	103	104	105	106	107	108	109	110	111	112	113	114	115	116	117	118	119	120	121	122	123	124	125	126	127	128	129	130	131	132	133	134	135	136	137	138	139	140	141	142	143	144	145	146	147	148	149
RNA-Seq_FZX_Fr_C1	(1, 36.5739)	(2, 36.5284)	(3, 36.6387)	(4, 36.6824)	(5, 36.6928)	(6, 36.6931)	(7, 36.6539)	(8, 36.6732)	(9, 36.6852)	(10, 36.6964)	(11, 36.7135)	(12, 36.7158)	(13, 36.7101)	(14, 36.7144)	(15, 36.714)	(16, 36.7094)	(17, 36.7112)	(18, 36.7094)	(19, 36.7078)	(20, 36.7059)	(21, 36.7115)	(22, 36.7042)	(23, 36.7017)	(24, 36.6911)	(25, 36.6917)	(26, 36.6807)	(27, 36.6677)	(28, 36.6722)	(29, 36.662)	(30, 36.6626)	(31, 36.6575)	(32, 36.6454)	(33, 36.6462)	(34, 36.6492)	(35, 36.6377)	(36, 36.6407)	(37, 36.637)	(38, 36.6335)	(39, 36.6358)	(40, 36.6236)	(41, 36.6171)	(42, 36.6148)	(43, 36.5721)	(44, 36.6044)	(45, 36.5924)	(46, 36.6056)	(47, 36.587)	(48, 36.5944)	(49, 36.5941)	(50, 36.5767)	(51, 36.5874)	(52, 36.5725)	(53, 36.5784)	(54, 36.5878)	(55, 36.577)	(56, 36.5748)	(57, 36.5763)	(58, 36.567)	(59, 36.5484)	(60, 36.5402)	(61, 36.537)	(62, 36.534)	(63, 36.5383)	(64, 36.5335)	(65, 36.5387)	(66, 36.5445)	(67, 36.5414)	(68, 36.5101)	(69, 36.5084)	(70, 36.5129)	(71, 36.521)	(72, 36.5323)	(73, 36.5299)	(74, 36.5346)	(75, 36.496)	(76, 36.4866)	(77, 36.482)	(78, 36.4502)	(79, 36.4699)	(80, 36.4491)	(81, 36.4612)	(82, 36.475)	(83, 36.4439)	(84, 36.4635)	(85, 36.4765)	(86, 36.4032)	(87, 36.4136)	(88, 36.4009)	(89, 36.3474)	(90, 36.3308)	(91, 36.3967)	(92, 36.383)	(93, 36.3848)	(94, 36.4129)	(95, 36.429)	(96, 36.4079)	(97, 36.3982)	(98, 36.3844)	(99, 36.3735)	(100, 36.3654)	(101, 36.3437)	(102, 36.3306)	(103, 36.3293)	(104, 36.3453)	(105, 36.3037)	(106, 36.3119)	(107, 36.3165)	(108, 36.3087)	(109, 36.3153)	(110, 36.3036)	(111, 36.2731)	(112, 36.2845)	(113, 36.2466)	(114, 36.2373)	(115, 36.2115)	(116, 36.2063)	(117, 36.2428)	(118, 36.2436)	(119, 36.216)	(120, 36.1983)	(121, 36.2109)	(122, 36.2083)	(123, 36.2017)	(124, 36.1888)	(125, 36.1994)	(126, 36.1486)	(127, 36.1294)	(128, 36.1055)	(129, 36.0924)	(130, 36.1379)	(131, 36.1573)	(132, 36.1287)	(133, 36.1345)	(134, 36.1468)	(135, 36.1242)	(136, 36.0882)	(137, 36.0989)	(138, 36.0497)	(139, 36.0098)	(140, 35.9725)	(141, 35.9425)	(142, 36.0266)	(143, 36.0232)	(144, 35.9756)	(145, 35.9778)	(146, 35.9234)	(147, 35.9134)	(148, 35.9113)	(149, 35.8994)	(150, 35.8474)
RNA-Seq_FZX_Fr_C2	(1, 36.5745)	(2, 36.5238)	(3, 36.6332)	(4, 36.6779)	(5, 36.6858)	(6, 36.6852)	(7, 36.6445)	(8, 36.6609)	(9, 36.6747)	(10, 36.6867)	(11, 36.7082)	(12, 36.7074)	(13, 36.7034)	(14, 36.7084)	(15, 36.7075)	(16, 36.7009)	(17, 36.7048)	(18, 36.7032)	(19, 36.7016)	(20, 36.7002)	(21, 36.7046)	(22, 36.6978)	(23, 36.6952)	(24, 36.6832)	(25, 36.6831)	(26, 36.6738)	(27, 36.6613)	(28, 36.6639)	(29, 36.6535)	(30, 36.6538)	(31, 36.6503)	(32, 36.6378)	(33, 36.6389)	(34, 36.6399)	(35, 36.6264)	(36, 36.6319)	(37, 36.6264)	(38, 36.6238)	(39, 36.6265)	(40, 36.6142)	(41, 36.6075)	(42, 36.6059)	(43, 36.5605)	(44, 36.5933)	(45, 36.583)	(46, 36.5981)	(47, 36.5786)	(48, 36.5866)	(49, 36.584)	(50, 36.5657)	(51, 36.577)	(52, 36.5619)	(53, 36.5675)	(54, 36.576)	(55, 36.5665)	(56, 36.5651)	(57, 36.5662)	(58, 36.5572)	(59, 36.5357)	(60, 36.5268)	(61, 36.524)	(62, 36.523)	(63, 36.5262)	(64, 36.5242)	(65, 36.5288)	(66, 36.5328)	(67, 36.5297)	(68, 36.501)	(69, 36.4993)	(70, 36.5011)	(71, 36.5104)	(72, 36.5229)	(73, 36.5201)	(74, 36.5225)	(75, 36.4855)	(76, 36.4755)	(77, 36.4707)	(78, 36.4383)	(79, 36.4603)	(80, 36.4377)	(81, 36.4511)	(82, 36.4637)	(83, 36.4322)	(84, 36.4535)	(85, 36.4656)	(86, 36.3881)	(87, 36.3984)	(88, 36.3842)	(89, 36.3279)	(90, 36.3103)	(91, 36.382)	(92, 36.3687)	(93, 36.3714)	(94, 36.4009)	(95, 36.4154)	(96, 36.3949)	(97, 36.3849)	(98, 36.3713)	(99, 36.3625)	(100, 36.3526)	(101, 36.3309)	(102, 36.318)	(103, 36.319)	(104, 36.3338)	(105, 36.2946)	(106, 36.3031)	(107, 36.3096)	(108, 36.3027)	(109, 36.307)	(110, 36.2946)	(111, 36.2667)	(112, 36.2782)	(113, 36.2396)	(114, 36.2262)	(115, 36.2017)	(116, 36.1983)	(117, 36.2341)	(118, 36.2369)	(119, 36.2076)	(120, 36.1853)	(121, 36.1975)	(122, 36.1953)	(123, 36.1919)	(124, 36.1712)	(125, 36.1876)	(126, 36.1319)	(127, 36.1205)	(128, 36.0944)	(129, 36.0841)	(130, 36.1275)	(131, 36.1428)	(132, 36.1159)	(133, 36.1246)	(134, 36.1341)	(135, 36.1124)	(136, 36.0769)	(137, 36.0847)	(138, 36.036)	(139, 35.9983)	(140, 35.9623)	(141, 35.9343)	(142, 36.0191)	(143, 36.0151)	(144, 35.9638)	(145, 35.9673)	(146, 35.915)	(147, 35.9029)	(148, 35.9009)	(149, 35.8882)	(150, 35.8378)
RNA-Seq_FZX_Fr_C3	(1, 36.584)	(2, 36.5402)	(3, 36.6485)	(4, 36.6895)	(5, 36.6978)	(6, 36.6967)	(7, 36.6595)	(8, 36.6812)	(9, 36.6926)	(10, 36.7063)	(11, 36.7228)	(12, 36.7211)	(13, 36.7184)	(14, 36.72)	(15, 36.72)	(16, 36.7155)	(17, 36.7156)	(18, 36.7128)	(19, 36.7136)	(20, 36.7119)	(21, 36.717)	(22, 36.7112)	(23, 36.7061)	(24, 36.6967)	(25, 36.6941)	(26, 36.687)	(27, 36.6729)	(28, 36.6805)	(29, 36.6706)	(30, 36.6692)	(31, 36.6661)	(32, 36.6529)	(33, 36.6545)	(34, 36.6556)	(35, 36.6431)	(36, 36.6473)	(37, 36.6426)	(38, 36.6376)	(39, 36.6367)	(40, 36.6296)	(41, 36.6272)	(42, 36.6184)	(43, 36.6155)	(44, 36.6114)	(45, 36.6013)	(46, 36.6158)	(47, 36.5971)	(48, 36.604)	(49, 36.6047)	(50, 36.5896)	(51, 36.6005)	(52, 36.5825)	(53, 36.5849)	(54, 36.595)	(55, 36.5852)	(56, 36.5863)	(57, 36.5847)	(58, 36.5774)	(59, 36.5606)	(60, 36.5509)	(61, 36.5508)	(62, 36.5468)	(63, 36.5476)	(64, 36.5473)	(65, 36.5489)	(66, 36.5536)	(67, 36.5506)	(68, 36.5282)	(69, 36.5229)	(70, 36.5251)	(71, 36.538)	(72, 36.5481)	(73, 36.542)	(74, 36.5473)	(75, 36.5139)	(76, 36.5024)	(77, 36.4971)	(78, 36.4658)	(79, 36.4867)	(80, 36.466)	(81, 36.4802)	(82, 36.4902)	(83, 36.4585)	(84, 36.4781)	(85, 36.4907)	(86, 36.4123)	(87, 36.4187)	(88, 36.4131)	(89, 36.3656)	(90, 36.3477)	(91, 36.4152)	(92, 36.4071)	(93, 36.4066)	(94, 36.4311)	(95, 36.4475)	(96, 36.4294)	(97, 36.4227)	(98, 36.4106)	(99, 36.4001)	(100, 36.3908)	(101, 36.3725)	(102, 36.3635)	(103, 36.363)	(104, 36.376)	(105, 36.3317)	(106, 36.3387)	(107, 36.3457)	(108, 36.3418)	(109, 36.3501)	(110, 36.3364)	(111, 36.3114)	(112, 36.3199)	(113, 36.2854)	(114, 36.2772)	(115, 36.2573)	(116, 36.2516)	(117, 36.28)	(118, 36.2808)	(119, 36.2592)	(120, 36.2467)	(121, 36.2591)	(122, 36.2541)	(123, 36.2475)	(124, 36.2345)	(125, 36.2471)	(126, 36.2061)	(127, 36.1911)	(128, 36.1644)	(129, 36.156)	(130, 36.1911)	(131, 36.1991)	(132, 36.1813)	(133, 36.1925)	(134, 36.2025)	(135, 36.1827)	(136, 36.1476)	(137, 36.153)	(138, 36.1159)	(139, 36.0858)	(140, 36.0421)	(141, 36.0221)	(142, 36.0992)	(143, 36.1003)	(144, 36.0593)	(145, 36.0511)	(146, 36.0117)	(147, 35.9954)	(148, 35.9815)	(149, 35.9838)	(150, 35.9437)
RNA-Seq_FZX_Fr_M1	(1, 36.3795)	(2, 36.3744)	(3, 36.5155)	(4, 36.5782)	(5, 36.5989)	(6, 36.6083)	(7, 36.5627)	(8, 36.5873)	(9, 36.5946)	(10, 36.6204)	(11, 36.6381)	(12, 36.6348)	(13, 36.622)	(14, 36.615)	(15, 36.6299)	(16, 36.6299)	(17, 36.6172)	(18, 36.623)	(19, 36.6312)	(20, 36.6069)	(21, 36.6377)	(22, 36.6347)	(23, 36.6304)	(24, 36.6257)	(25, 36.6228)	(26, 36.6022)	(27, 36.5845)	(28, 36.5728)	(29, 36.5226)	(30, 36.5155)	(31, 36.5161)	(32, 36.5221)	(33, 36.4979)	(34, 36.5112)	(35, 36.5176)	(36, 36.5252)	(37, 36.5051)	(38, 36.5001)	(39, 36.4792)	(40, 36.4801)	(41, 36.4521)	(42, 36.415)	(43, 36.436)	(44, 36.4431)	(45, 36.4085)	(46, 36.4175)	(47, 36.4259)	(48, 36.4165)	(49, 36.3963)	(50, 36.3988)	(51, 36.3934)	(52, 36.3988)	(53, 36.423)	(54, 36.4158)	(55, 36.3861)	(56, 36.3415)	(57, 36.2364)	(58, 36.1079)	(59, 36.0267)	(60, 35.9901)	(61, 36.0134)	(62, 36.0062)	(63, 36.0146)	(64, 35.9618)	(65, 35.9617)	(66, 35.9222)	(67, 35.8025)	(68, 35.8707)	(69, 35.9062)	(70, 35.8399)	(71, 35.8261)	(72, 35.8858)	(73, 35.876)	(74, 35.8887)	(75, 35.8884)	(76, 35.9093)	(77, 35.9231)	(78, 35.9172)	(79, 35.8839)	(80, 35.8814)	(81, 35.8395)	(82, 35.8102)	(83, 35.8209)	(84, 35.7838)	(85, 35.7571)	(86, 35.7388)	(87, 35.7794)	(88, 35.7597)	(89, 35.7497)	(90, 35.6826)	(91, 35.6883)	(92, 35.6609)	(93, 35.6012)	(94, 35.612)	(95, 35.6241)	(96, 35.5547)	(97, 35.5591)	(98, 35.6447)	(99, 35.6544)	(100, 35.6192)	(101, 35.6636)	(102, 35.6992)	(103, 35.6595)	(104, 35.6678)	(105, 35.6159)	(106, 35.6261)	(107, 35.653)	(108, 35.6929)	(109, 35.6472)	(110, 35.6297)	(111, 35.6291)	(112, 35.6361)	(113, 35.5704)	(114, 35.5589)	(115, 35.5152)	(116, 35.5294)	(117, 35.3472)	(118, 35.1042)	(119, 35.0457)	(120, 35.1885)	(121, 35.278)	(122, 35.3969)	(123, 35.4919)	(124, 35.4766)	(125, 35.4899)	(126, 35.4273)	(127, 35.3369)	(128, 35.3078)	(129, 35.2312)	(130, 35.35)	(131, 35.3162)	(132, 35.2366)	(133, 35.1742)	(134, 35.1735)	(135, 35.1248)	(136, 35.1283)	(137, 35.1676)	(138, 35.1505)	(139, 35.1637)	(140, 35.1324)	(141, 35.1289)	(142, 35.0881)	(143, 34.8591)	(144, 34.9226)	(145, 34.9359)	(146, 34.9434)	(147, 34.794)	(148, 34.7488)	(149, 34.9374)	(150, 34.8771)
RNA-Seq_FZX_Fr_M2	(1, 36.3696)	(2, 36.3702)	(3, 36.5125)	(4, 36.5746)	(5, 36.5949)	(6, 36.6025)	(7, 36.5574)	(8, 36.5857)	(9, 36.5948)	(10, 36.6177)	(11, 36.6342)	(12, 36.6318)	(13, 36.6197)	(14, 36.6095)	(15, 36.627)	(16, 36.6261)	(17, 36.6142)	(18, 36.6208)	(19, 36.6283)	(20, 36.603)	(21, 36.6355)	(22, 36.632)	(23, 36.6282)	(24, 36.6229)	(25, 36.6189)	(26, 36.5982)	(27, 36.5777)	(28, 36.5679)	(29, 36.5153)	(30, 36.5097)	(31, 36.5096)	(32, 36.5156)	(33, 36.4887)	(34, 36.5018)	(35, 36.5089)	(36, 36.5158)	(37, 36.4973)	(38, 36.4915)	(39, 36.469)	(40, 36.4699)	(41, 36.4432)	(42, 36.4046)	(43, 36.4217)	(44, 36.4301)	(45, 36.3965)	(46, 36.4067)	(47, 36.4137)	(48, 36.4043)	(49, 36.3844)	(50, 36.3886)	(51, 36.3815)	(52, 36.385)	(53, 36.409)	(54, 36.399)	(55, 36.3701)	(56, 36.3224)	(57, 36.2108)	(58, 36.0852)	(59, 36.0038)	(60, 35.9726)	(61, 36.0005)	(62, 35.9906)	(63, 35.9962)	(64, 35.9437)	(65, 35.9411)	(66, 35.8977)	(67, 35.7801)	(68, 35.8503)	(69, 35.884)	(70, 35.8236)	(71, 35.8023)	(72, 35.8644)	(73, 35.8513)	(74, 35.8636)	(75, 35.8606)	(76, 35.8846)	(77, 35.8944)	(78, 35.891)	(79, 35.8585)	(80, 35.8599)	(81, 35.8217)	(82, 35.7945)	(83, 35.8024)	(84, 35.7645)	(85, 35.7352)	(86, 35.7119)	(87, 35.7473)	(88, 35.7296)	(89, 35.72)	(90, 35.651)	(91, 35.6528)	(92, 35.6314)	(93, 35.5711)	(94, 35.5824)	(95, 35.6008)	(96, 35.5305)	(97, 35.5293)	(98, 35.6121)	(99, 35.6228)	(100, 35.5865)	(101, 35.6271)	(102, 35.6648)	(103, 35.6209)	(104, 35.6414)	(105, 35.582)	(106, 35.5961)	(107, 35.6188)	(108, 35.6592)	(109, 35.6064)	(110, 35.5901)	(111, 35.615)	(112, 35.6256)	(113, 35.5553)	(114, 35.5279)	(115, 35.481)	(116, 35.4905)	(117, 35.3093)	(118, 35.0599)	(119, 35.0035)	(120, 35.1483)	(121, 35.2375)	(122, 35.3525)	(123, 35.454)	(124, 35.4404)	(125, 35.4468)	(126, 35.389)	(127, 35.3005)	(128, 35.2683)	(129, 35.1983)	(130, 35.316)	(131, 35.2807)	(132, 35.1971)	(133, 35.1305)	(134, 35.1326)	(135, 35.0857)	(136, 35.0861)	(137, 35.1213)	(138, 35.1059)	(139, 35.1183)	(140, 35.0868)	(141, 35.0884)	(142, 35.0437)	(143, 34.8205)	(144, 34.8835)	(145, 34.895)	(146, 34.8991)	(147, 34.7571)	(148, 34.7134)	(149, 34.8991)	(150, 34.8369)
RNA-Seq_FZX_Fr_M3	(1, 36.3774)	(2, 36.3681)	(3, 36.512)	(4, 36.5741)	(5, 36.5922)	(6, 36.5993)	(7, 36.5529)	(8, 36.5832)	(9, 36.5933)	(10, 36.6175)	(11, 36.6319)	(12, 36.6255)	(13, 36.6137)	(14, 36.6039)	(15, 36.6217)	(16, 36.6225)	(17, 36.6091)	(18, 36.6152)	(19, 36.6244)	(20, 36.5976)	(21, 36.6311)	(22, 36.6278)	(23, 36.623)	(24, 36.6181)	(25, 36.6151)	(26, 36.5931)	(27, 36.5736)	(28, 36.5625)	(29, 36.5108)	(30, 36.5036)	(31, 36.5025)	(32, 36.5092)	(33, 36.4841)	(34, 36.4962)	(35, 36.5036)	(36, 36.511)	(37, 36.4924)	(38, 36.4876)	(39, 36.4642)	(40, 36.4655)	(41, 36.4386)	(42, 36.4007)	(43, 36.4185)	(44, 36.4268)	(45, 36.3922)	(46, 36.4011)	(47, 36.4074)	(48, 36.3976)	(49, 36.3798)	(50, 36.3848)	(51, 36.3764)	(52, 36.3816)	(53, 36.4044)	(54, 36.3961)	(55, 36.3676)	(56, 36.3216)	(57, 36.2116)	(58, 36.082)	(59, 36.0043)	(60, 35.9716)	(61, 36.0003)	(62, 35.9927)	(63, 35.9972)	(64, 35.944)	(65, 35.9407)	(66, 35.8971)	(67, 35.7788)	(68, 35.8482)	(69, 35.8874)	(70, 35.8241)	(71, 35.8064)	(72, 35.8688)	(73, 35.8564)	(74, 35.8688)	(75, 35.8656)	(76, 35.8867)	(77, 35.8991)	(78, 35.8909)	(79, 35.859)	(80, 35.8608)	(81, 35.8211)	(82, 35.7959)	(83, 35.8028)	(84, 35.7682)	(85, 35.7392)	(86, 35.7144)	(87, 35.75)	(88, 35.731)	(89, 35.7218)	(90, 35.6497)	(91, 35.6597)	(92, 35.6361)	(93, 35.5762)	(94, 35.5866)	(95, 35.603)	(96, 35.5295)	(97, 35.5346)	(98, 35.6213)	(99, 35.6305)	(100, 35.5931)	(101, 35.6359)	(102, 35.6738)	(103, 35.6301)	(104, 35.6481)	(105, 35.5916)	(106, 35.6004)	(107, 35.6256)	(108, 35.6632)	(109, 35.6169)	(110, 35.603)	(111, 35.617)	(112, 35.6262)	(113, 35.5584)	(114, 35.5366)	(115, 35.4926)	(116, 35.5078)	(117, 35.3254)	(118, 35.0801)	(119, 35.0201)	(120, 35.163)	(121, 35.2523)	(122, 35.37)	(123, 35.4682)	(124, 35.4488)	(125, 35.4559)	(126, 35.3981)	(127, 35.3153)	(128, 35.2852)	(129, 35.2122)	(130, 35.3321)	(131, 35.2966)	(132, 35.2119)	(133, 35.1507)	(134, 35.1531)	(135, 35.1016)	(136, 35.1006)	(137, 35.1402)	(138, 35.1298)	(139, 35.1371)	(140, 35.1044)	(141, 35.1071)	(142, 35.0573)	(143, 34.8306)	(144, 34.8943)	(145, 34.9079)	(146, 34.9152)	(147, 34.7725)	(148, 34.7287)	(149, 34.9112)	(150, 34.843)
RNA-Seq_FZX_Le_C1	(1, 36.5626)	(2, 36.5227)	(3, 36.6374)	(4, 36.6778)	(5, 36.6818)	(6, 36.6813)	(7, 36.6414)	(8, 36.6598)	(9, 36.679)	(10, 36.6919)	(11, 36.7093)	(12, 36.704)	(13, 36.7016)	(14, 36.7006)	(15, 36.6995)	(16, 36.6805)	(17, 36.6869)	(18, 36.6721)	(19, 36.6827)	(20, 36.7006)	(21, 36.698)	(22, 36.6935)	(23, 36.6781)	(24, 36.6758)	(25, 36.6793)	(26, 36.6715)	(27, 36.6596)	(28, 36.6641)	(29, 36.6586)	(30, 36.6583)	(31, 36.6571)	(32, 36.6388)	(33, 36.6451)	(34, 36.6444)	(35, 36.6171)	(36, 36.6257)	(37, 36.6224)	(38, 36.622)	(39, 36.6284)	(40, 36.6195)	(41, 36.6139)	(42, 36.606)	(43, 36.5988)	(44, 36.5915)	(45, 36.5794)	(46, 36.5767)	(47, 36.5658)	(48, 36.5602)	(49, 36.5852)	(50, 36.5747)	(51, 36.5918)	(52, 36.5742)	(53, 36.5827)	(54, 36.5861)	(55, 36.5675)	(56, 36.5717)	(57, 36.5692)	(58, 36.567)	(59, 36.5524)	(60, 36.546)	(61, 36.5492)	(62, 36.5457)	(63, 36.5446)	(64, 36.5433)	(65, 36.5485)	(66, 36.5467)	(67, 36.5514)	(68, 36.5388)	(69, 36.5187)	(70, 36.5228)	(71, 36.5314)	(72, 36.5383)	(73, 36.5293)	(74, 36.5566)	(75, 36.5107)	(76, 36.5109)	(77, 36.5021)	(78, 36.4729)	(79, 36.5082)	(80, 36.4763)	(81, 36.497)	(82, 36.5024)	(83, 36.4718)	(84, 36.4913)	(85, 36.5153)	(86, 36.4488)	(87, 36.4515)	(88, 36.4374)	(89, 36.3908)	(90, 36.3847)	(91, 36.437)	(92, 36.4343)	(93, 36.4367)	(94, 36.4615)	(95, 36.4773)	(96, 36.4573)	(97, 36.4628)	(98, 36.4187)	(99, 36.4235)	(100, 36.4157)	(101, 36.4043)	(102, 36.4018)	(103, 36.405)	(104, 36.4158)	(105, 36.3544)	(106, 36.3682)	(107, 36.3533)	(108, 36.3612)	(109, 36.3741)	(110, 36.3707)	(111, 36.3392)	(112, 36.35)	(113, 36.319)	(114, 36.3231)	(115, 36.2933)	(116, 36.2983)	(117, 36.3094)	(118, 36.3129)	(119, 36.3064)	(120, 36.303)	(121, 36.3142)	(122, 36.3043)	(123, 36.2922)	(124, 36.2902)	(125, 36.3053)	(126, 36.2381)	(127, 36.2158)	(128, 36.187)	(129, 36.177)	(130, 36.2178)	(131, 36.2197)	(132, 36.2154)	(133, 36.2236)	(134, 36.2373)	(135, 36.2035)	(136, 36.1902)	(137, 36.1889)	(138, 36.1507)	(139, 36.1239)	(140, 36.0724)	(141, 36.0192)	(142, 36.095)	(143, 36.0878)	(144, 36.0807)	(145, 36.0817)	(146, 36.0647)	(147, 36.0481)	(148, 36.0262)	(149, 36.0341)	(150, 35.9561)
RNA-Seq_FZX_Le_C2	(1, 36.5769)	(2, 36.5367)	(3, 36.6492)	(4, 36.6891)	(5, 36.6895)	(6, 36.6901)	(7, 36.649)	(8, 36.6766)	(9, 36.6928)	(10, 36.7046)	(11, 36.7211)	(12, 36.7127)	(13, 36.7143)	(14, 36.7146)	(15, 36.7128)	(16, 36.6981)	(17, 36.7024)	(18, 36.6894)	(19, 36.6989)	(20, 36.7128)	(21, 36.7092)	(22, 36.7045)	(23, 36.6911)	(24, 36.6871)	(25, 36.6922)	(26, 36.6824)	(27, 36.6723)	(28, 36.6753)	(29, 36.6675)	(30, 36.6672)	(31, 36.6675)	(32, 36.6509)	(33, 36.6583)	(34, 36.6581)	(35, 36.6345)	(36, 36.6426)	(37, 36.6409)	(38, 36.6354)	(39, 36.6424)	(40, 36.6297)	(41, 36.6224)	(42, 36.6224)	(43, 36.5784)	(44, 36.6078)	(45, 36.5954)	(46, 36.5956)	(47, 36.5816)	(48, 36.5778)	(49, 36.5947)	(50, 36.5829)	(51, 36.6008)	(52, 36.5846)	(53, 36.5923)	(54, 36.595)	(55, 36.5805)	(56, 36.5802)	(57, 36.5801)	(58, 36.5777)	(59, 36.5651)	(60, 36.56)	(61, 36.5608)	(62, 36.5572)	(63, 36.5552)	(64, 36.5465)	(65, 36.5591)	(66, 36.555)	(67, 36.5587)	(68, 36.5438)	(69, 36.5285)	(70, 36.5326)	(71, 36.5379)	(72, 36.5434)	(73, 36.5382)	(74, 36.5656)	(75, 36.5159)	(76, 36.5167)	(77, 36.5074)	(78, 36.4818)	(79, 36.5149)	(80, 36.4858)	(81, 36.4999)	(82, 36.5092)	(83, 36.4781)	(84, 36.5008)	(85, 36.5194)	(86, 36.4533)	(87, 36.4598)	(88, 36.4443)	(89, 36.3986)	(90, 36.3932)	(91, 36.4405)	(92, 36.4331)	(93, 36.4357)	(94, 36.4624)	(95, 36.4785)	(96, 36.4593)	(97, 36.4666)	(98, 36.42)	(99, 36.42)	(100, 36.4161)	(101, 36.4013)	(102, 36.3952)	(103, 36.3997)	(104, 36.4086)	(105, 36.3507)	(106, 36.3588)	(107, 36.3427)	(108, 36.3441)	(109, 36.3683)	(110, 36.365)	(111, 36.3325)	(112, 36.3439)	(113, 36.3116)	(114, 36.3114)	(115, 36.2722)	(116, 36.2781)	(117, 36.2931)	(118, 36.3016)	(119, 36.2957)	(120, 36.2824)	(121, 36.2941)	(122, 36.2782)	(123, 36.2707)	(124, 36.2636)	(125, 36.2806)	(126, 36.2037)	(127, 36.1746)	(128, 36.1505)	(129, 36.1302)	(130, 36.1826)	(131, 36.1942)	(132, 36.1777)	(133, 36.1925)	(134, 36.2089)	(135, 36.1709)	(136, 36.1606)	(137, 36.1625)	(138, 36.1154)	(139, 36.0716)	(140, 36.0198)	(141, 35.9599)	(142, 36.0456)	(143, 36.0343)	(144, 36.0264)	(145, 36.0379)	(146, 36.0067)	(147, 35.9985)	(148, 35.9817)	(149, 35.9736)	(150, 35.8792)
RNA-Seq_FZX_Le_C3	(1, 36.3985)	(2, 36.3979)	(3, 36.5396)	(4, 36.594)	(5, 36.6084)	(6, 36.6154)	(7, 36.5708)	(8, 36.6083)	(9, 36.6257)	(10, 36.6447)	(11, 36.6552)	(12, 36.644)	(13, 36.6332)	(14, 36.6225)	(15, 36.6417)	(16, 36.6367)	(17, 36.6212)	(18, 36.624)	(19, 36.6387)	(20, 36.6218)	(21, 36.6499)	(22, 36.6497)	(23, 36.6395)	(24, 36.6366)	(25, 36.6396)	(26, 36.6091)	(27, 36.5999)	(28, 36.5823)	(29, 36.5338)	(30, 36.5339)	(31, 36.5401)	(32, 36.5345)	(33, 36.5163)	(34, 36.5301)	(35, 36.5189)	(36, 36.5386)	(37, 36.5163)	(38, 36.5129)	(39, 36.4914)	(40, 36.4997)	(41, 36.4678)	(42, 36.4271)	(43, 36.4485)	(44, 36.4456)	(45, 36.4189)	(46, 36.4136)	(47, 36.4288)	(48, 36.4201)	(49, 36.4087)	(50, 36.4124)	(51, 36.3992)	(52, 36.3952)	(53, 36.4241)	(54, 36.4017)	(55, 36.3798)	(56, 36.3184)	(57, 36.2377)	(58, 36.1101)	(59, 36.0316)	(60, 35.9909)	(61, 36.0483)	(62, 36.0356)	(63, 36.0243)	(64, 35.9865)	(65, 35.9756)	(66, 35.9423)	(67, 35.7959)	(68, 35.8646)	(69, 35.9041)	(70, 35.8666)	(71, 35.8782)	(72, 35.8571)	(73, 35.8252)	(74, 35.9039)	(75, 35.854)	(76, 35.9182)	(77, 35.8381)	(78, 35.9057)	(79, 35.8914)	(80, 35.877)	(81, 35.8324)	(82, 35.7692)	(83, 35.7998)	(84, 35.7442)	(85, 35.7869)	(86, 35.7252)	(87, 35.766)	(88, 35.7409)	(89, 35.764)	(90, 35.7225)	(91, 35.7166)	(92, 35.6985)	(93, 35.6129)	(94, 35.6066)	(95, 35.6035)	(96, 35.5326)	(97, 35.5639)	(98, 35.5816)	(99, 35.6394)	(100, 35.6438)	(101, 35.6768)	(102, 35.7467)	(103, 35.6944)	(104, 35.7119)	(105, 35.6064)	(106, 35.6288)	(107, 35.626)	(108, 35.6637)	(109, 35.6756)	(110, 35.6677)	(111, 35.6746)	(112, 35.6974)	(113, 35.6205)	(114, 35.6024)	(115, 35.5072)	(116, 35.5395)	(117, 35.2305)	(118, 35.0088)	(119, 35.015)	(120, 35.172)	(121, 35.2992)	(122, 35.438)	(123, 35.5217)	(124, 35.5544)	(125, 35.5901)	(126, 35.4306)	(127, 35.3405)	(128, 35.3206)	(129, 35.2326)	(130, 35.3692)	(131, 35.3182)	(132, 35.2399)	(133, 35.2038)	(134, 35.2079)	(135, 35.1243)	(136, 35.1433)	(137, 35.2091)	(138, 35.128)	(139, 35.2017)	(140, 35.1179)	(141, 35.1293)	(142, 35.1284)	(143, 34.8946)	(144, 34.9604)	(145, 34.9559)	(146, 34.983)	(147, 34.8125)	(148, 34.7629)	(149, 34.9564)	(150, 34.8875)
RNA-Seq_FZX_Le_M1	(1, 36.5625)	(2, 36.5103)	(3, 36.6371)	(4, 36.6797)	(5, 36.6788)	(6, 36.6722)	(7, 36.6366)	(8, 36.669)	(9, 36.6862)	(10, 36.6936)	(11, 36.7099)	(12, 36.7065)	(13, 36.7078)	(14, 36.7083)	(15, 36.7075)	(16, 36.6932)	(17, 36.6951)	(18, 36.6832)	(19, 36.6919)	(20, 36.7028)	(21, 36.6986)	(22, 36.6939)	(23, 36.6819)	(24, 36.6805)	(25, 36.684)	(26, 36.6756)	(27, 36.6626)	(28, 36.6688)	(29, 36.6585)	(30, 36.6602)	(31, 36.6572)	(32, 36.6415)	(33, 36.6475)	(34, 36.6471)	(35, 36.6246)	(36, 36.633)	(37, 36.6309)	(38, 36.6276)	(39, 36.626)	(40, 36.6176)	(41, 36.6121)	(42, 36.6097)	(43, 36.5673)	(44, 36.5944)	(45, 36.5813)	(46, 36.5831)	(47, 36.5684)	(48, 36.5673)	(49, 36.5849)	(50, 36.5724)	(51, 36.5908)	(52, 36.5772)	(53, 36.5838)	(54, 36.5885)	(55, 36.5726)	(56, 36.5746)	(57, 36.5733)	(58, 36.5697)	(59, 36.5583)	(60, 36.5523)	(61, 36.5523)	(62, 36.5491)	(63, 36.5442)	(64, 36.5378)	(65, 36.5516)	(66, 36.549)	(67, 36.5529)	(68, 36.5318)	(69, 36.5186)	(70, 36.5225)	(71, 36.5294)	(72, 36.5358)	(73, 36.5292)	(74, 36.5569)	(75, 36.511)	(76, 36.5092)	(77, 36.5032)	(78, 36.4757)	(79, 36.5066)	(80, 36.4753)	(81, 36.4882)	(82, 36.5052)	(83, 36.4715)	(84, 36.495)	(85, 36.5133)	(86, 36.4463)	(87, 36.4466)	(88, 36.4412)	(89, 36.3879)	(90, 36.3832)	(91, 36.4333)	(92, 36.4265)	(93, 36.4293)	(94, 36.4531)	(95, 36.4724)	(96, 36.4484)	(97, 36.451)	(98, 36.4094)	(99, 36.4094)	(100, 36.4012)	(101, 36.3866)	(102, 36.3817)	(103, 36.3838)	(104, 36.3964)	(105, 36.3364)	(106, 36.3445)	(107, 36.3348)	(108, 36.3268)	(109, 36.3578)	(110, 36.3533)	(111, 36.319)	(112, 36.3284)	(113, 36.2973)	(114, 36.2919)	(115, 36.2513)	(116, 36.2564)	(117, 36.2813)	(118, 36.2984)	(119, 36.2814)	(120, 36.2717)	(121, 36.2766)	(122, 36.2682)	(123, 36.2567)	(124, 36.2439)	(125, 36.2578)	(126, 36.1778)	(127, 36.1543)	(128, 36.1344)	(129, 36.1168)	(130, 36.173)	(131, 36.1802)	(132, 36.1597)	(133, 36.1711)	(134, 36.1913)	(135, 36.1545)	(136, 36.1409)	(137, 36.1431)	(138, 36.0989)	(139, 36.0478)	(140, 35.9951)	(141, 35.9493)	(142, 36.0412)	(143, 36.023)	(144, 36.0114)	(145, 36.0209)	(146, 35.9784)	(147, 35.9702)	(148, 35.9569)	(149, 35.942)	(150, 35.8507)
RNA-Seq_FZX_Le_M2	(1, 36.5698)	(2, 36.5364)	(3, 36.6488)	(4, 36.6863)	(5, 36.6882)	(6, 36.6873)	(7, 36.6538)	(8, 36.6856)	(9, 36.7043)	(10, 36.713)	(11, 36.7255)	(12, 36.7188)	(13, 36.7186)	(14, 36.7176)	(15, 36.7171)	(16, 36.7049)	(17, 36.707)	(18, 36.6974)	(19, 36.7046)	(20, 36.7164)	(21, 36.7119)	(22, 36.7068)	(23, 36.6958)	(24, 36.693)	(25, 36.6975)	(26, 36.6864)	(27, 36.6751)	(28, 36.68)	(29, 36.6712)	(30, 36.6734)	(31, 36.6714)	(32, 36.6554)	(33, 36.6594)	(34, 36.6597)	(35, 36.64)	(36, 36.6461)	(37, 36.6446)	(38, 36.641)	(39, 36.6425)	(40, 36.632)	(41, 36.6241)	(42, 36.6233)	(43, 36.5825)	(44, 36.6091)	(45, 36.5973)	(46, 36.597)	(47, 36.5863)	(48, 36.5857)	(49, 36.6015)	(50, 36.588)	(51, 36.6033)	(52, 36.5893)	(53, 36.5935)	(54, 36.5986)	(55, 36.583)	(56, 36.5876)	(57, 36.5871)	(58, 36.5854)	(59, 36.5732)	(60, 36.5659)	(61, 36.5647)	(62, 36.56)	(63, 36.5559)	(64, 36.5478)	(65, 36.5612)	(66, 36.5578)	(67, 36.5622)	(68, 36.5449)	(69, 36.5332)	(70, 36.5389)	(71, 36.5446)	(72, 36.5478)	(73, 36.5415)	(74, 36.5652)	(75, 36.518)	(76, 36.5192)	(77, 36.5157)	(78, 36.4879)	(79, 36.5199)	(80, 36.4905)	(81, 36.5034)	(82, 36.5183)	(83, 36.4847)	(84, 36.5044)	(85, 36.5187)	(86, 36.4547)	(87, 36.4617)	(88, 36.4561)	(89, 36.4032)	(90, 36.4006)	(91, 36.4491)	(92, 36.4403)	(93, 36.4442)	(94, 36.4673)	(95, 36.4823)	(96, 36.4603)	(97, 36.4637)	(98, 36.42)	(99, 36.4257)	(100, 36.4195)	(101, 36.4067)	(102, 36.4044)	(103, 36.4061)	(104, 36.4148)	(105, 36.3605)	(106, 36.3633)	(107, 36.3474)	(108, 36.3452)	(109, 36.3725)	(110, 36.3705)	(111, 36.3332)	(112, 36.341)	(113, 36.3136)	(114, 36.3119)	(115, 36.2722)	(116, 36.2769)	(117, 36.2983)	(118, 36.3109)	(119, 36.2959)	(120, 36.2864)	(121, 36.2966)	(122, 36.283)	(123, 36.2743)	(124, 36.2603)	(125, 36.2755)	(126, 36.1954)	(127, 36.1706)	(128, 36.1502)	(129, 36.134)	(130, 36.1927)	(131, 36.1962)	(132, 36.1822)	(133, 36.1908)	(134, 36.2121)	(135, 36.1762)	(136, 36.1622)	(137, 36.1607)	(138, 36.12)	(139, 36.0675)	(140, 36.0172)	(141, 35.9647)	(142, 36.0544)	(143, 36.0331)	(144, 36.0302)	(145, 36.041)	(146, 36.0)	(147, 35.9895)	(148, 35.9779)	(149, 35.9608)	(150, 35.8682)
RNA-Seq_FZX_Le_M3	(1, 36.5741)	(2, 36.5343)	(3, 36.6473)	(4, 36.685)	(5, 36.6883)	(6, 36.6888)	(7, 36.6556)	(8, 36.683)	(9, 36.7015)	(10, 36.7105)	(11, 36.7238)	(12, 36.7167)	(13, 36.7165)	(14, 36.716)	(15, 36.7145)	(16, 36.7)	(17, 36.7029)	(18, 36.6923)	(19, 36.7005)	(20, 36.7109)	(21, 36.7085)	(22, 36.7037)	(23, 36.6897)	(24, 36.6882)	(25, 36.6927)	(26, 36.6841)	(27, 36.672)	(28, 36.677)	(29, 36.669)	(30, 36.6701)	(31, 36.6681)	(32, 36.6523)	(33, 36.6574)	(34, 36.6569)	(35, 36.6348)	(36, 36.6424)	(37, 36.6403)	(38, 36.6369)	(39, 36.6396)	(40, 36.629)	(41, 36.621)	(42, 36.619)	(43, 36.5756)	(44, 36.6027)	(45, 36.5896)	(46, 36.5905)	(47, 36.5809)	(48, 36.5792)	(49, 36.5969)	(50, 36.5869)	(51, 36.6021)	(52, 36.5849)	(53, 36.5918)	(54, 36.5952)	(55, 36.5802)	(56, 36.585)	(57, 36.5836)	(58, 36.5827)	(59, 36.5738)	(60, 36.566)	(61, 36.5647)	(62, 36.5599)	(63, 36.5542)	(64, 36.5457)	(65, 36.5586)	(66, 36.556)	(67, 36.5599)	(68, 36.5446)	(69, 36.5299)	(70, 36.535)	(71, 36.5421)	(72, 36.5474)	(73, 36.5397)	(74, 36.5655)	(75, 36.52)	(76, 36.519)	(77, 36.5128)	(78, 36.4863)	(79, 36.5192)	(80, 36.4895)	(81, 36.504)	(82, 36.5171)	(83, 36.4835)	(84, 36.503)	(85, 36.519)	(86, 36.4533)	(87, 36.4564)	(88, 36.4487)	(89, 36.3994)	(90, 36.3949)	(91, 36.4458)	(92, 36.4389)	(93, 36.4419)	(94, 36.465)	(95, 36.4804)	(96, 36.4584)	(97, 36.4617)	(98, 36.4212)	(99, 36.4228)	(100, 36.4175)	(101, 36.404)	(102, 36.3999)	(103, 36.4052)	(104, 36.4129)	(105, 36.3578)	(106, 36.3599)	(107, 36.3472)	(108, 36.3432)	(109, 36.3704)	(110, 36.3682)	(111, 36.3343)	(112, 36.3464)	(113, 36.3158)	(114, 36.3138)	(115, 36.2751)	(116, 36.2823)	(117, 36.3019)	(118, 36.3129)	(119, 36.2941)	(120, 36.284)	(121, 36.2957)	(122, 36.2861)	(123, 36.2782)	(124, 36.2685)	(125, 36.2829)	(126, 36.2027)	(127, 36.1819)	(128, 36.1534)	(129, 36.1406)	(130, 36.1922)	(131, 36.201)	(132, 36.1849)	(133, 36.194)	(134, 36.2138)	(135, 36.1786)	(136, 36.1632)	(137, 36.1665)	(138, 36.1225)	(139, 36.0755)	(140, 36.0241)	(141, 35.9716)	(142, 36.0571)	(143, 36.0413)	(144, 36.0321)	(145, 36.0417)	(146, 36.0059)	(147, 35.9972)	(148, 35.9867)	(149, 35.9698)	(150, 35.8781)
