Sample	0	1	2	3	4	5	6	7	8	9	10	11	12	13	14	15	16	17	18	19	20	21	22	23	24	25	26	27	28	29	30	31	32	33	34	35	36	37	38	39	40	41	42	43	44	45	46	47	48	49	50	51	52	53	54	55	56	57	58	59	60	61	62	63	64	65	66	67	68	69	70	71	72	73	74	75	76	77	78	79	80	81	82	83	84	85	86	87	88	89	90	91	92	93	94	95	96	97	98	99	100	101	102	103	104	105	106	107	108	109	110	111	112	113	114	115	116	117	118	119	120	121	122	123	124	125	126	127	128	129	130	131	132	133	134	135	136	137	138	139	140	141	142	143	144	145	146	147	148	149
RNA-Seq_FZX_Fr_C1	(1, 36.1404)	(2, 36.2972)	(3, 36.3488)	(4, 36.3337)	(5, 36.3656)	(6, 36.346)	(7, 36.3413)	(8, 36.3769)	(9, 36.3874)	(10, 36.3745)	(11, 36.4101)	(12, 36.3934)	(13, 36.3964)	(14, 36.3717)	(15, 36.3646)	(16, 36.3731)	(17, 36.3762)	(18, 36.3527)	(19, 36.3487)	(20, 36.3449)	(21, 36.3465)	(22, 36.311)	(23, 36.2426)	(24, 36.2942)	(25, 36.3296)	(26, 36.308)	(27, 36.2878)	(28, 36.2936)	(29, 36.3072)	(30, 36.2873)	(31, 36.2608)	(32, 36.2721)	(33, 36.2483)	(34, 36.2219)	(35, 36.2271)	(36, 36.2089)	(37, 36.2392)	(38, 36.1696)	(39, 36.1613)	(40, 36.1979)	(41, 36.1295)	(42, 36.1431)	(43, 36.1592)	(44, 36.1388)	(45, 36.1499)	(46, 36.1356)	(47, 36.1181)	(48, 36.1398)	(49, 36.1088)	(50, 36.0865)	(51, 36.0905)	(52, 36.0541)	(53, 36.079)	(54, 36.0308)	(55, 36.0365)	(56, 36.0551)	(57, 36.0035)	(58, 35.9592)	(59, 36.0466)	(60, 36.0392)	(61, 36.0379)	(62, 36.0409)	(63, 36.0413)	(64, 36.024)	(65, 36.0172)	(66, 36.0238)	(67, 35.979)	(68, 35.9632)	(69, 35.9681)	(70, 35.9544)	(71, 35.9413)	(72, 35.8647)	(73, 35.8199)	(74, 35.7455)	(75, 35.8372)	(76, 35.857)	(77, 35.8604)	(78, 35.8428)	(79, 35.8094)	(80, 35.809)	(81, 35.7937)	(82, 35.8124)	(83, 35.8005)	(84, 35.855)	(85, 35.8305)	(86, 35.7394)	(87, 35.7885)	(88, 35.7683)	(89, 35.7584)	(90, 35.6948)	(91, 35.7267)	(92, 35.752)	(93, 35.754)	(94, 35.7766)	(95, 35.7496)	(96, 35.6953)	(97, 35.6366)	(98, 35.6388)	(99, 35.5684)	(100, 35.6437)	(101, 35.7163)	(102, 35.6593)	(103, 35.6188)	(104, 35.628)	(105, 35.6457)	(106, 35.641)	(107, 35.6384)	(108, 35.6053)	(109, 35.5966)	(110, 35.5697)	(111, 35.5251)	(112, 35.5088)	(113, 35.5092)	(114, 35.554)	(115, 35.5261)	(116, 35.5309)	(117, 35.5151)	(118, 35.5066)	(119, 35.4765)	(120, 35.4714)	(121, 35.429)	(122, 35.3425)	(123, 35.231)	(124, 35.2483)	(125, 35.3589)	(126, 35.3754)	(127, 35.2903)	(128, 35.3107)	(129, 35.3827)	(130, 35.3551)	(131, 35.3154)	(132, 35.2918)	(133, 35.2757)	(134, 35.2282)	(135, 35.2943)	(136, 35.3145)	(137, 35.2532)	(138, 35.1996)	(139, 35.2046)	(140, 35.2349)	(141, 35.2048)	(142, 35.1341)	(143, 35.1479)	(144, 35.0148)	(145, 34.9743)	(146, 35.0177)	(147, 34.8878)	(148, 34.7612)	(149, 34.7513)	(150, 34.8375)
RNA-Seq_FZX_Fr_C2	(1, 36.0227)	(2, 36.315)	(3, 36.35)	(4, 36.3441)	(5, 36.3392)	(6, 36.3337)	(7, 36.3269)	(8, 36.3588)	(9, 36.3669)	(10, 36.364)	(11, 36.387)	(12, 36.372)	(13, 36.3763)	(14, 36.35)	(15, 36.345)	(16, 36.346)	(17, 36.3506)	(18, 36.3351)	(19, 36.3294)	(20, 36.3274)	(21, 36.324)	(22, 36.2912)	(23, 36.2214)	(24, 36.2699)	(25, 36.3041)	(26, 36.2806)	(27, 36.2604)	(28, 36.27)	(29, 36.2812)	(30, 36.2648)	(31, 36.2358)	(32, 36.2457)	(33, 36.2247)	(34, 36.1984)	(35, 36.2036)	(36, 36.1833)	(37, 36.212)	(38, 36.144)	(39, 36.1362)	(40, 36.173)	(41, 36.1022)	(42, 36.1189)	(43, 36.1334)	(44, 36.1123)	(45, 36.124)	(46, 36.1097)	(47, 36.0912)	(48, 36.1097)	(49, 36.0812)	(50, 36.0584)	(51, 36.0629)	(52, 36.0272)	(53, 36.0511)	(54, 36.0048)	(55, 36.0115)	(56, 36.0279)	(57, 35.9758)	(58, 35.9295)	(59, 36.0176)	(60, 36.0116)	(61, 36.0071)	(62, 36.0121)	(63, 36.0136)	(64, 35.9932)	(65, 35.9883)	(66, 35.9958)	(67, 35.9462)	(68, 35.9349)	(69, 35.9383)	(70, 35.9215)	(71, 35.9077)	(72, 35.8315)	(73, 35.7873)	(74, 35.7106)	(75, 35.8052)	(76, 35.8236)	(77, 35.8255)	(78, 35.8072)	(79, 35.7724)	(80, 35.7719)	(81, 35.7574)	(82, 35.7733)	(83, 35.7643)	(84, 35.8207)	(85, 35.7924)	(86, 35.7012)	(87, 35.7556)	(88, 35.7341)	(89, 35.7211)	(90, 35.6551)	(91, 35.6887)	(92, 35.713)	(93, 35.714)	(94, 35.7359)	(95, 35.7124)	(96, 35.6588)	(97, 35.5966)	(98, 35.5982)	(99, 35.5288)	(100, 35.602)	(101, 35.6743)	(102, 35.6171)	(103, 35.5747)	(104, 35.5854)	(105, 35.6037)	(106, 35.5977)	(107, 35.5946)	(108, 35.5619)	(109, 35.5539)	(110, 35.5263)	(111, 35.4828)	(112, 35.4669)	(113, 35.4653)	(114, 35.5144)	(115, 35.4815)	(116, 35.4905)	(117, 35.4724)	(118, 35.4657)	(119, 35.4357)	(120, 35.4297)	(121, 35.3844)	(122, 35.2951)	(123, 35.188)	(124, 35.2033)	(125, 35.3136)	(126, 35.3346)	(127, 35.246)	(128, 35.2654)	(129, 35.3413)	(130, 35.3089)	(131, 35.2732)	(132, 35.2468)	(133, 35.2306)	(134, 35.1789)	(135, 35.2499)	(136, 35.2671)	(137, 35.2076)	(138, 35.1527)	(139, 35.1572)	(140, 35.1889)	(141, 35.1579)	(142, 35.0856)	(143, 35.0995)	(144, 34.9676)	(145, 34.9238)	(146, 34.9656)	(147, 34.837)	(148, 34.7086)	(149, 34.6983)	(150, 34.7896)
RNA-Seq_FZX_Fr_C3	(1, 35.9474)	(2, 36.1894)	(3, 36.2167)	(4, 36.2324)	(5, 36.2415)	(6, 36.2463)	(7, 36.2418)	(8, 36.2879)	(9, 36.295)	(10, 36.2845)	(11, 36.3172)	(12, 36.2966)	(13, 36.3041)	(14, 36.2743)	(15, 36.2737)	(16, 36.2745)	(17, 36.2795)	(18, 36.2657)	(19, 36.2576)	(20, 36.2539)	(21, 36.2534)	(22, 36.2193)	(23, 36.1425)	(24, 36.1926)	(25, 36.232)	(26, 36.2089)	(27, 36.1909)	(28, 36.1988)	(29, 36.2114)	(30, 36.199)	(31, 36.17)	(32, 36.1795)	(33, 36.1574)	(34, 36.1279)	(35, 36.1369)	(36, 36.1187)	(37, 36.145)	(38, 36.0746)	(39, 36.0644)	(40, 36.1038)	(41, 36.0378)	(42, 36.0488)	(43, 36.0679)	(44, 36.0498)	(45, 36.055)	(46, 36.0414)	(47, 36.0199)	(48, 36.045)	(49, 36.0171)	(50, 35.9887)	(51, 36.0)	(52, 35.9596)	(53, 35.9855)	(54, 35.9366)	(55, 35.9389)	(56, 35.9619)	(57, 35.9106)	(58, 35.8661)	(59, 35.9563)	(60, 35.9519)	(61, 35.9427)	(62, 35.9518)	(63, 35.9544)	(64, 35.9347)	(65, 35.9265)	(66, 35.9346)	(67, 35.8815)	(68, 35.8698)	(69, 35.8776)	(70, 35.8645)	(71, 35.847)	(72, 35.7773)	(73, 35.7229)	(74, 35.6458)	(75, 35.7432)	(76, 35.7602)	(77, 35.7686)	(78, 35.7486)	(79, 35.7135)	(80, 35.7131)	(81, 35.7058)	(82, 35.7261)	(83, 35.716)	(84, 35.7689)	(85, 35.7443)	(86, 35.647)	(87, 35.6994)	(88, 35.6957)	(89, 35.682)	(90, 35.6127)	(91, 35.6432)	(92, 35.6669)	(93, 35.6672)	(94, 35.6907)	(95, 35.6743)	(96, 35.625)	(97, 35.5513)	(98, 35.5581)	(99, 35.4843)	(100, 35.5577)	(101, 35.6374)	(102, 35.5861)	(103, 35.5359)	(104, 35.5478)	(105, 35.5691)	(106, 35.5662)	(107, 35.5543)	(108, 35.5243)	(109, 35.5213)	(110, 35.4979)	(111, 35.4469)	(112, 35.4302)	(113, 35.4347)	(114, 35.4843)	(115, 35.4544)	(116, 35.4521)	(117, 35.4404)	(118, 35.4298)	(119, 35.4006)	(120, 35.3999)	(121, 35.3686)	(122, 35.2718)	(123, 35.1725)	(124, 35.1976)	(125, 35.3079)	(126, 35.3028)	(127, 35.2149)	(128, 35.2294)	(129, 35.3113)	(130, 35.2973)	(131, 35.2546)	(132, 35.2313)	(133, 35.2198)	(134, 35.157)	(135, 35.2297)	(136, 35.2577)	(137, 35.179)	(138, 35.112)	(139, 35.1294)	(140, 35.1871)	(141, 35.1622)	(142, 35.1034)	(143, 35.1088)	(144, 35.0011)	(145, 34.9556)	(146, 34.9909)	(147, 34.8569)	(148, 34.7327)	(149, 34.7072)	(150, 34.82)
RNA-Seq_FZX_Fr_M1	(1, 36.0979)	(2, 36.2524)	(3, 36.2389)	(4, 36.2465)	(5, 36.2936)	(6, 36.2534)	(7, 36.1975)	(8, 36.3129)	(9, 36.2759)	(10, 36.2703)	(11, 36.3059)	(12, 36.2854)	(13, 36.2648)	(14, 36.2351)	(15, 36.2441)	(16, 36.2877)	(17, 36.3013)	(18, 36.1993)	(19, 36.2548)	(20, 36.2838)	(21, 36.2605)	(22, 36.2638)	(23, 36.2446)	(24, 36.2475)	(25, 36.1743)	(26, 36.2445)	(27, 36.2288)	(28, 36.2116)	(29, 36.2327)	(30, 36.2065)	(31, 36.1421)	(32, 36.1582)	(33, 36.1239)	(34, 36.1358)	(35, 36.1277)	(36, 36.102)	(37, 36.1)	(38, 36.1303)	(39, 36.0883)	(40, 36.0234)	(41, 36.0666)	(42, 36.0788)	(43, 35.9822)	(44, 36.0834)	(45, 36.0798)	(46, 36.0958)	(47, 36.0987)	(48, 36.0758)	(49, 36.0603)	(50, 36.032)	(51, 35.9964)	(52, 35.989)	(53, 35.9649)	(54, 35.9337)	(55, 35.9142)	(56, 35.903)	(57, 35.8897)	(58, 35.8935)	(59, 35.9205)	(60, 35.8778)	(61, 35.8837)	(62, 35.9051)	(63, 35.8952)	(64, 35.8552)	(65, 35.7183)	(66, 35.8163)	(67, 35.8212)	(68, 35.7416)	(69, 35.8203)	(70, 35.7846)	(71, 35.8145)	(72, 35.7853)	(73, 35.7721)	(74, 35.7796)	(75, 35.7699)	(76, 35.7555)	(77, 35.7129)	(78, 35.7362)	(79, 35.7338)	(80, 35.7664)	(81, 35.7774)	(82, 35.7473)	(83, 35.7389)	(84, 35.7625)	(85, 35.7522)	(86, 35.7189)	(87, 35.7603)	(88, 35.7568)	(89, 35.6952)	(90, 35.5783)	(91, 35.6711)	(92, 35.7182)	(93, 35.6673)	(94, 35.5366)	(95, 35.6753)	(96, 35.7192)	(97, 35.7167)	(98, 35.7108)	(99, 35.6614)	(100, 35.6363)	(101, 35.6401)	(102, 35.6002)	(103, 35.6197)	(104, 35.5988)	(105, 35.5858)	(106, 35.5219)	(107, 35.5071)	(108, 35.4927)	(109, 35.4367)	(110, 35.3654)	(111, 35.3578)	(112, 35.3172)	(113, 35.3592)	(114, 35.3225)	(115, 35.3183)	(116, 35.1106)	(117, 35.262)	(118, 35.3008)	(119, 35.1992)	(120, 35.3609)	(121, 35.3805)	(122, 35.3184)	(123, 35.3215)	(124, 35.3337)	(125, 35.2474)	(126, 35.1532)	(127, 35.1616)	(128, 35.1786)	(129, 35.0698)	(130, 34.9624)	(131, 35.0313)	(132, 35.0834)	(133, 35.0517)	(134, 35.0119)	(135, 34.9472)	(136, 34.9835)	(137, 34.9772)	(138, 34.8681)	(139, 34.8661)	(140, 34.7847)	(141, 34.6681)	(142, 34.7749)	(143, 34.807)	(144, 34.61)	(145, 34.7425)	(146, 34.7834)	(147, 34.7206)	(148, 34.7665)	(149, 34.7511)	(150, 34.6607)
RNA-Seq_FZX_Fr_M2	(1, 35.9743)	(2, 36.2126)	(3, 36.199)	(4, 36.2124)	(5, 36.2305)	(6, 36.2068)	(7, 36.1542)	(8, 36.2601)	(9, 36.2245)	(10, 36.215)	(11, 36.2504)	(12, 36.2282)	(13, 36.2091)	(14, 36.1726)	(15, 36.1852)	(16, 36.2302)	(17, 36.2436)	(18, 36.1366)	(19, 36.1917)	(20, 36.2218)	(21, 36.1943)	(22, 36.1962)	(23, 36.1763)	(24, 36.1796)	(25, 36.1053)	(26, 36.1789)	(27, 36.1625)	(28, 36.1445)	(29, 36.1657)	(30, 36.1363)	(31, 36.0718)	(32, 36.0834)	(33, 36.0498)	(34, 36.0587)	(35, 36.0531)	(36, 36.0235)	(37, 36.0227)	(38, 36.0537)	(39, 36.0105)	(40, 35.9392)	(41, 35.9869)	(42, 35.9982)	(43, 35.8941)	(44, 35.9988)	(45, 35.998)	(46, 36.0124)	(47, 36.0154)	(48, 35.9904)	(49, 35.9754)	(50, 35.943)	(51, 35.9108)	(52, 35.9011)	(53, 35.8795)	(54, 35.8429)	(55, 35.8252)	(56, 35.8103)	(57, 35.8026)	(58, 35.7989)	(59, 35.8254)	(60, 35.7833)	(61, 35.7897)	(62, 35.8091)	(63, 35.8006)	(64, 35.7579)	(65, 35.6144)	(66, 35.7185)	(67, 35.719)	(68, 35.6384)	(69, 35.7188)	(70, 35.6853)	(71, 35.7152)	(72, 35.6862)	(73, 35.67)	(74, 35.6758)	(75, 35.6674)	(76, 35.6497)	(77, 35.6105)	(78, 35.6337)	(79, 35.6313)	(80, 35.6665)	(81, 35.6812)	(82, 35.6486)	(83, 35.6437)	(84, 35.6645)	(85, 35.6529)	(86, 35.6192)	(87, 35.6614)	(88, 35.6596)	(89, 35.595)	(90, 35.4721)	(91, 35.5717)	(92, 35.6197)	(93, 35.5641)	(94, 35.4279)	(95, 35.5733)	(96, 35.6188)	(97, 35.6146)	(98, 35.6065)	(99, 35.5553)	(100, 35.5288)	(101, 35.5335)	(102, 35.4891)	(103, 35.5127)	(104, 35.4855)	(105, 35.4722)	(106, 35.4118)	(107, 35.3951)	(108, 35.3797)	(109, 35.3216)	(110, 35.2437)	(111, 35.2416)	(112, 35.1954)	(113, 35.2342)	(114, 35.1908)	(115, 35.1937)	(116, 34.9768)	(117, 35.132)	(118, 35.1746)	(119, 35.0669)	(120, 35.2238)	(121, 35.2425)	(122, 35.1791)	(123, 35.1919)	(124, 35.1966)	(125, 35.1047)	(126, 35.0218)	(127, 35.0275)	(128, 35.0368)	(129, 34.9305)	(130, 34.8099)	(131, 34.8903)	(132, 34.937)	(133, 34.9082)	(134, 34.8737)	(135, 34.8085)	(136, 34.8401)	(137, 34.8346)	(138, 34.721)	(139, 34.7109)	(140, 34.6282)	(141, 34.5057)	(142, 34.6151)	(143, 34.6444)	(144, 34.4473)	(145, 34.5813)	(146, 34.6201)	(147, 34.557)	(148, 34.607)	(149, 34.589)	(150, 34.4935)
RNA-Seq_FZX_Fr_M3	(1, 36.0062)	(2, 36.1444)	(3, 36.1594)	(4, 36.1918)	(5, 36.236)	(6, 36.1898)	(7, 36.121)	(8, 36.234)	(9, 36.1917)	(10, 36.1869)	(11, 36.2209)	(12, 36.1964)	(13, 36.1775)	(14, 36.1342)	(15, 36.1522)	(16, 36.1992)	(17, 36.2122)	(18, 36.0995)	(19, 36.159)	(20, 36.1892)	(21, 36.1622)	(22, 36.1661)	(23, 36.1454)	(24, 36.1485)	(25, 36.0731)	(26, 36.1455)	(27, 36.1282)	(28, 36.1115)	(29, 36.1336)	(30, 36.1034)	(31, 36.0372)	(32, 36.0506)	(33, 36.0134)	(34, 36.0265)	(35, 36.0185)	(36, 35.9887)	(37, 35.9883)	(38, 36.0218)	(39, 35.9783)	(40, 35.9033)	(41, 35.9526)	(42, 35.966)	(43, 35.8542)	(44, 35.9676)	(45, 35.9629)	(46, 35.979)	(47, 35.9812)	(48, 35.9578)	(49, 35.9422)	(50, 35.908)	(51, 35.8756)	(52, 35.8646)	(53, 35.8408)	(54, 35.8043)	(55, 35.7863)	(56, 35.7752)	(57, 35.7665)	(58, 35.7635)	(59, 35.7931)	(60, 35.7473)	(61, 35.7518)	(62, 35.7724)	(63, 35.7632)	(64, 35.7206)	(65, 35.5723)	(66, 35.681)	(67, 35.685)	(68, 35.6009)	(69, 35.6868)	(70, 35.6512)	(71, 35.6828)	(72, 35.6483)	(73, 35.6334)	(74, 35.6396)	(75, 35.6305)	(76, 35.6141)	(77, 35.5716)	(78, 35.598)	(79, 35.5955)	(80, 35.6347)	(81, 35.6481)	(82, 35.6147)	(83, 35.608)	(84, 35.6289)	(85, 35.6197)	(86, 35.584)	(87, 35.6271)	(88, 35.6236)	(89, 35.5596)	(90, 35.4319)	(91, 35.5371)	(92, 35.5851)	(93, 35.5299)	(94, 35.388)	(95, 35.5399)	(96, 35.5834)	(97, 35.582)	(98, 35.5729)	(99, 35.5217)	(100, 35.4948)	(101, 35.5003)	(102, 35.4557)	(103, 35.4803)	(104, 35.4534)	(105, 35.4411)	(106, 35.3755)	(107, 35.3616)	(108, 35.3482)	(109, 35.2913)	(110, 35.21)	(111, 35.211)	(112, 35.1632)	(113, 35.2025)	(114, 35.1579)	(115, 35.1648)	(116, 34.9393)	(117, 35.0994)	(118, 35.1472)	(119, 35.0311)	(120, 35.1956)	(121, 35.2177)	(122, 35.1521)	(123, 35.1597)	(124, 35.1687)	(125, 35.0703)	(126, 34.9867)	(127, 34.9926)	(128, 35.0014)	(129, 34.8961)	(130, 34.7812)	(131, 34.8594)	(132, 34.91)	(133, 34.8803)	(134, 34.8425)	(135, 34.7797)	(136, 34.81)	(137, 34.8029)	(138, 34.6835)	(139, 34.6767)	(140, 34.5875)	(141, 34.4649)	(142, 34.5855)	(143, 34.6175)	(144, 34.4164)	(145, 34.5571)	(146, 34.5954)	(147, 34.5344)	(148, 34.5807)	(149, 34.5622)	(150, 34.4656)
RNA-Seq_FZX_Le_C1	(1, 36.1546)	(2, 36.3176)	(3, 36.3627)	(4, 36.3797)	(5, 36.3698)	(6, 36.3688)	(7, 36.3574)	(8, 36.3968)	(9, 36.4004)	(10, 36.3946)	(11, 36.4078)	(12, 36.3908)	(13, 36.4057)	(14, 36.3807)	(15, 36.3756)	(16, 36.3712)	(17, 36.3682)	(18, 36.3663)	(19, 36.3592)	(20, 36.3537)	(21, 36.356)	(22, 36.3189)	(23, 36.2562)	(24, 36.2933)	(25, 36.3324)	(26, 36.3059)	(27, 36.287)	(28, 36.2997)	(29, 36.2963)	(30, 36.294)	(31, 36.2638)	(32, 36.2713)	(33, 36.244)	(34, 36.2169)	(35, 36.235)	(36, 36.2121)	(37, 36.2328)	(38, 36.1795)	(39, 36.1694)	(40, 36.1994)	(41, 36.1523)	(42, 36.1539)	(43, 36.1726)	(44, 36.1433)	(45, 36.1583)	(46, 36.1417)	(47, 36.1102)	(48, 36.1537)	(49, 36.1379)	(50, 36.1018)	(51, 36.0956)	(52, 36.0686)	(53, 36.0994)	(54, 36.0451)	(55, 36.0557)	(56, 36.0806)	(57, 36.0342)	(58, 35.9991)	(59, 36.0724)	(60, 36.0851)	(61, 36.0676)	(62, 36.0753)	(63, 36.1041)	(64, 36.0759)	(65, 36.0683)	(66, 36.0734)	(67, 36.0238)	(68, 36.0147)	(69, 36.0114)	(70, 36.0255)	(71, 35.9979)	(72, 35.9272)	(73, 35.9093)	(74, 35.8007)	(75, 35.9185)	(76, 35.9136)	(77, 35.9184)	(78, 35.9252)	(79, 35.8681)	(80, 35.8891)	(81, 35.8536)	(82, 35.9)	(83, 35.8831)	(84, 35.9232)	(85, 35.9216)	(86, 35.8143)	(87, 35.8887)	(88, 35.843)	(89, 35.8509)	(90, 35.7951)	(91, 35.814)	(92, 35.8503)	(93, 35.8445)	(94, 35.8763)	(95, 35.8445)	(96, 35.8137)	(97, 35.7352)	(98, 35.7416)	(99, 35.6952)	(100, 35.765)	(101, 35.8167)	(102, 35.7779)	(103, 35.7461)	(104, 35.7572)	(105, 35.7467)	(106, 35.7601)	(107, 35.7564)	(108, 35.7175)	(109, 35.7091)	(110, 35.682)	(111, 35.6681)	(112, 35.6362)	(113, 35.6352)	(114, 35.6593)	(115, 35.6364)	(116, 35.6463)	(117, 35.6186)	(118, 35.6257)	(119, 35.5861)	(120, 35.6015)	(121, 35.5451)	(122, 35.4679)	(123, 35.3909)	(124, 35.4232)	(125, 35.5028)	(126, 35.5305)	(127, 35.4495)	(128, 35.4451)	(129, 35.5514)	(130, 35.5345)	(131, 35.4906)	(132, 35.4817)	(133, 35.4448)	(134, 35.4093)	(135, 35.4705)	(136, 35.5072)	(137, 35.3942)	(138, 35.3579)	(139, 35.3423)	(140, 35.4274)	(141, 35.4058)	(142, 35.3449)	(143, 35.3465)	(144, 35.2362)	(145, 35.1988)	(146, 35.239)	(147, 35.1126)	(148, 34.9878)	(149, 34.9842)	(150, 35.0905)
RNA-Seq_FZX_Le_C2	(1, 36.1555)	(2, 36.3826)	(3, 36.4398)	(4, 36.4518)	(5, 36.4581)	(6, 36.4518)	(7, 36.4368)	(8, 36.4675)	(9, 36.4728)	(10, 36.4669)	(11, 36.4782)	(12, 36.4672)	(13, 36.4765)	(14, 36.4528)	(15, 36.4435)	(16, 36.4436)	(17, 36.4399)	(18, 36.4329)	(19, 36.4288)	(20, 36.4249)	(21, 36.4281)	(22, 36.3901)	(23, 36.3312)	(24, 36.37)	(25, 36.4084)	(26, 36.3824)	(27, 36.3648)	(28, 36.379)	(29, 36.3771)	(30, 36.3674)	(31, 36.3371)	(32, 36.3459)	(33, 36.3233)	(34, 36.2966)	(35, 36.3075)	(36, 36.2885)	(37, 36.3084)	(38, 36.2587)	(39, 36.253)	(40, 36.2836)	(41, 36.2294)	(42, 36.232)	(43, 36.2481)	(44, 36.22)	(45, 36.2408)	(46, 36.2238)	(47, 36.1953)	(48, 36.2332)	(49, 36.2169)	(50, 36.1859)	(51, 36.1784)	(52, 36.1513)	(53, 36.181)	(54, 36.13)	(55, 36.1421)	(56, 36.1685)	(57, 36.121)	(58, 36.0816)	(59, 36.1565)	(60, 36.1701)	(61, 36.1569)	(62, 36.1558)	(63, 36.1808)	(64, 36.1543)	(65, 36.1499)	(66, 36.1545)	(67, 36.1121)	(68, 36.1)	(69, 36.1034)	(70, 36.1083)	(71, 36.0831)	(72, 36.0102)	(73, 35.9907)	(74, 35.8847)	(75, 36.0019)	(76, 36.0052)	(77, 36.0048)	(78, 36.0054)	(79, 35.9577)	(80, 35.9692)	(81, 35.9382)	(82, 35.9771)	(83, 35.961)	(84, 36.0058)	(85, 35.9987)	(86, 35.9008)	(87, 35.9701)	(88, 35.9164)	(89, 35.9202)	(90, 35.8658)	(91, 35.8927)	(92, 35.9311)	(93, 35.9246)	(94, 35.9578)	(95, 35.9158)	(96, 35.8733)	(97, 35.8156)	(98, 35.814)	(99, 35.762)	(100, 35.8386)	(101, 35.8889)	(102, 35.8438)	(103, 35.8183)	(104, 35.828)	(105, 35.8195)	(106, 35.8363)	(107, 35.8336)	(108, 35.7893)	(109, 35.7735)	(110, 35.7424)	(111, 35.7254)	(112, 35.7048)	(113, 35.6919)	(114, 35.723)	(115, 35.7023)	(116, 35.7153)	(117, 35.681)	(118, 35.6809)	(119, 35.653)	(120, 35.6557)	(121, 35.5905)	(122, 35.5237)	(123, 35.4334)	(124, 35.4619)	(125, 35.5406)	(126, 35.5944)	(127, 35.5077)	(128, 35.5103)	(129, 35.6113)	(130, 35.5836)	(131, 35.5398)	(132, 35.5193)	(133, 35.4809)	(134, 35.4559)	(135, 35.5184)	(136, 35.5427)	(137, 35.4546)	(138, 35.421)	(139, 35.3961)	(140, 35.4584)	(141, 35.4235)	(142, 35.3546)	(143, 35.3636)	(144, 35.2233)	(145, 35.1965)	(146, 35.2377)	(147, 35.1142)	(148, 34.9826)	(149, 34.9885)	(150, 35.0651)
RNA-Seq_FZX_Le_C3	(1, 36.1637)	(2, 36.3466)	(3, 36.3565)	(4, 36.3487)	(5, 36.3594)	(6, 36.3464)	(7, 36.2957)	(8, 36.3887)	(9, 36.3571)	(10, 36.3447)	(11, 36.3706)	(12, 36.3496)	(13, 36.3394)	(14, 36.3099)	(15, 36.3132)	(16, 36.3536)	(17, 36.3606)	(18, 36.2719)	(19, 36.3197)	(20, 36.3437)	(21, 36.329)	(22, 36.3236)	(23, 36.3094)	(24, 36.3137)	(25, 36.2478)	(26, 36.3135)	(27, 36.2956)	(28, 36.2809)	(29, 36.2947)	(30, 36.2708)	(31, 36.2128)	(32, 36.228)	(33, 36.19)	(34, 36.1959)	(35, 36.1982)	(36, 36.1706)	(37, 36.1661)	(38, 36.2092)	(39, 36.1712)	(40, 36.102)	(41, 36.1517)	(42, 36.1535)	(43, 36.06)	(44, 36.1536)	(45, 36.1578)	(46, 36.1648)	(47, 36.1641)	(48, 36.1515)	(49, 36.15)	(50, 36.1165)	(51, 36.0819)	(52, 36.0778)	(53, 36.0547)	(54, 36.0176)	(55, 36.0024)	(56, 35.9976)	(57, 35.995)	(58, 35.989)	(59, 36.0155)	(60, 35.9903)	(61, 35.9832)	(62, 36.0029)	(63, 36.0112)	(64, 35.9664)	(65, 35.8385)	(66, 35.9298)	(67, 35.9342)	(68, 35.8689)	(69, 35.9383)	(70, 35.9241)	(71, 35.9339)	(72, 35.9126)	(73, 35.9107)	(74, 35.8983)	(75, 35.9096)	(76, 35.8806)	(77, 35.842)	(78, 35.8713)	(79, 35.8641)	(80, 35.8987)	(81, 35.9004)	(82, 35.8791)	(83, 35.871)	(84, 35.8833)	(85, 35.8847)	(86, 35.8504)	(87, 35.8862)	(88, 35.8672)	(89, 35.8152)	(90, 35.707)	(91, 35.8022)	(92, 35.8565)	(93, 35.7966)	(94, 35.6757)	(95, 35.7976)	(96, 35.8505)	(97, 35.8491)	(98, 35.8377)	(99, 35.7992)	(100, 35.7782)	(101, 35.7694)	(102, 35.733)	(103, 35.7731)	(104, 35.7427)	(105, 35.7199)	(106, 35.6735)	(107, 35.662)	(108, 35.6336)	(109, 35.5702)	(110, 35.4923)	(111, 35.5058)	(112, 35.4634)	(113, 35.4925)	(114, 35.4436)	(115, 35.451)	(116, 35.2478)	(117, 35.3909)	(118, 35.4232)	(119, 35.3398)	(120, 35.4933)	(121, 35.5063)	(122, 35.4609)	(123, 35.4876)	(124, 35.5069)	(125, 35.3975)	(126, 35.3489)	(127, 35.3562)	(128, 35.3481)	(129, 35.2518)	(130, 35.1401)	(131, 35.1966)	(132, 35.239)	(133, 35.2053)	(134, 35.1831)	(135, 35.1134)	(136, 35.1497)	(137, 35.1463)	(138, 35.0756)	(139, 35.035)	(140, 34.9773)	(141, 34.8583)	(142, 34.944)	(143, 34.9635)	(144, 34.7723)	(145, 34.9113)	(146, 34.9343)	(147, 34.8871)	(148, 34.9363)	(149, 34.9399)	(150, 34.8391)
RNA-Seq_FZX_Le_M1	(1, 36.2068)	(2, 36.2846)	(3, 36.3681)	(4, 36.4134)	(5, 36.4152)	(6, 36.4028)	(7, 36.3988)	(8, 36.4473)	(9, 36.4528)	(10, 36.4454)	(11, 36.4621)	(12, 36.453)	(13, 36.462)	(14, 36.4375)	(15, 36.4305)	(16, 36.4328)	(17, 36.4312)	(18, 36.4267)	(19, 36.4233)	(20, 36.4181)	(21, 36.4239)	(22, 36.3836)	(23, 36.3231)	(24, 36.3686)	(25, 36.4049)	(26, 36.3774)	(27, 36.3601)	(28, 36.3773)	(29, 36.3807)	(30, 36.3655)	(31, 36.3374)	(32, 36.3496)	(33, 36.3252)	(34, 36.295)	(35, 36.3094)	(36, 36.2902)	(37, 36.3126)	(38, 36.2608)	(39, 36.2522)	(40, 36.2841)	(41, 36.223)	(42, 36.2283)	(43, 36.2467)	(44, 36.2232)	(45, 36.2432)	(46, 36.2252)	(47, 36.1973)	(48, 36.2344)	(49, 36.2211)	(50, 36.1853)	(51, 36.18)	(52, 36.1531)	(53, 36.1848)	(54, 36.1311)	(55, 36.1481)	(56, 36.1746)	(57, 36.1243)	(58, 36.0818)	(59, 36.1621)	(60, 36.1761)	(61, 36.1608)	(62, 36.1632)	(63, 36.1877)	(64, 36.1609)	(65, 36.1571)	(66, 36.1614)	(67, 36.1202)	(68, 36.109)	(69, 36.1137)	(70, 36.12)	(71, 36.0915)	(72, 36.0201)	(73, 35.9923)	(74, 35.8908)	(75, 36.0106)	(76, 36.0045)	(77, 36.0198)	(78, 36.0148)	(79, 35.9667)	(80, 35.9774)	(81, 35.9449)	(82, 35.9889)	(83, 35.9701)	(84, 36.0164)	(85, 36.0082)	(86, 35.9141)	(87, 35.9733)	(88, 35.9219)	(89, 35.9275)	(90, 35.876)	(91, 35.9029)	(92, 35.9427)	(93, 35.9338)	(94, 35.97)	(95, 35.9289)	(96, 35.8803)	(97, 35.8322)	(98, 35.8204)	(99, 35.7726)	(100, 35.8483)	(101, 35.9055)	(102, 35.8622)	(103, 35.8346)	(104, 35.8406)	(105, 35.8333)	(106, 35.8551)	(107, 35.8528)	(108, 35.8055)	(109, 35.7875)	(110, 35.7581)	(111, 35.7339)	(112, 35.7134)	(113, 35.7015)	(114, 35.7298)	(115, 35.7233)	(116, 35.7341)	(117, 35.7084)	(118, 35.6946)	(119, 35.6738)	(120, 35.6721)	(121, 35.6155)	(122, 35.546)	(123, 35.4552)	(124, 35.483)	(125, 35.5621)	(126, 35.6149)	(127, 35.5303)	(128, 35.537)	(129, 35.6283)	(130, 35.6082)	(131, 35.5632)	(132, 35.5421)	(133, 35.5055)	(134, 35.4706)	(135, 35.5372)	(136, 35.5555)	(137, 35.4753)	(138, 35.4352)	(139, 35.4228)	(140, 35.4813)	(141, 35.4471)	(142, 35.374)	(143, 35.3794)	(144, 35.2423)	(145, 35.2182)	(146, 35.2542)	(147, 35.1317)	(148, 35.0002)	(149, 35.0017)	(150, 35.0831)
RNA-Seq_FZX_Le_M2	(1, 36.068)	(2, 36.2755)	(3, 36.3367)	(4, 36.3404)	(5, 36.3591)	(6, 36.3464)	(7, 36.3224)	(8, 36.3747)	(9, 36.3833)	(10, 36.3718)	(11, 36.3815)	(12, 36.3675)	(13, 36.3771)	(14, 36.3507)	(15, 36.3434)	(16, 36.3461)	(17, 36.344)	(18, 36.3336)	(19, 36.3279)	(20, 36.3234)	(21, 36.3297)	(22, 36.2854)	(23, 36.2177)	(24, 36.2692)	(25, 36.31)	(26, 36.281)	(27, 36.2646)	(28, 36.2774)	(29, 36.281)	(30, 36.2694)	(31, 36.2378)	(32, 36.2529)	(33, 36.2236)	(34, 36.191)	(35, 36.2016)	(36, 36.1845)	(37, 36.2096)	(38, 36.1532)	(39, 36.1433)	(40, 36.1767)	(41, 36.1137)	(42, 36.1163)	(43, 36.1358)	(44, 36.1088)	(45, 36.1309)	(46, 36.1151)	(47, 36.0824)	(48, 36.1239)	(49, 36.1046)	(50, 36.0686)	(51, 36.0685)	(52, 36.037)	(53, 36.0706)	(54, 36.0157)	(55, 36.0324)	(56, 36.0578)	(57, 35.9998)	(58, 35.9571)	(59, 36.0415)	(60, 36.0556)	(61, 36.0417)	(62, 36.0388)	(63, 36.0674)	(64, 36.0361)	(65, 36.03)	(66, 36.0382)	(67, 35.9879)	(68, 35.976)	(69, 35.979)	(70, 35.9847)	(71, 35.9602)	(72, 35.8747)	(73, 35.8469)	(74, 35.7314)	(75, 35.8712)	(76, 35.8656)	(77, 35.8796)	(78, 35.8796)	(79, 35.8221)	(80, 35.8378)	(81, 35.8027)	(82, 35.8472)	(83, 35.8288)	(84, 35.8815)	(85, 35.8662)	(86, 35.7657)	(87, 35.835)	(88, 35.776)	(89, 35.7798)	(90, 35.726)	(91, 35.7511)	(92, 35.7905)	(93, 35.7875)	(94, 35.8239)	(95, 35.7796)	(96, 35.7264)	(97, 35.6678)	(98, 35.6567)	(99, 35.6056)	(100, 35.6917)	(101, 35.7522)	(102, 35.6985)	(103, 35.6678)	(104, 35.6742)	(105, 35.6677)	(106, 35.6882)	(107, 35.6845)	(108, 35.636)	(109, 35.6188)	(110, 35.585)	(111, 35.5598)	(112, 35.5358)	(113, 35.5254)	(114, 35.5581)	(115, 35.5406)	(116, 35.5582)	(117, 35.5298)	(118, 35.5151)	(119, 35.4879)	(120, 35.4939)	(121, 35.4278)	(122, 35.3466)	(123, 35.2466)	(124, 35.2802)	(125, 35.367)	(126, 35.4217)	(127, 35.3317)	(128, 35.3415)	(129, 35.4398)	(130, 35.4153)	(131, 35.3688)	(132, 35.351)	(133, 35.3119)	(134, 35.2731)	(135, 35.34)	(136, 35.3624)	(137, 35.2743)	(138, 35.2298)	(139, 35.2129)	(140, 35.2795)	(141, 35.2422)	(142, 35.1663)	(143, 35.1726)	(144, 35.0224)	(145, 34.9952)	(146, 35.0365)	(147, 34.9028)	(148, 34.759)	(149, 34.7576)	(150, 34.8535)
RNA-Seq_FZX_Le_M3	(1, 36.058)	(2, 36.2155)	(3, 36.3151)	(4, 36.3209)	(5, 36.2931)	(6, 36.3093)	(7, 36.3008)	(8, 36.3432)	(9, 36.356)	(10, 36.3472)	(11, 36.3637)	(12, 36.348)	(13, 36.3599)	(14, 36.334)	(15, 36.3249)	(16, 36.3295)	(17, 36.328)	(18, 36.316)	(19, 36.3098)	(20, 36.3067)	(21, 36.3107)	(22, 36.2677)	(23, 36.1991)	(24, 36.2519)	(25, 36.2916)	(26, 36.2637)	(27, 36.2478)	(28, 36.2591)	(29, 36.2655)	(30, 36.2522)	(31, 36.2211)	(32, 36.2359)	(33, 36.2062)	(34, 36.176)	(35, 36.1857)	(36, 36.1672)	(37, 36.1907)	(38, 36.1334)	(39, 36.1267)	(40, 36.1634)	(41, 36.1002)	(42, 36.1037)	(43, 36.1233)	(44, 36.0962)	(45, 36.1167)	(46, 36.0992)	(47, 36.0685)	(48, 36.1079)	(49, 36.0889)	(50, 36.0551)	(51, 36.053)	(52, 36.0224)	(53, 36.054)	(54, 35.9996)	(55, 36.0147)	(56, 36.0379)	(57, 35.9839)	(58, 35.9387)	(59, 36.0266)	(60, 36.0405)	(61, 36.0246)	(62, 36.029)	(63, 36.0535)	(64, 36.023)	(65, 36.0177)	(66, 36.025)	(67, 35.9739)	(68, 35.9627)	(69, 35.9689)	(70, 35.9749)	(71, 35.9508)	(72, 35.87)	(73, 35.8388)	(74, 35.7301)	(75, 35.8577)	(76, 35.8607)	(77, 35.8698)	(78, 35.8646)	(79, 35.8121)	(80, 35.8264)	(81, 35.7939)	(82, 35.8374)	(83, 35.8223)	(84, 35.8756)	(85, 35.8601)	(86, 35.7581)	(87, 35.8235)	(88, 35.7691)	(89, 35.7671)	(90, 35.7133)	(91, 35.7417)	(92, 35.7815)	(93, 35.7814)	(94, 35.8128)	(95, 35.7728)	(96, 35.7203)	(97, 35.6614)	(98, 35.6538)	(99, 35.5971)	(100, 35.6802)	(101, 35.7418)	(102, 35.6916)	(103, 35.664)	(104, 35.6702)	(105, 35.6677)	(106, 35.6846)	(107, 35.6814)	(108, 35.6326)	(109, 35.6152)	(110, 35.5852)	(111, 35.5573)	(112, 35.5356)	(113, 35.5253)	(114, 35.5619)	(115, 35.546)	(116, 35.5588)	(117, 35.5291)	(118, 35.5217)	(119, 35.4925)	(120, 35.4915)	(121, 35.4275)	(122, 35.3503)	(123, 35.2525)	(124, 35.2841)	(125, 35.3742)	(126, 35.4295)	(127, 35.3386)	(128, 35.3454)	(129, 35.4457)	(130, 35.4193)	(131, 35.3724)	(132, 35.3542)	(133, 35.3161)	(134, 35.2806)	(135, 35.3473)	(136, 35.3704)	(137, 35.2854)	(138, 35.2426)	(139, 35.2228)	(140, 35.2846)	(141, 35.2507)	(142, 35.1733)	(143, 35.1832)	(144, 35.034)	(145, 35.007)	(146, 35.045)	(147, 34.915)	(148, 34.7737)	(149, 34.7759)	(150, 34.8683)
