Sample	0	1	2	3	4	5	6	7	8	9	10	11	12	13	14	15	16	17	18	19	20	21	22	23	24	25	26	27	28	29	30	31	32	33	34	35	36	37	38	39	40	41	42	43	44	45	46	47	48	49	50	51	52	53	54	55	56	57	58	59	60	61	62	63	64	65	66	67	68	69	70	71	72	73	74	75	76	77	78	79	80	81	82	83	84	85	86	87	88	89	90	91	92	93	94	95	96	97	98	99	100	101	102	103	104	105	106	107	108	109	110	111	112	113	114	115	116	117	118	119	120	121	122	123	124	125	126	127	128	129	130	131	132	133	134	135	136	137	138	139	140	141	142	143	144	145	146	147	148	149
RNA-Seq_FZX_Fr_C1	(1, 81.6584)	(2, 68.5944)	(3, 71.5779)	(4, 70.8959)	(5, 63.0134)	(6, 52.49850000000001)	(7, 38.992599999999996)	(8, 40.748)	(9, 40.9208)	(10, 38.4082)	(11, 44.2448)	(12, 44.2043)	(13, 42.753600000000006)	(14, 44.1179)	(15, 45.265)	(16, 44.777899999999995)	(17, 45.1603)	(18, 44.686)	(19, 44.6918)	(20, 44.2617)	(21, 45.7493)	(22, 46.558699999999995)	(23, 45.7603)	(24, 45.7704)	(25, 46.5209)	(26, 46.148)	(27, 46.0858)	(28, 46.8825)	(29, 45.9581)	(30, 45.1785)	(31, 46.0007)	(32, 46.0312)	(33, 45.647999999999996)	(34, 45.2658)	(35, 45.7788)	(36, 46.4921)	(37, 46.942299999999996)	(38, 46.739599999999996)	(39, 46.3341)	(40, 45.5357)	(41, 46.1014)	(42, 46.2874)	(43, 45.846900000000005)	(44, 44.861000000000004)	(45, 45.077600000000004)	(46, 45.396300000000004)	(47, 45.429)	(48, 45.6956)	(49, 45.8514)	(50, 45.6841)	(51, 45.813500000000005)	(52, 46.1921)	(53, 45.8054)	(54, 45.8897)	(55, 46.9998)	(56, 46.9714)	(57, 47.155)	(58, 47.2834)	(59, 46.5256)	(60, 46.1743)	(61, 45.814899999999994)	(62, 46.0602)	(63, 45.9599)	(64, 45.8993)	(65, 45.813700000000004)	(66, 45.740199999999994)	(67, 46.2739)	(68, 46.1858)	(69, 46.718199999999996)	(70, 47.077000000000005)	(71, 46.5026)	(72, 46.8857)	(73, 46.2368)	(74, 46.157)	(75, 46.3648)	(76, 46.469300000000004)	(77, 45.9073)	(78, 45.8922)	(79, 46.307500000000005)	(80, 46.469)	(81, 46.2669)	(82, 46.3769)	(83, 45.3448)	(84, 45.6751)	(85, 46.0268)	(86, 45.576699999999995)	(87, 46.435700000000004)	(88, 46.0924)	(89, 45.7431)	(90, 46.047900000000006)	(91, 47.0675)	(92, 46.759)	(93, 47.3178)	(94, 47.1599)	(95, 47.147299999999994)	(96, 46.8043)	(97, 45.454299999999996)	(98, 45.5102)	(99, 45.1173)	(100, 45.992)	(101, 46.5348)	(102, 45.6864)	(103, 45.975899999999996)	(104, 45.5794)	(105, 44.9637)	(106, 46.183099999999996)	(107, 45.7072)	(108, 46.0462)	(109, 46.299)	(110, 45.7451)	(111, 46.1944)	(112, 45.6137)	(113, 45.8972)	(114, 45.687)	(115, 46.6281)	(116, 46.5545)	(117, 46.2343)	(118, 46.1387)	(119, 45.274300000000004)	(120, 45.6974)	(121, 45.1054)	(122, 46.2809)	(123, 45.8275)	(124, 45.6741)	(125, 45.731)	(126, 45.602)	(127, 46.2084)	(128, 45.4719)	(129, 44.7737)	(130, 44.7058)	(131, 44.9153)	(132, 45.0989)	(133, 45.9849)	(134, 45.565)	(135, 45.1998)	(136, 45.8148)	(137, 45.9482)	(138, 45.5674)	(139, 46.2439)	(140, 46.0118)	(141, 46.1539)	(142, 45.528999999999996)	(143, 45.1412)	(144, 45.089)	(145, 45.866299999999995)	(146, 46.129999999999995)	(147, 45.9961)	(148, 45.4195)	(149, 45.3314)	(150, 45.464)
RNA-Seq_FZX_Fr_C2	(1, 81.5276)	(2, 69.0968)	(3, 71.8356)	(4, 71.48689999999999)	(5, 63.718399999999995)	(6, 53.396699999999996)	(7, 39.3949)	(8, 40.5528)	(9, 40.6841)	(10, 38.379000000000005)	(11, 43.8883)	(12, 43.9999)	(13, 42.6715)	(14, 44.1169)	(15, 45.257799999999996)	(16, 44.7473)	(17, 45.2192)	(18, 44.7669)	(19, 44.663799999999995)	(20, 44.1791)	(21, 45.654)	(22, 46.6524)	(23, 45.7314)	(24, 45.5823)	(25, 46.5248)	(26, 45.9539)	(27, 46.003)	(28, 46.8309)	(29, 45.8104)	(30, 45.083)	(31, 45.9831)	(32, 45.895399999999995)	(33, 45.7197)	(34, 45.2495)	(35, 45.6284)	(36, 46.5062)	(37, 46.9253)	(38, 46.7039)	(39, 46.3285)	(40, 45.427)	(41, 46.0995)	(42, 46.341)	(43, 45.9105)	(44, 44.738499999999995)	(45, 45.0648)	(46, 45.4232)	(47, 45.4142)	(48, 45.7187)	(49, 45.9177)	(50, 45.6793)	(51, 45.7023)	(52, 46.0523)	(53, 45.748)	(54, 45.649699999999996)	(55, 46.922399999999996)	(56, 46.881099999999996)	(57, 47.08)	(58, 47.3193)	(59, 46.5931)	(60, 46.2307)	(61, 45.9069)	(62, 46.0559)	(63, 45.9593)	(64, 45.844699999999996)	(65, 45.7868)	(66, 45.6143)	(67, 46.076499999999996)	(68, 46.0148)	(69, 46.619)	(70, 47.0077)	(71, 46.483200000000004)	(72, 46.936299999999996)	(73, 46.2849)	(74, 46.132400000000004)	(75, 46.3499)	(76, 46.436899999999994)	(77, 45.9653)	(78, 45.8705)	(79, 46.2648)	(80, 46.468399999999995)	(81, 46.2048)	(82, 46.391)	(83, 45.4003)	(84, 45.6963)	(85, 45.9721)	(86, 45.4752)	(87, 46.3651)	(88, 46.0984)	(89, 45.671299999999995)	(90, 45.9256)	(91, 47.0689)	(92, 46.6844)	(93, 47.287)	(94, 47.1068)	(95, 47.078399999999995)	(96, 46.8334)	(97, 45.382600000000004)	(98, 45.4768)	(99, 45.1592)	(100, 46.1042)	(101, 46.6124)	(102, 45.6511)	(103, 46.071600000000004)	(104, 45.602599999999995)	(105, 44.9717)	(106, 46.2373)	(107, 45.7012)	(108, 46.068799999999996)	(109, 46.2127)	(110, 45.7284)	(111, 46.1617)	(112, 45.6646)	(113, 45.8653)	(114, 45.638)	(115, 46.5967)	(116, 46.5625)	(117, 46.1686)	(118, 46.1477)	(119, 45.297599999999996)	(120, 45.6081)	(121, 45.0492)	(122, 46.2507)	(123, 45.8715)	(124, 45.656400000000005)	(125, 45.6693)	(126, 45.605000000000004)	(127, 46.2513)	(128, 45.4955)	(129, 44.7316)	(130, 44.690400000000004)	(131, 44.9357)	(132, 45.0781)	(133, 46.0676)	(134, 45.6138)	(135, 45.1998)	(136, 45.8378)	(137, 45.8315)	(138, 45.5328)	(139, 46.2371)	(140, 46.1217)	(141, 46.281800000000004)	(142, 45.698899999999995)	(143, 45.1269)	(144, 45.073)	(145, 45.9629)	(146, 46.1544)	(147, 46.0122)	(148, 45.4356)	(149, 45.4921)	(150, 45.576699999999995)
RNA-Seq_FZX_Fr_C3	(1, 81.50450000000001)	(2, 68.1713)	(3, 71.1158)	(4, 70.24719999999999)	(5, 62.2923)	(6, 51.8177)	(7, 38.4429)	(8, 40.6676)	(9, 40.7881)	(10, 38.067099999999996)	(11, 44.0087)	(12, 43.8517)	(13, 42.436099999999996)	(14, 43.7043)	(15, 44.9095)	(16, 44.5056)	(17, 44.7069)	(18, 44.3085)	(19, 44.4476)	(20, 44.046099999999996)	(21, 45.339600000000004)	(22, 46.137499999999996)	(23, 45.3961)	(24, 45.4848)	(25, 46.0893)	(26, 45.8621)	(27, 45.7435)	(28, 46.422000000000004)	(29, 45.6404)	(30, 44.911)	(31, 45.6271)	(32, 45.6735)	(33, 45.3342)	(34, 45.0292)	(35, 45.5874)	(36, 46.138400000000004)	(37, 46.5658)	(38, 46.4204)	(39, 45.933800000000005)	(40, 45.266)	(41, 45.7021)	(42, 45.8557)	(43, 45.5345)	(44, 44.6641)	(45, 44.8817)	(46, 45.1758)	(47, 45.2585)	(48, 45.3896)	(49, 45.4152)	(50, 45.3906)	(51, 45.5702)	(52, 45.9259)	(53, 45.482099999999996)	(54, 45.644600000000004)	(55, 46.678)	(56, 46.5485)	(57, 46.7924)	(58, 46.7617)	(59, 46.0812)	(60, 45.7899)	(61, 45.421099999999996)	(62, 45.665)	(63, 45.563500000000005)	(64, 45.5537)	(65, 45.4658)	(66, 45.467200000000005)	(67, 45.9274)	(68, 45.9124)	(69, 46.3991)	(70, 46.6537)	(71, 46.178599999999996)	(72, 46.4846)	(73, 45.7632)	(74, 45.7816)	(75, 46.0531)	(76, 46.090599999999995)	(77, 45.5109)	(78, 45.61)	(79, 45.968199999999996)	(80, 46.0537)	(81, 45.942499999999995)	(82, 45.9248)	(83, 45.0077)	(84, 45.3544)	(85, 45.685700000000004)	(86, 45.313700000000004)	(87, 46.0818)	(88, 45.7701)	(89, 45.5287)	(90, 45.8212)	(91, 46.62)	(92, 46.4316)	(93, 46.8406)	(94, 46.7472)	(95, 46.7024)	(96, 46.4016)	(97, 45.2682)	(98, 45.3096)	(99, 44.9628)	(100, 45.6494)	(101, 46.1438)	(102, 45.4318)	(103, 45.644800000000004)	(104, 45.3401)	(105, 44.8066)	(106, 45.8626)	(107, 45.4337)	(108, 45.683800000000005)	(109, 45.887)	(110, 45.4217)	(111, 45.817)	(112, 45.2741)	(113, 45.602199999999996)	(114, 45.3984)	(115, 46.2627)	(116, 46.1978)	(117, 45.8097)	(118, 45.8089)	(119, 45.0937)	(120, 45.513)	(121, 44.8957)	(122, 45.9794)	(123, 45.5509)	(124, 45.4653)	(125, 45.490700000000004)	(126, 45.4534)	(127, 45.9099)	(128, 45.1745)	(129, 44.6031)	(130, 44.4982)	(131, 44.7773)	(132, 44.895)	(133, 45.683099999999996)	(134, 45.3146)	(135, 45.076)	(136, 45.5461)	(137, 45.7211)	(138, 45.385)	(139, 45.9304)	(140, 45.7026)	(141, 45.8555)	(142, 45.2697)	(143, 44.947199999999995)	(144, 44.9439)	(145, 45.6148)	(146, 45.8554)	(147, 45.818999999999996)	(148, 45.2289)	(149, 45.1193)	(150, 45.1962)
RNA-Seq_FZX_Fr_M1	(1, 81.5906)	(2, 68.721)	(3, 71.6715)	(4, 70.9499)	(5, 62.873000000000005)	(6, 52.4112)	(7, 39.2869)	(8, 41.013)	(9, 41.198299999999996)	(10, 38.6341)	(11, 44.2922)	(12, 44.2874)	(13, 42.950700000000005)	(14, 44.1693)	(15, 45.2545)	(16, 44.6127)	(17, 44.89)	(18, 44.4075)	(19, 44.6031)	(20, 44.2917)	(21, 45.597100000000005)	(22, 46.2908)	(23, 45.557199999999995)	(24, 45.9223)	(25, 46.1945)	(26, 46.4174)	(27, 46.0938)	(28, 46.747)	(29, 45.8971)	(30, 45.1675)	(31, 45.786100000000005)	(32, 46.0524)	(33, 45.5256)	(34, 45.083)	(35, 45.8982)	(36, 46.178999999999995)	(37, 46.9777)	(38, 46.6926)	(39, 46.1999)	(40, 45.4001)	(41, 46.0077)	(42, 45.940599999999996)	(43, 45.8039)	(44, 44.7778)	(45, 44.912)	(46, 45.2749)	(47, 45.232099999999996)	(48, 45.1642)	(49, 45.447500000000005)	(50, 45.5388)	(51, 45.879599999999996)	(52, 46.2472)	(53, 45.6988)	(54, 46.014300000000006)	(55, 46.8355)	(56, 46.733799999999995)	(57, 46.9619)	(58, 46.9829)	(59, 46.2831)	(60, 45.8056)	(61, 45.6205)	(62, 46.0204)	(63, 45.8148)	(64, 46.0307)	(65, 45.634)	(66, 45.8088)	(67, 46.3036)	(68, 46.2282)	(69, 46.6759)	(70, 47.0751)	(71, 46.3758)	(72, 46.6023)	(73, 45.8783)	(74, 45.767)	(75, 46.1111)	(76, 46.0623)	(77, 45.3907)	(78, 45.6293)	(79, 45.9715)	(80, 46.3038)	(81, 46.0262)	(82, 45.9112)	(83, 45.0081)	(84, 45.185900000000004)	(85, 45.7605)	(86, 45.2586)	(87, 46.1087)	(88, 45.643899999999995)	(89, 45.508900000000004)	(90, 45.8763)	(91, 46.746900000000004)	(92, 46.7357)	(93, 46.9607)	(94, 47.0006)	(95, 46.9557)	(96, 46.5206)	(97, 45.2673)	(98, 45.3444)	(99, 44.6824)	(100, 45.2934)	(101, 46.2134)	(102, 45.2324)	(103, 45.4341)	(104, 45.081199999999995)	(105, 44.508199999999995)	(106, 45.6609)	(107, 45.2943)	(108, 45.478)	(109, 45.5994)	(110, 44.9611)	(111, 45.6213)	(112, 44.9812)	(113, 45.4523)	(114, 45.1992)	(115, 46.2349)	(116, 45.9192)	(117, 45.5056)	(118, 45.4762)	(119, 44.6841)	(120, 45.2968)	(121, 44.669)	(122, 45.6828)	(123, 44.9037)	(124, 45.0374)	(125, 45.0722)	(126, 44.7493)	(127, 45.3658)	(128, 44.6224)	(129, 43.924600000000005)	(130, 43.9435)	(131, 44.2117)	(132, 44.3118)	(133, 45.1621)	(134, 44.7368)	(135, 44.565)	(136, 44.960699999999996)	(137, 45.402300000000004)	(138, 44.8461)	(139, 45.2787)	(140, 45.1303)	(141, 45.4287)	(142, 44.799099999999996)	(143, 44.5884)	(144, 44.5878)	(145, 45.2257)	(146, 45.4087)	(147, 45.2403)	(148, 44.8272)	(149, 44.5098)	(150, 44.8024)
RNA-Seq_FZX_Fr_M2	(1, 81.3215)	(2, 67.9568)	(3, 70.9563)	(4, 69.7836)	(5, 61.781299999999995)	(6, 51.3011)	(7, 38.4223)	(8, 40.9122)	(9, 40.983000000000004)	(10, 37.9368)	(11, 44.209900000000005)	(12, 44.1769)	(13, 42.5458)	(14, 43.8065)	(15, 44.9636)	(16, 44.2325)	(17, 44.4722)	(18, 43.9938)	(19, 44.0099)	(20, 43.8427)	(21, 45.1089)	(22, 45.8238)	(23, 45.1524)	(24, 45.2772)	(25, 45.8028)	(26, 46.0564)	(27, 45.7292)	(28, 46.1931)	(29, 45.4433)	(30, 44.5791)	(31, 45.244299999999996)	(32, 45.5193)	(33, 45.0278)	(34, 44.6879)	(35, 45.3836)	(36, 45.626)	(37, 46.291700000000006)	(38, 46.1242)	(39, 45.7598)	(40, 44.9958)	(41, 45.4553)	(42, 45.542)	(43, 45.3611)	(44, 44.4633)	(45, 44.5853)	(46, 44.7614)	(47, 44.8697)	(48, 44.879799999999996)	(49, 45.097300000000004)	(50, 45.1719)	(51, 45.4365)	(52, 45.6202)	(53, 45.3078)	(54, 45.5781)	(55, 46.3789)	(56, 46.3268)	(57, 46.4604)	(58, 46.476299999999995)	(59, 45.902100000000004)	(60, 45.665800000000004)	(61, 45.4519)	(62, 45.7514)	(63, 45.4276)	(64, 45.4585)	(65, 45.250099999999996)	(66, 45.2901)	(67, 45.7513)	(68, 45.6939)	(69, 46.143499999999996)	(70, 46.4635)	(71, 45.8152)	(72, 46.299600000000005)	(73, 45.5127)	(74, 45.4558)	(75, 45.6202)	(76, 45.5302)	(77, 44.9601)	(78, 45.1476)	(79, 45.5162)	(80, 45.9267)	(81, 45.7075)	(82, 45.5496)	(83, 44.6326)	(84, 45.033699999999996)	(85, 45.6672)	(86, 44.9105)	(87, 45.628)	(88, 45.132)	(89, 44.959900000000005)	(90, 45.3453)	(91, 46.2965)	(92, 46.322)	(93, 46.6468)	(94, 46.564)	(95, 46.529399999999995)	(96, 46.143)	(97, 44.7734)	(98, 44.9268)	(99, 44.295)	(100, 45.1644)	(101, 45.826699999999995)	(102, 44.8289)	(103, 45.117000000000004)	(104, 44.74)	(105, 44.1664)	(106, 45.2395)	(107, 44.757200000000005)	(108, 45.039)	(109, 45.1569)	(110, 44.6667)	(111, 45.4235)	(112, 44.932100000000005)	(113, 45.3086)	(114, 44.8168)	(115, 45.7216)	(116, 45.5367)	(117, 45.0946)	(118, 44.783)	(119, 44.1409)	(120, 44.7183)	(121, 44.0882)	(122, 44.9983)	(123, 44.2121)	(124, 44.264399999999995)	(125, 44.3231)	(126, 44.3413)	(127, 45.0383)	(128, 44.2096)	(129, 43.4651)	(130, 43.180600000000005)	(131, 43.5762)	(132, 43.5827)	(133, 44.3912)	(134, 44.086999999999996)	(135, 43.939499999999995)	(136, 44.3967)	(137, 44.7076)	(138, 44.222699999999996)	(139, 44.6725)	(140, 44.5385)	(141, 44.8853)	(142, 44.4264)	(143, 44.3265)	(144, 44.1875)	(145, 44.5914)	(146, 44.7891)	(147, 44.715700000000005)	(148, 44.3465)	(149, 44.214)	(150, 44.4016)
RNA-Seq_FZX_Fr_M3	(1, 81.1886)	(2, 67.6454)	(3, 70.6)	(4, 69.3388)	(5, 61.2587)	(6, 50.740300000000005)	(7, 38.1792)	(8, 40.9929)	(9, 41.1916)	(10, 38.138)	(11, 44.541)	(12, 44.432700000000004)	(13, 42.7695)	(14, 43.9831)	(15, 45.1424)	(16, 44.3835)	(17, 44.6313)	(18, 44.2162)	(19, 44.328)	(20, 44.1274)	(21, 45.340799999999994)	(22, 45.998400000000004)	(23, 45.3421)	(24, 45.4602)	(25, 45.9404)	(26, 46.2673)	(27, 45.8872)	(28, 46.4727)	(29, 45.628600000000006)	(30, 44.8502)	(31, 45.493)	(32, 45.7391)	(33, 45.285)	(34, 44.8856)	(35, 45.6441)	(36, 45.895399999999995)	(37, 46.535199999999996)	(38, 46.335100000000004)	(39, 46.0054)	(40, 45.157199999999996)	(41, 45.6338)	(42, 45.6866)	(43, 45.468199999999996)	(44, 44.6128)	(45, 44.7946)	(46, 44.9564)	(47, 44.9998)	(48, 45.029799999999994)	(49, 45.2248)	(50, 45.2812)	(51, 45.5625)	(52, 45.8039)	(53, 45.480599999999995)	(54, 45.6841)	(55, 46.6098)	(56, 46.4976)	(57, 46.655)	(58, 46.6397)	(59, 46.0523)	(60, 45.7838)	(61, 45.559)	(62, 45.9583)	(63, 45.662000000000006)	(64, 45.6883)	(65, 45.4171)	(66, 45.4736)	(67, 45.9731)	(68, 45.9281)	(69, 46.397800000000004)	(70, 46.6351)	(71, 46.0205)	(72, 46.4062)	(73, 45.6048)	(74, 45.6255)	(75, 45.854299999999995)	(76, 45.7651)	(77, 45.250099999999996)	(78, 45.435700000000004)	(79, 45.7354)	(80, 46.0461)	(81, 45.8024)	(82, 45.6866)	(83, 44.8026)	(84, 45.1627)	(85, 45.7326)	(86, 44.9994)	(87, 45.7997)	(88, 45.2996)	(89, 45.226699999999994)	(90, 45.5492)	(91, 46.4658)	(92, 46.5019)	(93, 46.7823)	(94, 46.7707)	(95, 46.6564)	(96, 46.2359)	(97, 44.9718)	(98, 45.095800000000004)	(99, 44.5019)	(100, 45.2631)	(101, 45.980900000000005)	(102, 45.033899999999996)	(103, 45.2479)	(104, 44.857)	(105, 44.3546)	(106, 45.4648)	(107, 44.9277)	(108, 45.152)	(109, 45.330799999999996)	(110, 44.8485)	(111, 45.5374)	(112, 44.9966)	(113, 45.4585)	(114, 45.0186)	(115, 45.9508)	(116, 45.6933)	(117, 45.2867)	(118, 45.0925)	(119, 44.4103)	(120, 44.9919)	(121, 44.4383)	(122, 45.2564)	(123, 44.501200000000004)	(124, 44.5595)	(125, 44.5965)	(126, 44.5122)	(127, 45.1528)	(128, 44.3496)	(129, 43.6538)	(130, 43.4477)	(131, 43.8689)	(132, 43.8619)	(133, 44.7275)	(134, 44.4357)	(135, 44.2515)	(136, 44.6752)	(137, 45.0465)	(138, 44.5155)	(139, 44.955600000000004)	(140, 44.7894)	(141, 45.1542)	(142, 44.5983)	(143, 44.4786)	(144, 44.3515)	(145, 44.85)	(146, 45.0684)	(147, 44.973600000000005)	(148, 44.5498)	(149, 44.3617)	(150, 44.5435)
RNA-Seq_FZX_Le_C1	(1, 80.9593)	(2, 67.5311)	(3, 72.2038)	(4, 70.69149999999999)	(5, 62.980599999999995)	(6, 50.7156)	(7, 38.0194)	(8, 39.734700000000004)	(9, 37.9409)	(10, 37.1419)	(11, 40.748)	(12, 40.432)	(13, 41.762)	(14, 40.9589)	(15, 42.558299999999996)	(16, 42.0634)	(17, 42.1259)	(18, 40.533)	(19, 41.3076)	(20, 41.5278)	(21, 41.972)	(22, 42.4198)	(23, 41.5343)	(24, 43.2856)	(25, 42.7048)	(26, 46.654)	(27, 43.7327)	(28, 47.0871)	(29, 43.9867)	(30, 42.3928)	(31, 42.0116)	(32, 44.6693)	(33, 43.8128)	(34, 42.8813)	(35, 45.5724)	(36, 43.0611)	(37, 46.7497)	(38, 45.873799999999996)	(39, 44.3357)	(40, 41.4684)	(41, 43.645)	(42, 42.398)	(43, 43.5522)	(44, 43.6032)	(45, 42.9009)	(46, 45.4913)	(47, 43.608599999999996)	(48, 41.1641)	(49, 41.9572)	(50, 43.4359)	(51, 45.1596)	(52, 47.2452)	(53, 45.014900000000004)	(54, 45.386700000000005)	(55, 45.846399999999996)	(56, 44.0179)	(57, 44.4248)	(58, 44.934200000000004)	(59, 44.4767)	(60, 44.6637)	(61, 45.2357)	(62, 45.4149)	(63, 44.2093)	(64, 43.8936)	(65, 41.5143)	(66, 42.8182)	(67, 44.9438)	(68, 43.968)	(69, 45.8742)	(70, 46.4932)	(71, 43.8704)	(72, 44.3527)	(73, 41.948800000000006)	(74, 42.5897)	(75, 44.2485)	(76, 44.540800000000004)	(77, 42.277100000000004)	(78, 43.0431)	(79, 42.8998)	(80, 42.7551)	(81, 42.4117)	(82, 41.0201)	(83, 41.7569)	(84, 43.61)	(85, 45.7752)	(86, 43.9916)	(87, 44.9069)	(88, 43.716)	(89, 43.889)	(90, 43.7427)	(91, 44.7838)	(92, 46.8766)	(93, 44.6076)	(94, 47.515299999999996)	(95, 46.3832)	(96, 45.09)	(97, 43.4676)	(98, 42.9406)	(99, 41.8059)	(100, 42.5619)	(101, 44.100899999999996)	(102, 43.141600000000004)	(103, 43.9461)	(104, 43.9984)	(105, 42.2122)	(106, 43.866)	(107, 42.3588)	(108, 42.226)	(109, 42.8576)	(110, 42.8585)	(111, 44.6662)	(112, 43.3659)	(113, 45.0434)	(114, 42.5952)	(115, 44.589600000000004)	(116, 44.2783)	(117, 42.776199999999996)	(118, 44.1454)	(119, 43.1838)	(120, 44.2601)	(121, 43.1418)	(122, 45.5482)	(123, 43.0357)	(124, 44.3102)	(125, 43.9512)	(126, 44.672)	(127, 46.043299999999995)	(128, 43.215599999999995)	(129, 41.5775)	(130, 39.437)	(131, 40.657399999999996)	(132, 40.690599999999996)	(133, 43.1923)	(134, 43.7513)	(135, 43.797399999999996)	(136, 42.9348)	(137, 45.1621)	(138, 42.5182)	(139, 42.0715)	(140, 41.0689)	(141, 43.445499999999996)	(142, 43.6717)	(143, 45.420100000000005)	(144, 44.1258)	(145, 43.5291)	(146, 44.396)	(147, 44.386199999999995)	(148, 44.9859)	(149, 43.1437)	(150, 44.438100000000006)
RNA-Seq_FZX_Le_C2	(1, 81.605)	(2, 67.2581)	(3, 72.2145)	(4, 70.4273)	(5, 62.395999999999994)	(6, 50.030300000000004)	(7, 37.5075)	(8, 39.4986)	(9, 37.697199999999995)	(10, 36.5177)	(11, 40.5216)	(12, 40.21)	(13, 41.4529)	(14, 40.4361)	(15, 42.2736)	(16, 41.6336)	(17, 41.576800000000006)	(18, 40.0255)	(19, 40.8651)	(20, 41.0501)	(21, 41.6211)	(22, 42.144)	(23, 41.0025)	(24, 42.8258)	(25, 42.3038)	(26, 46.1078)	(27, 43.2183)	(28, 46.5523)	(29, 43.4437)	(30, 41.9064)	(31, 41.5808)	(32, 44.2856)	(33, 43.2854)	(34, 42.5909)	(35, 45.1076)	(36, 42.5993)	(37, 46.416000000000004)	(38, 45.3238)	(39, 43.6807)	(40, 41.090199999999996)	(41, 43.2801)	(42, 42.0605)	(43, 43.1252)	(44, 43.2945)	(45, 42.580400000000004)	(46, 45.1214)	(47, 43.237500000000004)	(48, 40.705799999999996)	(49, 41.5689)	(50, 43.0664)	(51, 44.874)	(52, 46.987)	(53, 44.713)	(54, 45.0634)	(55, 45.4758)	(56, 43.5692)	(57, 43.844899999999996)	(58, 44.3206)	(59, 43.9152)	(60, 44.1757)	(61, 44.7884)	(62, 44.7592)	(63, 43.656099999999995)	(64, 43.3747)	(65, 41.0922)	(66, 42.3763)	(67, 44.574000000000005)	(68, 43.582100000000004)	(69, 45.5285)	(70, 46.0967)	(71, 43.546)	(72, 44.0662)	(73, 41.705999999999996)	(74, 42.3542)	(75, 43.9418)	(76, 43.9561)	(77, 41.7487)	(78, 42.4788)	(79, 42.3669)	(80, 42.141600000000004)	(81, 41.781)	(82, 40.489599999999996)	(83, 41.3036)	(84, 43.2347)	(85, 45.4903)	(86, 43.5139)	(87, 44.4606)	(88, 43.3069)	(89, 43.5388)	(90, 43.545899999999996)	(91, 44.448)	(92, 46.4328)	(93, 44.1107)	(94, 47.0761)	(95, 45.765499999999996)	(96, 44.644600000000004)	(97, 42.9242)	(98, 42.4953)	(99, 41.4052)	(100, 42.263)	(101, 43.635000000000005)	(102, 42.6758)	(103, 43.5412)	(104, 43.5523)	(105, 41.8903)	(106, 43.5929)	(107, 41.963899999999995)	(108, 41.8896)	(109, 42.4142)	(110, 42.4138)	(111, 44.2497)	(112, 43.0321)	(113, 44.5092)	(114, 42.1175)	(115, 44.0199)	(116, 43.7948)	(117, 42.0898)	(118, 43.4624)	(119, 42.551899999999996)	(120, 43.8457)	(121, 42.6709)	(122, 45.0971)	(123, 42.432700000000004)	(124, 43.903999999999996)	(125, 43.5199)	(126, 44.2917)	(127, 45.6057)	(128, 42.5321)	(129, 40.948499999999996)	(130, 38.9375)	(131, 40.077400000000004)	(132, 40.283)	(133, 42.733)	(134, 43.297000000000004)	(135, 43.2072)	(136, 42.333999999999996)	(137, 44.681)	(138, 42.0274)	(139, 41.5013)	(140, 40.6845)	(141, 43.2621)	(142, 43.387100000000004)	(143, 45.082899999999995)	(144, 43.6311)	(145, 42.9751)	(146, 43.9447)	(147, 44.012499999999996)	(148, 44.4721)	(149, 42.8161)	(150, 44.1133)
RNA-Seq_FZX_Le_C3	(1, 81.0172)	(2, 65.99080000000001)	(3, 70.35810000000001)	(4, 67.9703)	(5, 60.0484)	(6, 48.2922)	(7, 36.6902)	(8, 39.909299999999995)	(9, 38.5192)	(10, 36.2232)	(11, 41.5454)	(12, 41.0567)	(13, 41.5278)	(14, 40.7184)	(15, 42.4882)	(16, 41.754200000000004)	(17, 41.7156)	(18, 40.475100000000005)	(19, 41.198800000000006)	(20, 41.3578)	(21, 41.7149)	(22, 42.0745)	(23, 41.394999999999996)	(24, 42.9785)	(25, 42.5814)	(26, 46.080799999999996)	(27, 43.4418)	(28, 45.8706)	(29, 43.2592)	(30, 41.7924)	(31, 41.7414)	(32, 44.147999999999996)	(33, 42.8595)	(34, 42.4931)	(35, 45.0312)	(36, 42.8187)	(37, 45.8302)	(38, 45.014900000000004)	(39, 43.4281)	(40, 41.6755)	(41, 43.133700000000005)	(42, 42.2198)	(43, 42.8257)	(44, 43.276399999999995)	(45, 42.6237)	(46, 44.3994)	(47, 42.9337)	(48, 40.8662)	(49, 41.7054)	(50, 43.2578)	(51, 44.8446)	(52, 46.4127)	(53, 44.6001)	(54, 44.8405)	(55, 45.0583)	(56, 43.6449)	(57, 43.8275)	(58, 44.2668)	(59, 43.6651)	(60, 43.803799999999995)	(61, 44.1648)	(62, 44.3229)	(63, 43.3309)	(64, 43.1924)	(65, 41.4249)	(66, 42.6978)	(67, 44.2648)	(68, 43.493900000000004)	(69, 45.1392)	(70, 45.183299999999996)	(71, 43.3473)	(72, 43.820100000000004)	(73, 41.6361)	(74, 42.1625)	(75, 43.5558)	(76, 43.390499999999996)	(77, 41.871900000000004)	(78, 42.3731)	(79, 42.342999999999996)	(80, 42.6018)	(81, 42.1737)	(82, 40.8309)	(83, 41.532799999999995)	(84, 43.2162)	(85, 45.1735)	(86, 43.3612)	(87, 44.0785)	(88, 43.0961)	(89, 43.2738)	(90, 43.466300000000004)	(91, 44.0298)	(92, 45.9196)	(93, 43.9983)	(94, 46.3262)	(95, 45.3234)	(96, 44.1877)	(97, 42.8099)	(98, 42.5781)	(99, 41.3323)	(100, 42.135400000000004)	(101, 43.4001)	(102, 42.5925)	(103, 42.983900000000006)	(104, 43.2504)	(105, 41.6492)	(106, 43.1738)	(107, 41.620200000000004)	(108, 41.7625)	(109, 42.2188)	(110, 42.2991)	(111, 43.6848)	(112, 42.6556)	(113, 44.1745)	(114, 42.1597)	(115, 43.601600000000005)	(116, 43.4571)	(117, 41.801300000000005)	(118, 42.802)	(119, 42.3716)	(120, 43.2674)	(121, 42.4595)	(122, 44.1145)	(123, 41.8248)	(124, 43.1391)	(125, 42.9039)	(126, 43.6226)	(127, 44.413799999999995)	(128, 42.0615)	(129, 40.567)	(130, 38.9521)	(131, 40.2216)	(132, 40.2104)	(133, 42.1963)	(134, 42.7563)	(135, 42.6044)	(136, 41.8597)	(137, 43.8487)	(138, 41.5462)	(139, 41.347)	(140, 40.6111)	(141, 42.832300000000004)	(142, 42.7238)	(143, 44.2019)	(144, 43.1559)	(145, 42.5492)	(146, 43.4637)	(147, 43.750099999999996)	(148, 43.885200000000005)	(149, 42.404599999999995)	(150, 43.3814)
RNA-Seq_FZX_Le_M1	(1, 82.4577)	(2, 65.28659999999999)	(3, 70.4996)	(4, 67.8205)	(5, 59.309999999999995)	(6, 47.2079)	(7, 36.1569)	(8, 40.4862)	(9, 39.2805)	(10, 36.5091)	(11, 42.323)	(12, 41.6892)	(13, 41.959999999999994)	(14, 40.822900000000004)	(15, 42.2511)	(16, 41.7831)	(17, 42.0295)	(18, 40.6453)	(19, 41.6845)	(20, 41.6096)	(21, 41.8391)	(22, 42.4076)	(23, 41.9003)	(24, 43.7927)	(25, 42.7782)	(26, 46.7496)	(27, 43.9176)	(28, 46.4724)	(29, 43.5423)	(30, 42.7004)	(31, 42.5269)	(32, 44.8571)	(33, 43.7045)	(34, 42.7733)	(35, 45.4492)	(36, 43.039699999999996)	(37, 45.9688)	(38, 45.016099999999994)	(39, 43.757000000000005)	(40, 42.0421)	(41, 43.5977)	(42, 42.2245)	(43, 43.175599999999996)	(44, 43.8136)	(45, 43.032)	(46, 44.9137)	(47, 43.5342)	(48, 41.6403)	(49, 42.2573)	(50, 43.9577)	(51, 45.1365)	(52, 46.5894)	(53, 44.3332)	(54, 44.9672)	(55, 45.523599999999995)	(56, 44.0214)	(57, 43.9744)	(58, 44.7533)	(59, 44.457)	(60, 44.491)	(61, 44.7796)	(62, 45.1114)	(63, 44.0078)	(64, 44.3097)	(65, 42.2849)	(66, 43.5173)	(67, 45.1672)	(68, 44.1691)	(69, 45.7175)	(70, 45.9568)	(71, 43.4446)	(72, 43.5782)	(73, 41.768)	(74, 42.554199999999994)	(75, 44.032199999999996)	(76, 43.9865)	(77, 42.0912)	(78, 42.985)	(79, 43.310700000000004)	(80, 43.071)	(81, 42.9136)	(82, 41.5528)	(83, 42.5008)	(84, 43.8138)	(85, 45.8393)	(86, 43.7045)	(87, 44.406099999999995)	(88, 43.3994)	(89, 43.8025)	(90, 43.8627)	(91, 44.3529)	(92, 46.6551)	(93, 44.8072)	(94, 46.9713)	(95, 45.9366)	(96, 44.8109)	(97, 43.4989)	(98, 43.205799999999996)	(99, 41.775600000000004)	(100, 42.3439)	(101, 44.2052)	(102, 43.3596)	(103, 43.4046)	(104, 43.9848)	(105, 42.1239)	(106, 43.9021)	(107, 42.3087)	(108, 42.1705)	(109, 43.1717)	(110, 43.0106)	(111, 44.6049)	(112, 42.8067)	(113, 44.6976)	(114, 42.5753)	(115, 44.379000000000005)	(116, 43.9026)	(117, 42.369)	(118, 43.8774)	(119, 43.276900000000005)	(120, 44.3716)	(121, 43.095099999999995)	(122, 45.081700000000005)	(123, 42.8829)	(124, 44.4007)	(125, 44.1071)	(126, 44.0948)	(127, 45.1205)	(128, 42.9233)	(129, 41.7813)	(130, 40.062)	(131, 41.287400000000005)	(132, 41.047)	(133, 43.0404)	(134, 43.2984)	(135, 43.3524)	(136, 42.843199999999996)	(137, 44.724399999999996)	(138, 42.3416)	(139, 42.369299999999996)	(140, 41.4131)	(141, 43.662800000000004)	(142, 43.208600000000004)	(143, 44.57)	(144, 43.6901)	(145, 43.2053)	(146, 44.3007)	(147, 43.9115)	(148, 44.330999999999996)	(149, 42.289500000000004)	(150, 43.3623)
RNA-Seq_FZX_Le_M2	(1, 82.3186)	(2, 65.7228)	(3, 71.0009)	(4, 68.4359)	(5, 60.0296)	(6, 47.700199999999995)	(7, 35.9141)	(8, 40.1011)	(9, 38.737)	(10, 36.5509)	(11, 41.7866)	(12, 41.071999999999996)	(13, 41.6521)	(14, 40.4983)	(15, 41.9597)	(16, 41.4221)	(17, 41.9371)	(18, 40.4131)	(19, 41.464600000000004)	(20, 41.3947)	(21, 41.5993)	(22, 42.221)	(23, 41.585699999999996)	(24, 43.6223)	(25, 42.3402)	(26, 46.4853)	(27, 43.5023)	(28, 46.4114)	(29, 43.3015)	(30, 42.499700000000004)	(31, 42.147800000000004)	(32, 44.7121)	(33, 43.5875)	(34, 42.5318)	(35, 45.3212)	(36, 42.7819)	(37, 45.976)	(38, 44.9519)	(39, 43.598)	(40, 41.606)	(41, 43.405100000000004)	(42, 42.0557)	(43, 42.924299999999995)	(44, 43.5496)	(45, 42.7157)	(46, 44.829)	(47, 43.3123)	(48, 41.3157)	(49, 41.8176)	(50, 43.675999999999995)	(51, 44.8618)	(52, 46.590199999999996)	(53, 44.244499999999995)	(54, 44.7597)	(55, 45.406200000000005)	(56, 43.7451)	(57, 43.7531)	(58, 44.5256)	(59, 44.311299999999996)	(60, 44.2125)	(61, 44.583800000000004)	(62, 44.8776)	(63, 43.7402)	(64, 44.040099999999995)	(65, 41.9283)	(66, 43.2703)	(67, 45.022800000000004)	(68, 44.073)	(69, 45.5168)	(70, 45.9217)	(71, 43.2076)	(72, 43.3058)	(73, 41.428399999999996)	(74, 42.200500000000005)	(75, 43.9853)	(76, 43.9431)	(77, 41.9202)	(78, 42.7865)	(79, 42.9639)	(80, 42.728699999999996)	(81, 42.4478)	(82, 41.1774)	(83, 42.119299999999996)	(84, 43.5044)	(85, 45.3757)	(86, 43.5531)	(87, 44.3459)	(88, 43.254)	(89, 43.6172)	(90, 43.5653)	(91, 44.0669)	(92, 46.380300000000005)	(93, 44.461600000000004)	(94, 46.768)	(95, 45.8125)	(96, 44.614599999999996)	(97, 43.228100000000005)	(98, 42.903200000000005)	(99, 41.5766)	(100, 41.9495)	(101, 43.9367)	(102, 43.1448)	(103, 43.1281)	(104, 43.8272)	(105, 41.8506)	(106, 43.5869)	(107, 42.0682)	(108, 41.8718)	(109, 42.7846)	(110, 42.6317)	(111, 44.3423)	(112, 42.350500000000004)	(113, 44.5188)	(114, 42.2639)	(115, 44.184400000000004)	(116, 43.7213)	(117, 42.1515)	(118, 43.74)	(119, 43.0916)	(120, 44.1976)	(121, 42.870200000000004)	(122, 45.155699999999996)	(123, 42.7115)	(124, 44.28)	(125, 43.9783)	(126, 43.892399999999995)	(127, 44.8978)	(128, 42.6521)	(129, 41.5036)	(130, 39.7994)	(131, 41.1252)	(132, 40.7898)	(133, 43.0453)	(134, 43.3515)	(135, 43.3227)	(136, 42.6633)	(137, 44.7621)	(138, 42.146699999999996)	(139, 42.0973)	(140, 41.2175)	(141, 43.518699999999995)	(142, 43.0034)	(143, 44.357600000000005)	(144, 43.561499999999995)	(145, 43.154399999999995)	(146, 44.2887)	(147, 43.7459)	(148, 44.2265)	(149, 42.045500000000004)	(150, 43.214000000000006)
RNA-Seq_FZX_Le_M3	(1, 81.6281)	(2, 65.9567)	(3, 71.0002)	(4, 68.6941)	(5, 60.628499999999995)	(6, 48.4626)	(7, 36.2827)	(8, 39.6869)	(9, 38.3914)	(10, 36.375)	(11, 41.197)	(12, 40.5112)	(13, 41.1679)	(14, 40.3096)	(15, 41.8029)	(16, 41.3016)	(17, 41.6702)	(18, 40.2599)	(19, 41.0874)	(20, 41.141)	(21, 41.2887)	(22, 41.774899999999995)	(23, 41.1302)	(24, 43.079699999999995)	(25, 42.1571)	(26, 46.077200000000005)	(27, 43.3069)	(28, 46.0972)	(29, 43.1085)	(30, 42.087799999999994)	(31, 41.800599999999996)	(32, 44.1578)	(33, 43.2619)	(34, 42.3787)	(35, 44.7996)	(36, 42.5546)	(37, 45.556400000000004)	(38, 44.6907)	(39, 43.4028)	(40, 41.259499999999996)	(41, 43.0781)	(42, 41.694199999999995)	(43, 42.5773)	(44, 43.108200000000004)	(45, 42.3549)	(46, 44.4809)	(47, 42.8936)	(48, 40.8667)	(49, 41.5617)	(50, 43.1775)	(51, 44.3865)	(52, 46.0704)	(53, 43.804700000000004)	(54, 44.2262)	(55, 44.9698)	(56, 43.3275)	(57, 43.5212)	(58, 44.3568)	(59, 43.9233)	(60, 44.0085)	(61, 44.3494)	(62, 44.6954)	(63, 43.4705)	(64, 43.5713)	(65, 41.4859)	(66, 42.670700000000004)	(67, 44.3923)	(68, 43.5093)	(69, 45.0314)	(70, 45.3724)	(71, 42.9417)	(72, 43.025200000000005)	(73, 41.0946)	(74, 41.896499999999996)	(75, 43.5133)	(76, 43.7438)	(77, 41.7678)	(78, 42.478100000000005)	(79, 42.6359)	(80, 42.423100000000005)	(81, 42.205)	(82, 40.8844)	(83, 41.8591)	(84, 43.1858)	(85, 45.0188)	(86, 43.208800000000004)	(87, 43.9249)	(88, 42.7547)	(89, 43.1792)	(90, 43.104)	(91, 43.6987)	(92, 46.0126)	(93, 44.0095)	(94, 46.3648)	(95, 45.3388)	(96, 44.2567)	(97, 42.844300000000004)	(98, 42.5629)	(99, 41.3794)	(100, 41.7587)	(101, 43.5475)	(102, 42.737)	(103, 42.9666)	(104, 43.4867)	(105, 41.6504)	(106, 43.2417)	(107, 41.6982)	(108, 41.5783)	(109, 42.3834)	(110, 42.3311)	(111, 43.9099)	(112, 42.247)	(113, 44.111)	(114, 42.0867)	(115, 43.8704)	(116, 43.403999999999996)	(117, 42.098400000000005)	(118, 43.478899999999996)	(119, 42.890499999999996)	(120, 43.8202)	(121, 42.7873)	(122, 44.729600000000005)	(123, 42.449)	(124, 43.862899999999996)	(125, 43.4804)	(126, 43.6797)	(127, 44.7602)	(128, 42.452400000000004)	(129, 41.3377)	(130, 39.5743)	(131, 40.7442)	(132, 40.5655)	(133, 42.7167)	(134, 43.126999999999995)	(135, 43.0367)	(136, 42.3964)	(137, 44.3812)	(138, 41.9197)	(139, 41.7193)	(140, 40.8511)	(141, 43.038)	(142, 42.7857)	(143, 44.223600000000005)	(144, 43.3162)	(145, 42.9056)	(146, 43.9227)	(147, 43.4514)	(148, 44.0423)	(149, 42.0414)	(150, 43.1638)
