Sample	0	1	2	3	4	5	6	7	8	9	10	11	12	13	14	15	16	17	18	19	20	21	22	23	24	25	26	27	28	29	30	31	32	33	34	35	36	37	38	39	40	41	42	43	44	45	46	47	48	49	50	51	52	53	54	55	56	57	58	59	60	61	62	63	64	65	66	67	68	69	70	71	72	73	74	75	76	77	78	79	80	81	82	83	84	85	86	87	88	89	90	91	92	93	94	95	96	97	98	99	100	101	102	103	104	105	106	107	108	109	110	111	112	113	114	115	116	117	118	119	120	121	122	123	124	125	126	127	128	129	130	131	132	133	134	135	136	137	138	139	140	141	142	143	144	145	146	147	148	149
RNA-Seq_FZX_Fr_C1	(1, 36.5631)	(2, 36.5168)	(3, 36.6284)	(4, 36.673)	(5, 36.6832)	(6, 36.6844)	(7, 36.6454)	(8, 36.6649)	(9, 36.6771)	(10, 36.6882)	(11, 36.7053)	(12, 36.7075)	(13, 36.7019)	(14, 36.706)	(15, 36.7054)	(16, 36.7008)	(17, 36.7027)	(18, 36.7005)	(19, 36.6991)	(20, 36.6968)	(21, 36.7022)	(22, 36.6942)	(23, 36.6914)	(24, 36.6803)	(25, 36.6803)	(26, 36.6674)	(27, 36.6538)	(28, 36.6576)	(29, 36.6467)	(30, 36.6467)	(31, 36.6406)	(32, 36.628)	(33, 36.6275)	(34, 36.6311)	(35, 36.6192)	(36, 36.6215)	(37, 36.6177)	(38, 36.6139)	(39, 36.6161)	(40, 36.6038)	(41, 36.5974)	(42, 36.5943)	(43, 36.5503)	(44, 36.5833)	(45, 36.5708)	(46, 36.5839)	(47, 36.5653)	(48, 36.5724)	(49, 36.5707)	(50, 36.5536)	(51, 36.5641)	(52, 36.5489)	(53, 36.5544)	(54, 36.5636)	(55, 36.5522)	(56, 36.5486)	(57, 36.5499)	(58, 36.5407)	(59, 36.5214)	(60, 36.5119)	(61, 36.5094)	(62, 36.5057)	(63, 36.5109)	(64, 36.5056)	(65, 36.5106)	(66, 36.5168)	(67, 36.5136)	(68, 36.4823)	(69, 36.4807)	(70, 36.4844)	(71, 36.492)	(72, 36.5042)	(73, 36.5005)	(74, 36.5047)	(75, 36.4663)	(76, 36.4565)	(77, 36.4518)	(78, 36.4197)	(79, 36.4401)	(80, 36.4187)	(81, 36.431)	(82, 36.4442)	(83, 36.4143)	(84, 36.4327)	(85, 36.4463)	(86, 36.3722)	(87, 36.382)	(88, 36.3697)	(89, 36.3157)	(90, 36.2993)	(91, 36.3654)	(92, 36.3507)	(93, 36.3525)	(94, 36.3809)	(95, 36.397)	(96, 36.3752)	(97, 36.3648)	(98, 36.3511)	(99, 36.3408)	(100, 36.3321)	(101, 36.3109)	(102, 36.2978)	(103, 36.2954)	(104, 36.3117)	(105, 36.2699)	(106, 36.2787)	(107, 36.2831)	(108, 36.2756)	(109, 36.2808)	(110, 36.2693)	(111, 36.2394)	(112, 36.2507)	(113, 36.2127)	(114, 36.2033)	(115, 36.1774)	(116, 36.1714)	(117, 36.208)	(118, 36.2091)	(119, 36.1806)	(120, 36.1626)	(121, 36.1757)	(122, 36.1733)	(123, 36.1671)	(124, 36.1537)	(125, 36.1641)	(126, 36.1137)	(127, 36.0944)	(128, 36.0705)	(129, 36.0573)	(130, 36.1028)	(131, 36.1225)	(132, 36.094)	(133, 36.0997)	(134, 36.1113)	(135, 36.0887)	(136, 36.0527)	(137, 36.064)	(138, 36.0139)	(139, 35.9749)	(140, 35.9381)	(141, 35.9088)	(142, 35.9928)	(143, 35.989)	(144, 35.9413)	(145, 35.9432)	(146, 35.8883)	(147, 35.878)	(148, 35.8762)	(149, 35.8655)	(150, 35.8135)
RNA-Seq_FZX_Fr_C2	(1, 36.5634)	(2, 36.5118)	(3, 36.6227)	(4, 36.6681)	(5, 36.676)	(6, 36.6761)	(7, 36.6354)	(8, 36.6523)	(9, 36.6663)	(10, 36.6782)	(11, 36.6998)	(12, 36.6988)	(13, 36.6948)	(14, 36.6997)	(15, 36.6987)	(16, 36.6921)	(17, 36.6959)	(18, 36.6941)	(19, 36.6926)	(20, 36.6907)	(21, 36.6949)	(22, 36.6874)	(23, 36.6843)	(24, 36.6719)	(25, 36.6713)	(26, 36.66)	(27, 36.6467)	(28, 36.6488)	(29, 36.6375)	(30, 36.6371)	(31, 36.6329)	(32, 36.6198)	(33, 36.6197)	(34, 36.6212)	(35, 36.6072)	(36, 36.6122)	(37, 36.6069)	(38, 36.6037)	(39, 36.6062)	(40, 36.5942)	(41, 36.5871)	(42, 36.5848)	(43, 36.5379)	(44, 36.5718)	(45, 36.5607)	(46, 36.5759)	(47, 36.5563)	(48, 36.5637)	(49, 36.5598)	(50, 36.5421)	(51, 36.5527)	(52, 36.5374)	(53, 36.5425)	(54, 36.5513)	(55, 36.5411)	(56, 36.5382)	(57, 36.5389)	(58, 36.5301)	(59, 36.5072)	(60, 36.4972)	(61, 36.4945)	(62, 36.4932)	(63, 36.4975)	(64, 36.4951)	(65, 36.4992)	(66, 36.5034)	(67, 36.5008)	(68, 36.4723)	(69, 36.4708)	(70, 36.4718)	(71, 36.4805)	(72, 36.4941)	(73, 36.4903)	(74, 36.4918)	(75, 36.455)	(76, 36.4444)	(77, 36.4396)	(78, 36.4071)	(79, 36.4297)	(80, 36.4063)	(81, 36.4202)	(82, 36.4318)	(83, 36.4017)	(84, 36.4219)	(85, 36.4346)	(86, 36.356)	(87, 36.3656)	(88, 36.3517)	(89, 36.2949)	(90, 36.2776)	(91, 36.3496)	(92, 36.3351)	(93, 36.3382)	(94, 36.3678)	(95, 36.3824)	(96, 36.3609)	(97, 36.3503)	(98, 36.3366)	(99, 36.3287)	(100, 36.318)	(101, 36.2969)	(102, 36.2839)	(103, 36.284)	(104, 36.299)	(105, 36.2598)	(106, 36.2689)	(107, 36.2751)	(108, 36.2682)	(109, 36.2713)	(110, 36.2594)	(111, 36.2315)	(112, 36.2432)	(113, 36.2044)	(114, 36.1908)	(115, 36.166)	(116, 36.1621)	(117, 36.1981)	(118, 36.2013)	(119, 36.1708)	(120, 36.1479)	(121, 36.1608)	(122, 36.1591)	(123, 36.1557)	(124, 36.1348)	(125, 36.1507)	(126, 36.0957)	(127, 36.0843)	(128, 36.058)	(129, 36.0474)	(130, 36.0908)	(131, 36.1064)	(132, 36.0799)	(133, 36.0887)	(134, 36.0973)	(135, 36.0753)	(136, 36.0398)	(137, 36.0479)	(138, 35.9991)	(139, 35.962)	(140, 35.9266)	(141, 35.8992)	(142, 35.9839)	(143, 35.9796)	(144, 35.9281)	(145, 35.9311)	(146, 35.8784)	(147, 35.866)	(148, 35.8644)	(149, 35.8528)	(150, 35.8028)
RNA-Seq_FZX_Fr_C3	(1, 36.5705)	(2, 36.5262)	(3, 36.6358)	(4, 36.6777)	(5, 36.6861)	(6, 36.6861)	(7, 36.6494)	(8, 36.6712)	(9, 36.6826)	(10, 36.6965)	(11, 36.7127)	(12, 36.7108)	(13, 36.7085)	(14, 36.7098)	(15, 36.7094)	(16, 36.7052)	(17, 36.7051)	(18, 36.7021)	(19, 36.703)	(20, 36.7009)	(21, 36.7056)	(22, 36.6993)	(23, 36.694)	(24, 36.6839)	(25, 36.6809)	(26, 36.6716)	(27, 36.6573)	(28, 36.6638)	(29, 36.6533)	(30, 36.6512)	(31, 36.6475)	(32, 36.6336)	(33, 36.6342)	(34, 36.6354)	(35, 36.6227)	(36, 36.6262)	(37, 36.6218)	(38, 36.6162)	(39, 36.6151)	(40, 36.6084)	(41, 36.6056)	(42, 36.5964)	(43, 36.5918)	(44, 36.5887)	(45, 36.5781)	(46, 36.5923)	(47, 36.5737)	(48, 36.5802)	(49, 36.5798)	(50, 36.5649)	(51, 36.5756)	(52, 36.5574)	(53, 36.559)	(54, 36.5692)	(55, 36.5587)	(56, 36.5586)	(57, 36.5569)	(58, 36.5498)	(59, 36.5319)	(60, 36.5215)	(61, 36.5216)	(62, 36.5172)	(63, 36.5189)	(64, 36.5182)	(65, 36.5193)	(66, 36.5248)	(67, 36.5215)	(68, 36.4994)	(69, 36.4945)	(70, 36.4961)	(71, 36.5086)	(72, 36.5194)	(73, 36.5125)	(74, 36.5174)	(75, 36.4838)	(76, 36.4721)	(77, 36.467)	(78, 36.4351)	(79, 36.457)	(80, 36.4359)	(81, 36.4504)	(82, 36.4596)	(83, 36.4291)	(84, 36.4476)	(85, 36.4607)	(86, 36.3815)	(87, 36.3874)	(88, 36.3821)	(89, 36.3344)	(90, 36.3169)	(91, 36.3846)	(92, 36.3755)	(93, 36.3752)	(94, 36.3997)	(95, 36.4164)	(96, 36.3975)	(97, 36.3903)	(98, 36.3783)	(99, 36.3687)	(100, 36.3586)	(101, 36.3408)	(102, 36.3319)	(103, 36.3306)	(104, 36.3442)	(105, 36.2998)	(106, 36.3074)	(107, 36.3139)	(108, 36.3102)	(109, 36.3174)	(110, 36.304)	(111, 36.2796)	(112, 36.2879)	(113, 36.2532)	(114, 36.2451)	(115, 36.2248)	(116, 36.2188)	(117, 36.2473)	(118, 36.2484)	(119, 36.2261)	(120, 36.213)	(121, 36.2261)	(122, 36.2215)	(123, 36.2152)	(124, 36.2018)	(125, 36.2142)	(126, 36.1738)	(127, 36.1588)	(128, 36.1319)	(129, 36.1236)	(130, 36.1585)	(131, 36.1667)	(132, 36.149)	(133, 36.1601)	(134, 36.1698)	(135, 36.1498)	(136, 36.1147)	(137, 36.1204)	(138, 36.0828)	(139, 36.0534)	(140, 36.0105)	(141, 35.9907)	(142, 36.0679)	(143, 36.0686)	(144, 36.0277)	(145, 36.0193)	(146, 35.9791)	(147, 35.9623)	(148, 35.949)	(149, 35.9521)	(150, 35.9128)
RNA-Seq_FZX_Fr_M1	(1, 36.3654)	(2, 36.361)	(3, 36.5035)	(4, 36.567)	(5, 36.5882)	(6, 36.5983)	(7, 36.5529)	(8, 36.5779)	(9, 36.5849)	(10, 36.6112)	(11, 36.6282)	(12, 36.625)	(13, 36.6121)	(14, 36.605)	(15, 36.6199)	(16, 36.6197)	(17, 36.6071)	(18, 36.6129)	(19, 36.6211)	(20, 36.5966)	(21, 36.6271)	(22, 36.6238)	(23, 36.6195)	(24, 36.6146)	(25, 36.6114)	(26, 36.5889)	(27, 36.5709)	(28, 36.5587)	(29, 36.5077)	(30, 36.5005)	(31, 36.5)	(32, 36.5058)	(33, 36.4809)	(34, 36.4948)	(35, 36.5012)	(36, 36.5083)	(37, 36.4879)	(38, 36.4827)	(39, 36.4619)	(40, 36.4632)	(41, 36.4348)	(42, 36.3975)	(43, 36.4176)	(44, 36.4257)	(45, 36.3907)	(46, 36.3993)	(47, 36.4078)	(48, 36.398)	(49, 36.3771)	(50, 36.3799)	(51, 36.3745)	(52, 36.3799)	(53, 36.4045)	(54, 36.3976)	(55, 36.3681)	(56, 36.3238)	(57, 36.2188)	(58, 36.0908)	(59, 36.0098)	(60, 35.9725)	(61, 35.9962)	(62, 35.9889)	(63, 35.9978)	(64, 35.9454)	(65, 35.9453)	(66, 35.9058)	(67, 35.7859)	(68, 35.8538)	(69, 35.8892)	(70, 35.8228)	(71, 35.8092)	(72, 35.8689)	(73, 35.8592)	(74, 35.8711)	(75, 35.8711)	(76, 35.892)	(77, 35.9058)	(78, 35.9002)	(79, 35.8663)	(80, 35.8637)	(81, 35.8219)	(82, 35.7923)	(83, 35.8033)	(84, 35.7657)	(85, 35.7391)	(86, 35.7204)	(87, 35.7609)	(88, 35.7412)	(89, 35.7309)	(90, 35.6634)	(91, 35.6691)	(92, 35.6414)	(93, 35.5817)	(94, 35.5922)	(95, 35.6049)	(96, 35.5356)	(97, 35.5399)	(98, 35.6255)	(99, 35.6354)	(100, 35.5998)	(101, 35.6442)	(102, 35.68)	(103, 35.6397)	(104, 35.6484)	(105, 35.5969)	(106, 35.6064)	(107, 35.6336)	(108, 35.6733)	(109, 35.6266)	(110, 35.6092)	(111, 35.6086)	(112, 35.6163)	(113, 35.5503)	(114, 35.5395)	(115, 35.4951)	(116, 35.5095)	(117, 35.328)	(118, 35.0858)	(119, 35.0275)	(120, 35.17)	(121, 35.2594)	(122, 35.3768)	(123, 35.4714)	(124, 35.4564)	(125, 35.4692)	(126, 35.4069)	(127, 35.3164)	(128, 35.2871)	(129, 35.211)	(130, 35.3295)	(131, 35.2953)	(132, 35.2157)	(133, 35.1528)	(134, 35.1521)	(135, 35.1038)	(136, 35.1073)	(137, 35.1468)	(138, 35.1295)	(139, 35.1421)	(140, 35.111)	(141, 35.1078)	(142, 35.0672)	(143, 34.8392)	(144, 34.9027)	(145, 34.916)	(146, 34.9232)	(147, 34.7743)	(148, 34.7292)	(149, 34.918)	(150, 34.858)
RNA-Seq_FZX_Fr_M2	(1, 36.3539)	(2, 36.3552)	(3, 36.499)	(4, 36.5621)	(5, 36.5829)	(6, 36.5914)	(7, 36.5463)	(8, 36.5751)	(9, 36.5838)	(10, 36.6073)	(11, 36.6233)	(12, 36.6208)	(13, 36.6085)	(14, 36.5982)	(15, 36.6155)	(16, 36.6148)	(17, 36.6027)	(18, 36.6092)	(19, 36.6168)	(20, 36.5914)	(21, 36.6235)	(22, 36.6197)	(23, 36.6157)	(24, 36.6103)	(25, 36.6058)	(26, 36.5831)	(27, 36.5622)	(28, 36.5518)	(29, 36.4979)	(30, 36.4924)	(31, 36.4911)	(32, 36.4968)	(33, 36.4686)	(34, 36.4828)	(35, 36.4895)	(36, 36.496)	(37, 36.4773)	(38, 36.4713)	(39, 36.4486)	(40, 36.4501)	(41, 36.423)	(42, 36.384)	(43, 36.3999)	(44, 36.4093)	(45, 36.3755)	(46, 36.3852)	(47, 36.3922)	(48, 36.3825)	(49, 36.3616)	(50, 36.3662)	(51, 36.3589)	(52, 36.3627)	(53, 36.3869)	(54, 36.3776)	(55, 36.3486)	(56, 36.3011)	(57, 36.1895)	(58, 36.0646)	(59, 35.9838)	(60, 35.9516)	(61, 35.9798)	(62, 35.9694)	(63, 35.976)	(64, 35.924)	(65, 35.9212)	(66, 35.8776)	(67, 35.7599)	(68, 35.8301)	(69, 35.8636)	(70, 35.8032)	(71, 35.782)	(72, 35.8442)	(73, 35.8308)	(74, 35.8422)	(75, 35.8398)	(76, 35.8635)	(77, 35.8732)	(78, 35.8703)	(79, 35.8374)	(80, 35.8385)	(81, 35.8005)	(82, 35.7726)	(83, 35.7811)	(84, 35.7428)	(85, 35.7135)	(86, 35.6897)	(87, 35.725)	(88, 35.7074)	(89, 35.6971)	(90, 35.628)	(91, 35.6297)	(92, 35.608)	(93, 35.547)	(94, 35.5582)	(95, 35.5778)	(96, 35.5071)	(97, 35.5064)	(98, 35.5893)	(99, 35.6001)	(100, 35.5631)	(101, 35.6038)	(102, 35.6417)	(103, 35.5971)	(104, 35.6183)	(105, 35.559)	(106, 35.5725)	(107, 35.5951)	(108, 35.6356)	(109, 35.5814)	(110, 35.5657)	(111, 35.5909)	(112, 35.6016)	(113, 35.5311)	(114, 35.5044)	(115, 35.4569)	(116, 35.4664)	(117, 35.286)	(118, 35.0381)	(119, 34.9816)	(120, 35.1261)	(121, 35.2153)	(122, 35.3282)	(123, 35.4295)	(124, 35.4162)	(125, 35.4221)	(126, 35.3646)	(127, 35.276)	(128, 35.2435)	(129, 35.1741)	(130, 35.2918)	(131, 35.2559)	(132, 35.1721)	(133, 35.105)	(134, 35.107)	(135, 35.0601)	(136, 35.0605)	(137, 35.0966)	(138, 35.0809)	(139, 35.0925)	(140, 35.0609)	(141, 35.0629)	(142, 35.0189)	(143, 34.7969)	(144, 34.8596)	(145, 34.8712)	(146, 34.875)	(147, 34.7334)	(148, 34.6898)	(149, 34.8759)	(150, 34.814)
RNA-Seq_FZX_Fr_M3	(1, 36.3599)	(2, 36.3515)	(3, 36.4973)	(4, 36.5605)	(5, 36.579)	(6, 36.5869)	(7, 36.5408)	(8, 36.5714)	(9, 36.5811)	(10, 36.606)	(11, 36.6196)	(12, 36.6133)	(13, 36.6014)	(14, 36.5914)	(15, 36.6089)	(16, 36.6097)	(17, 36.5965)	(18, 36.6022)	(19, 36.6117)	(20, 36.5848)	(21, 36.618)	(22, 36.6141)	(23, 36.6092)	(24, 36.6044)	(25, 36.6009)	(26, 36.5768)	(27, 36.557)	(28, 36.5452)	(29, 36.4923)	(30, 36.485)	(31, 36.4827)	(32, 36.4893)	(33, 36.463)	(34, 36.4759)	(35, 36.4833)	(36, 36.4902)	(37, 36.4713)	(38, 36.4664)	(39, 36.4427)	(40, 36.4446)	(41, 36.4172)	(42, 36.3792)	(43, 36.3957)	(44, 36.405)	(45, 36.3703)	(46, 36.3787)	(47, 36.3851)	(48, 36.3748)	(49, 36.3558)	(50, 36.3614)	(51, 36.3528)	(52, 36.3585)	(53, 36.3816)	(54, 36.3737)	(55, 36.3449)	(56, 36.2993)	(57, 36.1899)	(58, 36.0606)	(59, 35.9831)	(60, 35.9497)	(61, 35.9787)	(62, 35.9708)	(63, 35.9763)	(64, 35.9232)	(65, 35.9201)	(66, 35.8765)	(67, 35.7579)	(68, 35.8273)	(69, 35.8664)	(70, 35.8032)	(71, 35.7853)	(72, 35.8478)	(73, 35.8351)	(74, 35.8466)	(75, 35.8439)	(76, 35.865)	(77, 35.8771)	(78, 35.8693)	(79, 35.8372)	(80, 35.8386)	(81, 35.799)	(82, 35.773)	(83, 35.7808)	(84, 35.7455)	(85, 35.7166)	(86, 35.6912)	(87, 35.7269)	(88, 35.7078)	(89, 35.6979)	(90, 35.6256)	(91, 35.6354)	(92, 35.6118)	(93, 35.5513)	(94, 35.5615)	(95, 35.579)	(96, 35.5051)	(97, 35.5104)	(98, 35.5972)	(99, 35.6068)	(100, 35.5684)	(101, 35.6115)	(102, 35.6498)	(103, 35.6054)	(104, 35.624)	(105, 35.5679)	(106, 35.576)	(107, 35.6013)	(108, 35.639)	(109, 35.5909)	(110, 35.5774)	(111, 35.5916)	(112, 35.6012)	(113, 35.533)	(114, 35.5121)	(115, 35.467)	(116, 35.4827)	(117, 35.301)	(118, 35.0571)	(119, 34.9969)	(120, 35.1396)	(121, 35.229)	(122, 35.3446)	(123, 35.4427)	(124, 35.4237)	(125, 35.4303)	(126, 35.3727)	(127, 35.2896)	(128, 35.2593)	(129, 35.187)	(130, 35.3065)	(131, 35.2707)	(132, 35.1856)	(133, 35.1241)	(134, 35.1266)	(135, 35.0754)	(136, 35.0742)	(137, 35.1141)	(138, 35.1037)	(139, 35.11)	(140, 35.0775)	(141, 35.0806)	(142, 35.0312)	(143, 34.8062)	(144, 34.8693)	(145, 34.883)	(146, 34.8901)	(147, 34.7479)	(148, 34.7046)	(149, 34.8871)	(150, 34.8193)
RNA-Seq_FZX_Le_C1	(1, 36.5504)	(2, 36.5103)	(3, 36.6262)	(4, 36.6672)	(5, 36.6714)	(6, 36.6718)	(7, 36.6323)	(8, 36.6507)	(9, 36.6702)	(10, 36.6832)	(11, 36.7007)	(12, 36.6953)	(13, 36.6927)	(14, 36.6916)	(15, 36.6903)	(16, 36.6717)	(17, 36.6777)	(18, 36.663)	(19, 36.6733)	(20, 36.6913)	(21, 36.6887)	(22, 36.6837)	(23, 36.6682)	(24, 36.6652)	(25, 36.6688)	(26, 36.6589)	(27, 36.6472)	(28, 36.6509)	(29, 36.6452)	(30, 36.6451)	(31, 36.6438)	(32, 36.625)	(33, 36.6309)	(34, 36.6301)	(35, 36.6025)	(36, 36.6109)	(37, 36.6075)	(38, 36.6069)	(39, 36.6135)	(40, 36.6044)	(41, 36.5985)	(42, 36.5907)	(43, 36.583)	(44, 36.5757)	(45, 36.5636)	(46, 36.5607)	(47, 36.5498)	(48, 36.5442)	(49, 36.5686)	(50, 36.558)	(51, 36.5749)	(52, 36.5569)	(53, 36.5656)	(54, 36.569)	(55, 36.55)	(56, 36.5539)	(57, 36.5508)	(58, 36.5486)	(59, 36.5339)	(60, 36.527)	(61, 36.53)	(62, 36.5264)	(63, 36.5258)	(64, 36.5243)	(65, 36.5294)	(66, 36.5278)	(67, 36.5325)	(68, 36.5202)	(69, 36.4998)	(70, 36.5035)	(71, 36.512)	(72, 36.5195)	(73, 36.5103)	(74, 36.5372)	(75, 36.4911)	(76, 36.4912)	(77, 36.4826)	(78, 36.4528)	(79, 36.4885)	(80, 36.4566)	(81, 36.4773)	(82, 36.4828)	(83, 36.4521)	(84, 36.4714)	(85, 36.4958)	(86, 36.4291)	(87, 36.4316)	(88, 36.4178)	(89, 36.3711)	(90, 36.3651)	(91, 36.4174)	(92, 36.4141)	(93, 36.4166)	(94, 36.4415)	(95, 36.4568)	(96, 36.4371)	(97, 36.4423)	(98, 36.3981)	(99, 36.4035)	(100, 36.3955)	(101, 36.3841)	(102, 36.3815)	(103, 36.3843)	(104, 36.3951)	(105, 36.3338)	(106, 36.348)	(107, 36.333)	(108, 36.3409)	(109, 36.3536)	(110, 36.3501)	(111, 36.3186)	(112, 36.3293)	(113, 36.2984)	(114, 36.3026)	(115, 36.2727)	(116, 36.2775)	(117, 36.2891)	(118, 36.2918)	(119, 36.2853)	(120, 36.2819)	(121, 36.2934)	(122, 36.2834)	(123, 36.2717)	(124, 36.2693)	(125, 36.2846)	(126, 36.2174)	(127, 36.1951)	(128, 36.1663)	(129, 36.156)	(130, 36.1973)	(131, 36.1991)	(132, 36.1951)	(133, 36.2029)	(134, 36.2164)	(135, 36.1828)	(136, 36.1697)	(137, 36.1684)	(138, 36.1304)	(139, 36.1037)	(140, 36.053)	(141, 35.9992)	(142, 36.075)	(143, 36.068)	(144, 36.0607)	(145, 36.0618)	(146, 36.0447)	(147, 36.028)	(148, 36.0061)	(149, 36.0145)	(150, 35.9367)
RNA-Seq_FZX_Le_C2	(1, 36.5662)	(2, 36.5256)	(3, 36.6395)	(4, 36.68)	(5, 36.6804)	(6, 36.6817)	(7, 36.6408)	(8, 36.6684)	(9, 36.6847)	(10, 36.6969)	(11, 36.7133)	(12, 36.7049)	(13, 36.7063)	(14, 36.7065)	(15, 36.7046)	(16, 36.69)	(17, 36.6942)	(18, 36.6814)	(19, 36.6906)	(20, 36.7045)	(21, 36.7007)	(22, 36.6958)	(23, 36.6821)	(24, 36.6777)	(25, 36.6828)	(26, 36.6712)	(27, 36.6611)	(28, 36.6637)	(29, 36.6555)	(30, 36.6553)	(31, 36.6555)	(32, 36.6385)	(33, 36.6456)	(34, 36.6455)	(35, 36.6212)	(36, 36.6292)	(37, 36.6274)	(38, 36.6218)	(39, 36.6289)	(40, 36.6162)	(41, 36.6084)	(42, 36.6083)	(43, 36.5639)	(44, 36.5932)	(45, 36.5808)	(46, 36.5808)	(47, 36.5667)	(48, 36.5628)	(49, 36.5795)	(50, 36.5675)	(51, 36.5853)	(52, 36.5687)	(53, 36.5763)	(54, 36.579)	(55, 36.5641)	(56, 36.5635)	(57, 36.5628)	(58, 36.5605)	(59, 36.5473)	(60, 36.5418)	(61, 36.5425)	(62, 36.5388)	(63, 36.537)	(64, 36.5281)	(65, 36.5407)	(66, 36.5368)	(67, 36.5405)	(68, 36.5256)	(69, 36.5102)	(70, 36.5138)	(71, 36.5188)	(72, 36.5248)	(73, 36.5192)	(74, 36.5464)	(75, 36.4966)	(76, 36.4972)	(77, 36.4883)	(78, 36.4619)	(79, 36.4955)	(80, 36.4658)	(81, 36.4801)	(82, 36.4893)	(83, 36.4584)	(84, 36.4808)	(85, 36.4995)	(86, 36.4335)	(87, 36.4397)	(88, 36.4243)	(89, 36.3785)	(90, 36.3729)	(91, 36.4202)	(92, 36.4122)	(93, 36.4147)	(94, 36.4415)	(95, 36.4575)	(96, 36.4379)	(97, 36.445)	(98, 36.3982)	(99, 36.3985)	(100, 36.3945)	(101, 36.3797)	(102, 36.3733)	(103, 36.3778)	(104, 36.3865)	(105, 36.3288)	(106, 36.3365)	(107, 36.3206)	(108, 36.3222)	(109, 36.3461)	(110, 36.3426)	(111, 36.3101)	(112, 36.3212)	(113, 36.289)	(114, 36.2887)	(115, 36.2497)	(116, 36.2553)	(117, 36.2703)	(118, 36.2787)	(119, 36.2724)	(120, 36.2591)	(121, 36.2708)	(122, 36.255)	(123, 36.2477)	(124, 36.2404)	(125, 36.257)	(126, 36.1804)	(127, 36.1511)	(128, 36.1271)	(129, 36.1066)	(130, 36.1587)	(131, 36.1705)	(132, 36.1541)	(133, 36.169)	(134, 36.1852)	(135, 36.1473)	(136, 36.1371)	(137, 36.1393)	(138, 36.0921)	(139, 36.0484)	(140, 35.9972)	(141, 35.9373)	(142, 36.0229)	(143, 36.0116)	(144, 36.0036)	(145, 36.0151)	(146, 35.9837)	(147, 35.9754)	(148, 35.9587)	(149, 35.9509)	(150, 35.8568)
RNA-Seq_FZX_Le_C3	(1, 36.3874)	(2, 36.3875)	(3, 36.5302)	(4, 36.5852)	(5, 36.5999)	(6, 36.6077)	(7, 36.5631)	(8, 36.6009)	(9, 36.6182)	(10, 36.6377)	(11, 36.6478)	(12, 36.6366)	(13, 36.6255)	(14, 36.6148)	(15, 36.6338)	(16, 36.629)	(17, 36.6136)	(18, 36.6164)	(19, 36.6308)	(20, 36.6141)	(21, 36.6421)	(22, 36.6418)	(23, 36.6316)	(24, 36.6285)	(25, 36.6316)	(26, 36.5995)	(27, 36.5904)	(28, 36.5724)	(29, 36.5236)	(30, 36.5239)	(31, 36.5299)	(32, 36.5239)	(33, 36.5054)	(34, 36.5195)	(35, 36.5079)	(36, 36.5279)	(37, 36.505)	(38, 36.5015)	(39, 36.48)	(40, 36.4886)	(41, 36.4563)	(42, 36.4158)	(43, 36.437)	(44, 36.434)	(45, 36.4072)	(46, 36.4015)	(47, 36.4172)	(48, 36.4087)	(49, 36.3966)	(50, 36.4002)	(51, 36.3868)	(52, 36.3827)	(53, 36.4122)	(54, 36.3901)	(55, 36.3683)	(56, 36.3076)	(57, 36.2267)	(58, 36.0992)	(59, 36.0209)	(60, 35.9803)	(61, 36.0375)	(62, 36.0244)	(63, 36.0137)	(64, 35.9758)	(65, 35.9652)	(66, 35.9319)	(67, 35.7854)	(68, 35.8541)	(69, 35.8935)	(70, 35.8558)	(71, 35.8677)	(72, 35.8466)	(73, 35.8152)	(74, 35.8931)	(75, 35.8433)	(76, 35.9074)	(77, 35.8278)	(78, 35.8952)	(79, 35.8803)	(80, 35.866)	(81, 35.8214)	(82, 35.7584)	(83, 35.7886)	(84, 35.733)	(85, 35.7752)	(86, 35.7139)	(87, 35.7544)	(88, 35.7297)	(89, 35.7522)	(90, 35.7108)	(91, 35.7045)	(92, 35.6863)	(93, 35.601)	(94, 35.5944)	(95, 35.5913)	(96, 35.5208)	(97, 35.5518)	(98, 35.5701)	(99, 35.6277)	(100, 35.6317)	(101, 35.6645)	(102, 35.7347)	(103, 35.6819)	(104, 35.6994)	(105, 35.5942)	(106, 35.6163)	(107, 35.6136)	(108, 35.6514)	(109, 35.663)	(110, 35.6549)	(111, 35.6618)	(112, 35.6846)	(113, 35.6078)	(114, 35.59)	(115, 35.4946)	(116, 35.5267)	(117, 35.2187)	(118, 34.9971)	(119, 35.003)	(120, 35.1599)	(121, 35.2868)	(122, 35.425)	(123, 35.5086)	(124, 35.541)	(125, 35.5766)	(126, 35.4168)	(127, 35.3267)	(128, 35.3074)	(129, 35.2192)	(130, 35.3558)	(131, 35.3044)	(132, 35.2258)	(133, 35.1895)	(134, 35.1937)	(135, 35.1104)	(136, 35.1292)	(137, 35.1953)	(138, 35.1144)	(139, 35.1879)	(140, 35.1041)	(141, 35.1154)	(142, 35.1145)	(143, 34.8813)	(144, 34.9467)	(145, 34.9428)	(146, 34.9699)	(147, 34.8)	(148, 34.7498)	(149, 34.9436)	(150, 34.8746)
RNA-Seq_FZX_Le_M1	(1, 36.5533)	(2, 36.5005)	(3, 36.6285)	(4, 36.6718)	(5, 36.671)	(6, 36.6649)	(7, 36.6294)	(8, 36.6618)	(9, 36.6793)	(10, 36.6868)	(11, 36.7033)	(12, 36.6997)	(13, 36.7011)	(14, 36.7016)	(15, 36.7007)	(16, 36.6863)	(17, 36.6882)	(18, 36.6765)	(19, 36.6848)	(20, 36.6956)	(21, 36.6913)	(22, 36.6864)	(23, 36.6743)	(24, 36.6725)	(25, 36.6759)	(26, 36.666)	(27, 36.6531)	(28, 36.6588)	(29, 36.6482)	(30, 36.6498)	(31, 36.6468)	(32, 36.6306)	(33, 36.6362)	(34, 36.6355)	(35, 36.6129)	(36, 36.6213)	(37, 36.6188)	(38, 36.6153)	(39, 36.6136)	(40, 36.605)	(41, 36.5996)	(42, 36.597)	(43, 36.5543)	(44, 36.5812)	(45, 36.5681)	(46, 36.5701)	(47, 36.5551)	(48, 36.5541)	(49, 36.5712)	(50, 36.5583)	(51, 36.5768)	(52, 36.5633)	(53, 36.5694)	(54, 36.5739)	(55, 36.5579)	(56, 36.5595)	(57, 36.558)	(58, 36.5543)	(59, 36.5425)	(60, 36.536)	(61, 36.536)	(62, 36.5326)	(63, 36.5278)	(64, 36.5214)	(65, 36.5354)	(66, 36.5328)	(67, 36.5366)	(68, 36.5154)	(69, 36.502)	(70, 36.5056)	(71, 36.5124)	(72, 36.519)	(73, 36.512)	(74, 36.5397)	(75, 36.4938)	(76, 36.4918)	(77, 36.486)	(78, 36.4578)	(79, 36.489)	(80, 36.4573)	(81, 36.4703)	(82, 36.4873)	(83, 36.4534)	(84, 36.4768)	(85, 36.4951)	(86, 36.4281)	(87, 36.4281)	(88, 36.4229)	(89, 36.3696)	(90, 36.3646)	(91, 36.4149)	(92, 36.4076)	(93, 36.4103)	(94, 36.434)	(95, 36.4531)	(96, 36.429)	(97, 36.4312)	(98, 36.3896)	(99, 36.3897)	(100, 36.3817)	(101, 36.3671)	(102, 36.3617)	(103, 36.3637)	(104, 36.3762)	(105, 36.3164)	(106, 36.3242)	(107, 36.3149)	(108, 36.3068)	(109, 36.3374)	(110, 36.3327)	(111, 36.2985)	(112, 36.3077)	(113, 36.2767)	(114, 36.2712)	(115, 36.2308)	(116, 36.2354)	(117, 36.2604)	(118, 36.2776)	(119, 36.2605)	(120, 36.2509)	(121, 36.2553)	(122, 36.247)	(123, 36.2355)	(124, 36.2225)	(125, 36.2362)	(126, 36.1563)	(127, 36.1324)	(128, 36.1129)	(129, 36.0952)	(130, 36.1513)	(131, 36.1588)	(132, 36.1384)	(133, 36.1495)	(134, 36.1695)	(135, 36.1328)	(136, 36.1192)	(137, 36.1219)	(138, 36.0777)	(139, 36.0265)	(140, 35.9745)	(141, 35.9286)	(142, 36.0204)	(143, 36.0021)	(144, 35.9903)	(145, 35.9999)	(146, 35.9573)	(147, 35.949)	(148, 35.9357)	(149, 35.9208)	(150, 35.8297)
RNA-Seq_FZX_Le_M2	(1, 36.5574)	(2, 36.5231)	(3, 36.6371)	(4, 36.6755)	(5, 36.6772)	(6, 36.6775)	(7, 36.6441)	(8, 36.6761)	(9, 36.6951)	(10, 36.704)	(11, 36.7166)	(12, 36.7096)	(13, 36.7094)	(14, 36.7084)	(15, 36.7077)	(16, 36.6958)	(17, 36.6976)	(18, 36.6882)	(19, 36.6951)	(20, 36.7069)	(21, 36.7024)	(22, 36.697)	(23, 36.6858)	(24, 36.6824)	(25, 36.6871)	(26, 36.6738)	(27, 36.663)	(28, 36.6671)	(29, 36.6581)	(30, 36.6603)	(31, 36.6583)	(32, 36.642)	(33, 36.6455)	(34, 36.6458)	(35, 36.6256)	(36, 36.632)	(37, 36.6301)	(38, 36.6265)	(39, 36.6277)	(40, 36.6172)	(41, 36.6089)	(42, 36.6081)	(43, 36.5671)	(44, 36.5933)	(45, 36.5817)	(46, 36.5812)	(47, 36.5705)	(48, 36.5698)	(49, 36.585)	(50, 36.5716)	(51, 36.5867)	(52, 36.5724)	(53, 36.5764)	(54, 36.5817)	(55, 36.5656)	(56, 36.5699)	(57, 36.569)	(58, 36.5672)	(59, 36.5546)	(60, 36.5468)	(61, 36.5457)	(62, 36.5407)	(63, 36.5368)	(64, 36.5286)	(65, 36.5419)	(66, 36.5387)	(67, 36.543)	(68, 36.5258)	(69, 36.5138)	(70, 36.5192)	(71, 36.5245)	(72, 36.5281)	(73, 36.5217)	(74, 36.5452)	(75, 36.4977)	(76, 36.4986)	(77, 36.4956)	(78, 36.4671)	(79, 36.4994)	(80, 36.4697)	(81, 36.4827)	(82, 36.4976)	(83, 36.4639)	(84, 36.4834)	(85, 36.4975)	(86, 36.4336)	(87, 36.4405)	(88, 36.435)	(89, 36.3821)	(90, 36.3796)	(91, 36.4278)	(92, 36.4187)	(93, 36.4223)	(94, 36.4455)	(95, 36.4604)	(96, 36.4381)	(97, 36.4413)	(98, 36.3975)	(99, 36.4033)	(100, 36.3971)	(101, 36.384)	(102, 36.3818)	(103, 36.3831)	(104, 36.3915)	(105, 36.3375)	(106, 36.3401)	(107, 36.3243)	(108, 36.3223)	(109, 36.3492)	(110, 36.3471)	(111, 36.3098)	(112, 36.3173)	(113, 36.2901)	(114, 36.2884)	(115, 36.2485)	(116, 36.2529)	(117, 36.2745)	(118, 36.2867)	(119, 36.2716)	(120, 36.2623)	(121, 36.2723)	(122, 36.2588)	(123, 36.2503)	(124, 36.2359)	(125, 36.2509)	(126, 36.1708)	(127, 36.1458)	(128, 36.1256)	(129, 36.1089)	(130, 36.1678)	(131, 36.1716)	(132, 36.1578)	(133, 36.1661)	(134, 36.1873)	(135, 36.1515)	(136, 36.1375)	(137, 36.1362)	(138, 36.0957)	(139, 36.0431)	(140, 35.9935)	(141, 35.9408)	(142, 36.0304)	(143, 36.0091)	(144, 36.0061)	(145, 36.0168)	(146, 35.9761)	(147, 35.9655)	(148, 35.9536)	(149, 35.9368)	(150, 35.8444)
RNA-Seq_FZX_Le_M3	(1, 36.5616)	(2, 36.5212)	(3, 36.6354)	(4, 36.6742)	(5, 36.6776)	(6, 36.6788)	(7, 36.646)	(8, 36.6735)	(9, 36.6924)	(10, 36.7015)	(11, 36.7148)	(12, 36.7076)	(13, 36.7074)	(14, 36.7067)	(15, 36.7051)	(16, 36.6907)	(17, 36.6936)	(18, 36.6829)	(19, 36.6909)	(20, 36.7014)	(21, 36.6989)	(22, 36.6939)	(23, 36.6797)	(24, 36.6776)	(25, 36.6821)	(26, 36.6717)	(27, 36.6597)	(28, 36.6643)	(29, 36.656)	(30, 36.6571)	(31, 36.655)	(32, 36.6388)	(33, 36.6435)	(34, 36.6428)	(35, 36.6205)	(36, 36.6281)	(37, 36.6257)	(38, 36.6222)	(39, 36.6249)	(40, 36.6142)	(41, 36.606)	(42, 36.6039)	(43, 36.56)	(44, 36.587)	(45, 36.5737)	(46, 36.5746)	(47, 36.565)	(48, 36.5632)	(49, 36.5807)	(50, 36.5704)	(51, 36.5856)	(52, 36.5681)	(53, 36.5748)	(54, 36.5781)	(55, 36.5628)	(56, 36.5675)	(57, 36.5656)	(58, 36.5648)	(59, 36.5556)	(60, 36.5472)	(61, 36.5458)	(62, 36.5408)	(63, 36.5352)	(64, 36.5268)	(65, 36.5396)	(66, 36.5371)	(67, 36.5408)	(68, 36.5256)	(69, 36.5107)	(70, 36.5155)	(71, 36.5223)	(72, 36.5279)	(73, 36.5199)	(74, 36.5457)	(75, 36.5)	(76, 36.4988)	(77, 36.4931)	(78, 36.4658)	(79, 36.499)	(80, 36.4687)	(81, 36.4834)	(82, 36.4965)	(83, 36.4627)	(84, 36.4822)	(85, 36.4983)	(86, 36.4326)	(87, 36.4353)	(88, 36.4278)	(89, 36.3786)	(90, 36.3738)	(91, 36.4247)	(92, 36.4175)	(93, 36.4201)	(94, 36.4434)	(95, 36.4583)	(96, 36.4362)	(97, 36.4393)	(98, 36.3986)	(99, 36.4005)	(100, 36.395)	(101, 36.3815)	(102, 36.3772)	(103, 36.3821)	(104, 36.3899)	(105, 36.3348)	(106, 36.3366)	(107, 36.3241)	(108, 36.32)	(109, 36.3471)	(110, 36.3448)	(111, 36.3108)	(112, 36.3227)	(113, 36.292)	(114, 36.2902)	(115, 36.2514)	(116, 36.2582)	(117, 36.2779)	(118, 36.2887)	(119, 36.2697)	(120, 36.2596)	(121, 36.2714)	(122, 36.2617)	(123, 36.2538)	(124, 36.2442)	(125, 36.2582)	(126, 36.1782)	(127, 36.1572)	(128, 36.1288)	(129, 36.1155)	(130, 36.1673)	(131, 36.1761)	(132, 36.16)	(133, 36.169)	(134, 36.1889)	(135, 36.1537)	(136, 36.1386)	(137, 36.1418)	(138, 36.0979)	(139, 36.051)	(140, 36.0001)	(141, 35.9475)	(142, 36.0329)	(143, 36.017)	(144, 36.008)	(145, 36.0176)	(146, 35.9815)	(147, 35.9729)	(148, 35.9622)	(149, 35.9452)	(150, 35.8541)
