Sample	0	1	2	3	4	5	6	7	8	9	10	11	12	13	14	15	16	17	18	19	20	21	22	23	24	25	26	27	28	29	30	31	32	33	34	35	36	37	38	39	40	41	42	43	44	45	46	47	48	49	50	51	52	53	54	55	56	57	58	59	60	61	62	63	64	65	66	67	68	69	70	71	72	73	74	75	76	77	78	79	80	81	82	83	84	85	86	87	88	89	90	91	92	93	94	95	96	97	98	99	100	101	102	103	104	105	106	107	108	109	110	111	112	113	114	115	116	117	118	119	120	121	122	123	124	125	126	127	128	129	130	131	132	133	134	135	136	137	138	139	140	141	142	143	144	145	146	147	148	149
RNA-Seq_FZX_Fr_C1	(1, 65.3332)	(2, 44.3142)	(3, 44.2107)	(4, 49.4797)	(5, 45.4077)	(6, 43.3452)	(7, 42.5894)	(8, 48.5704)	(9, 47.8454)	(10, 43.6392)	(11, 51.21679999999999)	(12, 50.188500000000005)	(13, 46.6339)	(14, 46.597899999999996)	(15, 46.9544)	(16, 47.7235)	(17, 47.7006)	(18, 46.6608)	(19, 47.4466)	(20, 47.403600000000004)	(21, 46.3938)	(22, 47.9153)	(23, 47.5682)	(24, 47.0229)	(25, 47.4328)	(26, 46.8588)	(27, 46.7711)	(28, 47.194)	(29, 46.909099999999995)	(30, 46.5105)	(31, 47.2663)	(32, 46.9861)	(33, 46.7607)	(34, 46.9736)	(35, 47.1543)	(36, 46.7495)	(37, 47.1739)	(38, 47.2171)	(39, 46.5717)	(40, 47.3144)	(41, 46.9196)	(42, 46.305099999999996)	(43, 46.9354)	(44, 46.9996)	(45, 46.4185)	(46, 47.1764)	(47, 46.7385)	(48, 46.3559)	(49, 46.8619)	(50, 46.6277)	(51, 46.8691)	(52, 47.429100000000005)	(53, 46.955999999999996)	(54, 46.5987)	(55, 46.8781)	(56, 46.724)	(57, 46.5803)	(58, 47.3122)	(59, 47.1272)	(60, 46.5916)	(61, 47.409)	(62, 47.2297)	(63, 46.5064)	(64, 46.9557)	(65, 47.1633)	(66, 46.8354)	(67, 47.2617)	(68, 46.8827)	(69, 46.4335)	(70, 46.8671)	(71, 46.731899999999996)	(72, 46.1334)	(73, 47.1283)	(74, 46.9279)	(75, 46.3364)	(76, 46.916799999999995)	(77, 46.963100000000004)	(78, 46.4529)	(79, 47.266799999999996)	(80, 46.7421)	(81, 46.433)	(82, 47.3526)	(83, 46.5439)	(84, 46.276)	(85, 47.071400000000004)	(86, 46.5126)	(87, 46.1715)	(88, 46.8312)	(89, 46.952)	(90, 46.3476)	(91, 46.6896)	(92, 46.5531)	(93, 46.4122)	(94, 47.244)	(95, 46.204699999999995)	(96, 46.1327)	(97, 46.8555)	(98, 46.1823)	(99, 46.2842)	(100, 46.1025)	(101, 46.7384)	(102, 46.5358)	(103, 46.4042)	(104, 46.7139)	(105, 46.3496)	(106, 46.5388)	(107, 46.3787)	(108, 46.334399999999995)	(109, 46.7623)	(110, 46.6381)	(111, 45.9874)	(112, 46.5043)	(113, 46.6441)	(114, 45.8587)	(115, 46.232)	(116, 46.6123)	(117, 46.2916)	(118, 46.296)	(119, 46.6061)	(120, 46.571)	(121, 46.7625)	(122, 46.7234)	(123, 46.1666)	(124, 46.8553)	(125, 46.8242)	(126, 45.883)	(127, 46.753699999999995)	(128, 47.0757)	(129, 46.3264)	(130, 46.5655)	(131, 46.4555)	(132, 46.2571)	(133, 46.8843)	(134, 46.342299999999994)	(135, 46.14)	(136, 46.4621)	(137, 46.592299999999994)	(138, 45.9443)	(139, 46.2904)	(140, 46.3247)	(141, 45.8295)	(142, 46.4501)	(143, 46.2872)	(144, 45.9449)	(145, 46.3916)	(146, 46.348099999999995)	(147, 46.0529)	(148, 46.7603)	(149, 46.3307)	(150, 45.9066)
RNA-Seq_FZX_Fr_C2	(1, 65.3613)	(2, 44.7446)	(3, 44.139)	(4, 49.7074)	(5, 45.4893)	(6, 43.6109)	(7, 42.6313)	(8, 48.4453)	(9, 47.887)	(10, 43.6796)	(11, 51.170700000000004)	(12, 50.2336)	(13, 46.7238)	(14, 46.7123)	(15, 47.0584)	(16, 47.7911)	(17, 47.7155)	(18, 46.7042)	(19, 47.4593)	(20, 47.4146)	(21, 46.5328)	(22, 47.9049)	(23, 47.5542)	(24, 47.106700000000004)	(25, 47.4473)	(26, 46.9438)	(27, 46.799400000000006)	(28, 47.2684)	(29, 47.0126)	(30, 46.512100000000004)	(31, 47.2926)	(32, 46.974700000000006)	(33, 46.7645)	(34, 47.0559)	(35, 47.1158)	(36, 46.746900000000004)	(37, 47.1507)	(38, 47.2008)	(39, 46.6279)	(40, 47.3239)	(41, 46.9577)	(42, 46.366600000000005)	(43, 46.9377)	(44, 46.9568)	(45, 46.461999999999996)	(46, 47.2282)	(47, 46.7817)	(48, 46.3489)	(49, 46.8519)	(50, 46.7018)	(51, 46.846700000000006)	(52, 47.3483)	(53, 46.9463)	(54, 46.6135)	(55, 46.9604)	(56, 46.7354)	(57, 46.563700000000004)	(58, 47.2861)	(59, 47.0562)	(60, 46.5785)	(61, 47.3917)	(62, 47.210800000000006)	(63, 46.5434)	(64, 47.0061)	(65, 47.1767)	(66, 46.8258)	(67, 47.2035)	(68, 46.8719)	(69, 46.4872)	(70, 46.878)	(71, 46.7352)	(72, 46.1692)	(73, 47.086)	(74, 46.9391)	(75, 46.3777)	(76, 46.9166)	(77, 46.9103)	(78, 46.4798)	(79, 47.2635)	(80, 46.7562)	(81, 46.4664)	(82, 47.369499999999995)	(83, 46.5671)	(84, 46.3211)	(85, 47.0648)	(86, 46.555)	(87, 46.2266)	(88, 46.8991)	(89, 46.9162)	(90, 46.386300000000006)	(91, 46.697100000000006)	(92, 46.6244)	(93, 46.4325)	(94, 47.267199999999995)	(95, 46.2855)	(96, 46.1702)	(97, 46.8559)	(98, 46.2599)	(99, 46.3113)	(100, 46.1997)	(101, 46.6765)	(102, 46.5293)	(103, 46.5048)	(104, 46.6949)	(105, 46.373599999999996)	(106, 46.5948)	(107, 46.4439)	(108, 46.300200000000004)	(109, 46.7974)	(110, 46.6653)	(111, 46.0108)	(112, 46.5283)	(113, 46.6752)	(114, 45.8834)	(115, 46.3502)	(116, 46.579100000000004)	(117, 46.2619)	(118, 46.3649)	(119, 46.5668)	(120, 46.5439)	(121, 46.7481)	(122, 46.672000000000004)	(123, 46.2476)	(124, 46.8106)	(125, 46.826499999999996)	(126, 45.9078)	(127, 46.7375)	(128, 47.010999999999996)	(129, 46.36)	(130, 46.592299999999994)	(131, 46.5306)	(132, 46.327400000000004)	(133, 46.9054)	(134, 46.4144)	(135, 46.1489)	(136, 46.506)	(137, 46.679700000000004)	(138, 45.9901)	(139, 46.367399999999996)	(140, 46.3489)	(141, 45.902300000000004)	(142, 46.4846)	(143, 46.2909)	(144, 46.0199)	(145, 46.4377)	(146, 46.3804)	(147, 46.0333)	(148, 46.7985)	(149, 46.3795)	(150, 45.9127)
RNA-Seq_FZX_Fr_C3	(1, 65.2729)	(2, 44.2009)	(3, 44.0851)	(4, 49.3212)	(5, 45.379999999999995)	(6, 43.1338)	(7, 42.3946)	(8, 48.4803)	(9, 47.7589)	(10, 43.4523)	(11, 51.1235)	(12, 49.9925)	(13, 46.4563)	(14, 46.400000000000006)	(15, 46.7573)	(16, 47.5023)	(17, 47.4359)	(18, 46.4037)	(19, 47.164899999999996)	(20, 47.205799999999996)	(21, 46.2473)	(22, 47.6817)	(23, 47.333999999999996)	(24, 46.8178)	(25, 47.2003)	(26, 46.6206)	(27, 46.5602)	(28, 46.9799)	(29, 46.691300000000005)	(30, 46.2675)	(31, 47.0924)	(32, 46.7624)	(33, 46.5017)	(34, 46.754200000000004)	(35, 46.8592)	(36, 46.4593)	(37, 46.8858)	(38, 46.9369)	(39, 46.3339)	(40, 47.025299999999994)	(41, 46.616)	(42, 46.0782)	(43, 46.681)	(44, 46.740300000000005)	(45, 46.2234)	(46, 46.928599999999996)	(47, 46.4591)	(48, 46.0873)	(49, 46.6045)	(50, 46.371)	(51, 46.573100000000004)	(52, 47.077999999999996)	(53, 46.6967)	(54, 46.3575)	(55, 46.6241)	(56, 46.4424)	(57, 46.2879)	(58, 47.0372)	(59, 46.7737)	(60, 46.3122)	(61, 47.0561)	(62, 46.8999)	(63, 46.2256)	(64, 46.699400000000004)	(65, 46.859899999999996)	(66, 46.5441)	(67, 46.939)	(68, 46.6012)	(69, 46.147)	(70, 46.6186)	(71, 46.408300000000004)	(72, 45.8929)	(73, 46.818799999999996)	(74, 46.6673)	(75, 46.0921)	(76, 46.6073)	(77, 46.6613)	(78, 46.1479)	(79, 46.9099)	(80, 46.4198)	(81, 46.1883)	(82, 47.0274)	(83, 46.2333)	(84, 45.9915)	(85, 46.7752)	(86, 46.2063)	(87, 45.8323)	(88, 46.5107)	(89, 46.6121)	(90, 46.056799999999996)	(91, 46.3486)	(92, 46.2408)	(93, 46.1217)	(94, 46.887699999999995)	(95, 45.9431)	(96, 45.838699999999996)	(97, 46.5403)	(98, 45.9161)	(99, 46.007999999999996)	(100, 45.8626)	(101, 46.403)	(102, 46.202)	(103, 46.1063)	(104, 46.3649)	(105, 46.0483)	(106, 46.2231)	(107, 46.082)	(108, 46.0148)	(109, 46.441900000000004)	(110, 46.3573)	(111, 45.691199999999995)	(112, 46.2001)	(113, 46.3525)	(114, 45.597100000000005)	(115, 45.961400000000005)	(116, 46.3172)	(117, 45.981300000000005)	(118, 46.0569)	(119, 46.320699999999995)	(120, 46.2932)	(121, 46.4525)	(122, 46.4725)	(123, 45.8595)	(124, 46.5483)	(125, 46.483200000000004)	(126, 45.6524)	(127, 46.4338)	(128, 46.6998)	(129, 46.0196)	(130, 46.281299999999995)	(131, 46.1794)	(132, 45.9471)	(133, 46.606500000000004)	(134, 46.1102)	(135, 45.8262)	(136, 46.2428)	(137, 46.334599999999995)	(138, 45.6803)	(139, 46.0482)	(140, 46.054899999999996)	(141, 45.604099999999995)	(142, 46.1477)	(143, 46.059)	(144, 45.6932)	(145, 46.1959)	(146, 46.1059)	(147, 45.8144)	(148, 46.4685)	(149, 46.022800000000004)	(150, 45.6721)
RNA-Seq_FZX_Fr_M1	(1, 65.1458)	(2, 43.8822)	(3, 43.8551)	(4, 49.2907)	(5, 45.183499999999995)	(6, 43.2438)	(7, 42.1048)	(8, 48.4867)	(9, 48.0421)	(10, 43.32)	(11, 51.2432)	(12, 50.185)	(13, 46.603899999999996)	(14, 46.5344)	(15, 46.9123)	(16, 47.7189)	(17, 47.7219)	(18, 46.6286)	(19, 47.464099999999995)	(20, 47.3911)	(21, 46.4519)	(22, 47.7872)	(23, 47.6445)	(24, 47.122)	(25, 47.3198)	(26, 46.7264)	(27, 46.8708)	(28, 47.144200000000005)	(29, 46.8675)	(30, 46.554899999999996)	(31, 47.2783)	(32, 46.937)	(33, 46.8047)	(34, 46.9738)	(35, 47.161500000000004)	(36, 46.7642)	(37, 47.174)	(38, 47.2365)	(39, 46.714)	(40, 47.3686)	(41, 46.8693)	(42, 46.3387)	(43, 46.936299999999996)	(44, 47.0687)	(45, 46.3844)	(46, 47.211)	(47, 46.672999999999995)	(48, 46.2841)	(49, 46.8313)	(50, 46.6146)	(51, 47.0209)	(52, 47.414)	(53, 46.994)	(54, 46.800599999999996)	(55, 46.9097)	(56, 46.631699999999995)	(57, 46.6126)	(58, 47.297200000000004)	(59, 47.2241)	(60, 46.7462)	(61, 47.3864)	(62, 47.32)	(63, 46.5421)	(64, 46.942699999999995)	(65, 47.1819)	(66, 46.8364)	(67, 47.322900000000004)	(68, 46.7916)	(69, 46.4816)	(70, 46.9906)	(71, 46.6775)	(72, 46.0877)	(73, 47.1482)	(74, 47.0531)	(75, 46.4192)	(76, 46.8694)	(77, 46.951)	(78, 46.419)	(79, 47.1839)	(80, 46.5812)	(81, 46.3793)	(82, 47.1681)	(83, 46.2822)	(84, 46.0683)	(85, 46.872)	(86, 46.286699999999996)	(87, 46.0272)	(88, 46.574)	(89, 46.812799999999996)	(90, 46.274100000000004)	(91, 46.5465)	(92, 46.289)	(93, 46.3773)	(94, 47.1566)	(95, 45.9236)	(96, 45.982)	(97, 46.714299999999994)	(98, 45.999)	(99, 46.172200000000004)	(100, 45.8196)	(101, 46.5936)	(102, 46.483999999999995)	(103, 46.1136)	(104, 46.5584)	(105, 46.3446)	(106, 46.3292)	(107, 46.1993)	(108, 46.268100000000004)	(109, 46.6244)	(110, 46.546)	(111, 45.7884)	(112, 46.2339)	(113, 46.565200000000004)	(114, 45.8059)	(115, 46.007)	(116, 46.4741)	(117, 46.1739)	(118, 46.093)	(119, 46.4219)	(120, 46.536)	(121, 46.716)	(122, 46.661)	(123, 46.1097)	(124, 46.663399999999996)	(125, 46.8559)	(126, 45.8261)	(127, 46.706599999999995)	(128, 47.0404)	(129, 46.2826)	(130, 46.361599999999996)	(131, 46.237)	(132, 46.0279)	(133, 46.4964)	(134, 45.8422)	(135, 45.8121)	(136, 46.0741)	(137, 46.3302)	(138, 45.778999999999996)	(139, 46.055800000000005)	(140, 46.138200000000005)	(141, 45.567099999999996)	(142, 46.2091)	(143, 45.986900000000006)	(144, 45.706599999999995)	(145, 46.0208)	(146, 45.9825)	(147, 45.6256)	(148, 46.2417)	(149, 45.8939)	(150, 45.4414)
RNA-Seq_FZX_Fr_M2	(1, 64.7409)	(2, 43.4703)	(3, 43.4091)	(4, 48.8212)	(5, 44.9623)	(6, 42.883700000000005)	(7, 41.9525)	(8, 48.1914)	(9, 47.4542)	(10, 43.0888)	(11, 50.901300000000006)	(12, 49.607600000000005)	(13, 46.1368)	(14, 46.0728)	(15, 46.3908)	(16, 47.1244)	(17, 47.1059)	(18, 46.121)	(19, 46.8657)	(20, 46.779700000000005)	(21, 45.913399999999996)	(22, 47.312799999999996)	(23, 46.9661)	(24, 46.4675)	(25, 46.7789)	(26, 46.263799999999996)	(27, 46.2417)	(28, 46.6362)	(29, 46.475300000000004)	(30, 45.9585)	(31, 46.686)	(32, 46.5253)	(33, 46.2477)	(34, 46.4711)	(35, 46.586)	(36, 46.1528)	(37, 46.6081)	(38, 46.5623)	(39, 45.9855)	(40, 46.774100000000004)	(41, 46.3035)	(42, 45.7368)	(43, 46.3389)	(44, 46.4041)	(45, 45.8825)	(46, 46.7087)	(47, 46.155)	(48, 45.738)	(49, 46.353100000000005)	(50, 46.1558)	(51, 46.4179)	(52, 46.9166)	(53, 46.6026)	(54, 46.1982)	(55, 46.369899999999994)	(56, 46.211200000000005)	(57, 46.1467)	(58, 46.7746)	(59, 46.6487)	(60, 46.1664)	(61, 46.8801)	(62, 46.7654)	(63, 45.9511)	(64, 46.4544)	(65, 46.6356)	(66, 46.2046)	(67, 46.7377)	(68, 46.3493)	(69, 46.0124)	(70, 46.3994)	(71, 46.2168)	(72, 45.628800000000005)	(73, 46.631299999999996)	(74, 46.4834)	(75, 45.8609)	(76, 46.377)	(77, 46.4281)	(78, 45.825500000000005)	(79, 46.649)	(80, 46.1369)	(81, 45.866600000000005)	(82, 46.6875)	(83, 45.9598)	(84, 45.7317)	(85, 46.4524)	(86, 45.9661)	(87, 45.652300000000004)	(88, 46.2842)	(89, 46.399)	(90, 45.8246)	(91, 46.1802)	(92, 46.0004)	(93, 45.9609)	(94, 46.6969)	(95, 45.6619)	(96, 45.5524)	(97, 46.2959)	(98, 45.6781)	(99, 45.7899)	(100, 45.567099999999996)	(101, 46.216)	(102, 45.9748)	(103, 45.883)	(104, 46.245799999999996)	(105, 45.8349)	(106, 46.0122)	(107, 45.8439)	(108, 45.8184)	(109, 46.1526)	(110, 46.1011)	(111, 45.4506)	(112, 45.8343)	(113, 46.1526)	(114, 45.427099999999996)	(115, 45.794000000000004)	(116, 46.067)	(117, 45.6387)	(118, 45.7755)	(119, 46.0208)	(120, 46.0449)	(121, 46.2152)	(122, 46.2001)	(123, 45.6923)	(124, 46.1943)	(125, 46.3419)	(126, 45.4363)	(127, 46.2965)	(128, 46.535900000000005)	(129, 45.7963)	(130, 45.9315)	(131, 45.824799999999996)	(132, 45.4289)	(133, 45.9422)	(134, 45.3116)	(135, 45.3437)	(136, 45.6248)	(137, 45.9176)	(138, 45.3914)	(139, 45.663599999999995)	(140, 45.6984)	(141, 45.1111)	(142, 45.7398)	(143, 45.4921)	(144, 45.191199999999995)	(145, 45.5014)	(146, 45.4767)	(147, 45.0837)	(148, 45.698499999999996)	(149, 45.5395)	(150, 44.9961)
RNA-Seq_FZX_Fr_M3	(1, 65.19709999999999)	(2, 43.8445)	(3, 43.7996)	(4, 49.1272)	(5, 45.339600000000004)	(6, 43.198)	(7, 42.1773)	(8, 48.6218)	(9, 47.9398)	(10, 43.388799999999996)	(11, 51.349900000000005)	(12, 50.1587)	(13, 46.4831)	(14, 46.3972)	(15, 46.7471)	(16, 47.4906)	(17, 47.4656)	(18, 46.4657)	(19, 47.2087)	(20, 47.1328)	(21, 46.2995)	(22, 47.627399999999994)	(23, 47.3155)	(24, 46.808699999999995)	(25, 47.0984)	(26, 46.5316)	(27, 46.5291)	(28, 46.9316)	(29, 46.8103)	(30, 46.2362)	(31, 47.0201)	(32, 46.827200000000005)	(33, 46.5047)	(34, 46.7236)	(35, 46.8647)	(36, 46.4233)	(37, 46.861000000000004)	(38, 46.8729)	(39, 46.3414)	(40, 47.035900000000005)	(41, 46.5875)	(42, 46.0495)	(43, 46.6021)	(44, 46.6892)	(45, 46.161)	(46, 46.97)	(47, 46.4163)	(48, 46.0424)	(49, 46.568599999999996)	(50, 46.3851)	(51, 46.6963)	(52, 47.192499999999995)	(53, 46.8424)	(54, 46.461400000000005)	(55, 46.6004)	(56, 46.482600000000005)	(57, 46.4219)	(58, 47.0107)	(59, 46.927400000000006)	(60, 46.433600000000006)	(61, 47.0826)	(62, 47.0116)	(63, 46.1959)	(64, 46.6692)	(65, 46.8584)	(66, 46.4664)	(67, 46.972)	(68, 46.568599999999996)	(69, 46.2374)	(70, 46.6344)	(71, 46.4533)	(72, 45.8917)	(73, 46.8885)	(74, 46.7311)	(75, 46.124500000000005)	(76, 46.56)	(77, 46.6404)	(78, 46.0965)	(79, 46.8297)	(80, 46.2984)	(81, 46.0967)	(82, 46.887499999999996)	(83, 46.1466)	(84, 45.9241)	(85, 46.64)	(86, 46.1195)	(87, 45.7907)	(88, 46.393499999999996)	(89, 46.5819)	(90, 45.9935)	(91, 46.3071)	(92, 46.2037)	(93, 46.1904)	(94, 46.8848)	(95, 45.817099999999996)	(96, 45.759100000000004)	(97, 46.5077)	(98, 45.8688)	(99, 45.9515)	(100, 45.7096)	(101, 46.3909)	(102, 46.143299999999996)	(103, 45.9854)	(104, 46.388400000000004)	(105, 46.0505)	(106, 46.152300000000004)	(107, 45.9927)	(108, 45.9908)	(109, 46.3605)	(110, 46.2579)	(111, 45.6075)	(112, 45.9887)	(113, 46.3654)	(114, 45.6115)	(115, 45.885999999999996)	(116, 46.2313)	(117, 45.8335)	(118, 45.925399999999996)	(119, 46.2359)	(120, 46.2511)	(121, 46.428000000000004)	(122, 46.372600000000006)	(123, 45.830799999999996)	(124, 46.4159)	(125, 46.5537)	(126, 45.6372)	(127, 46.4595)	(128, 46.7667)	(129, 46.0081)	(130, 46.101)	(131, 45.9853)	(132, 45.6152)	(133, 46.1471)	(134, 45.5559)	(135, 45.5737)	(136, 45.8023)	(137, 46.0661)	(138, 45.6138)	(139, 45.8895)	(140, 45.9091)	(141, 45.3615)	(142, 45.9661)	(143, 45.7472)	(144, 45.4321)	(145, 45.7661)	(146, 45.7336)	(147, 45.3679)	(148, 45.9498)	(149, 45.6744)	(150, 45.2434)
RNA-Seq_FZX_Le_C1	(1, 65.90390000000001)	(2, 44.9281)	(3, 44.3282)	(4, 49.248999999999995)	(5, 46.0332)	(6, 42.9973)	(7, 41.883900000000004)	(8, 48.1839)	(9, 47.2196)	(10, 43.5112)	(11, 50.8448)	(12, 49.5354)	(13, 46.586800000000004)	(14, 46.123)	(15, 46.368500000000004)	(16, 46.5108)	(17, 46.8777)	(18, 45.981300000000005)	(19, 46.758)	(20, 46.82)	(21, 46.155)	(22, 46.7155)	(23, 46.884100000000004)	(24, 46.1459)	(25, 46.6507)	(26, 46.3637)	(27, 45.7062)	(28, 46.122800000000005)	(29, 46.2678)	(30, 45.3817)	(31, 46.5512)	(32, 46.441500000000005)	(33, 45.7389)	(34, 45.5436)	(35, 45.7077)	(36, 45.2696)	(37, 46.2431)	(38, 45.2435)	(39, 45.0577)	(40, 45.9164)	(41, 45.512)	(42, 45.0992)	(43, 45.4277)	(44, 45.2607)	(45, 44.352000000000004)	(46, 46.1045)	(47, 45.1946)	(48, 45.449)	(49, 46.121)	(50, 45.670100000000005)	(51, 45.2831)	(52, 46.2318)	(53, 45.756)	(54, 45.2758)	(55, 45.2922)	(56, 45.1942)	(57, 45.2814)	(58, 45.271499999999996)	(59, 45.5555)	(60, 45.199)	(61, 45.4596)	(62, 45.437)	(63, 44.8674)	(64, 45.1651)	(65, 45.469)	(66, 44.650600000000004)	(67, 45.2753)	(68, 45.1438)	(69, 45.143299999999996)	(70, 45.3264)	(71, 45.3503)	(72, 44.3486)	(73, 45.7673)	(74, 45.2979)	(75, 44.6255)	(76, 44.9231)	(77, 44.994499999999995)	(78, 44.431599999999996)	(79, 45.3608)	(80, 44.796)	(81, 44.1667)	(82, 44.664300000000004)	(83, 44.4907)	(84, 44.853300000000004)	(85, 44.9963)	(86, 44.0924)	(87, 44.0433)	(88, 44.593199999999996)	(89, 44.879999999999995)	(90, 43.5784)	(91, 44.0672)	(92, 44.106899999999996)	(93, 43.9761)	(94, 44.359300000000005)	(95, 43.9836)	(96, 43.2708)	(97, 44.3876)	(98, 43.6396)	(99, 43.3598)	(100, 43.2422)	(101, 44.2283)	(102, 43.7421)	(103, 43.6635)	(104, 43.9782)	(105, 43.627700000000004)	(106, 44.338)	(107, 44.0693)	(108, 43.8023)	(109, 44.0751)	(110, 44.6988)	(111, 43.5441)	(112, 44.2421)	(113, 43.8998)	(114, 43.5066)	(115, 44.1451)	(116, 44.797799999999995)	(117, 43.641400000000004)	(118, 44.0363)	(119, 44.6059)	(120, 43.8904)	(121, 44.123000000000005)	(122, 44.2845)	(123, 43.5496)	(124, 44.1137)	(125, 44.1119)	(126, 43.2743)	(127, 44.1973)	(128, 44.4867)	(129, 43.5013)	(130, 43.872499999999995)	(131, 43.6443)	(132, 43.4717)	(133, 43.9134)	(134, 43.1458)	(135, 43.3906)	(136, 43.2776)	(137, 44.0602)	(138, 43.5243)	(139, 43.830799999999996)	(140, 43.528)	(141, 43.1241)	(142, 44.157000000000004)	(143, 43.723)	(144, 43.1507)	(145, 44.089299999999994)	(146, 43.9226)	(147, 43.6673)	(148, 43.783100000000005)	(149, 43.565599999999996)	(150, 43.0789)
RNA-Seq_FZX_Le_C2	(1, 64.5537)	(2, 42.878)	(3, 42.8204)	(4, 47.9456)	(5, 44.832300000000004)	(6, 41.8756)	(7, 40.6509)	(8, 47.2551)	(9, 46.5077)	(10, 42.3536)	(11, 50.1499)	(12, 48.8075)	(13, 45.589800000000004)	(14, 45.195299999999996)	(15, 45.5528)	(16, 45.5273)	(17, 46.0501)	(18, 45.1825)	(19, 45.8316)	(20, 46.0465)	(21, 45.4812)	(22, 45.9499)	(23, 46.1394)	(24, 45.5276)	(25, 45.9663)	(26, 45.7026)	(27, 45.158100000000005)	(28, 45.5821)	(29, 45.730599999999995)	(30, 44.920100000000005)	(31, 45.9649)	(32, 45.9983)	(33, 45.3393)	(34, 45.0118)	(35, 45.233200000000004)	(36, 44.6239)	(37, 45.6219)	(38, 44.7136)	(39, 44.6255)	(40, 45.467999999999996)	(41, 45.1008)	(42, 44.7076)	(43, 44.9911)	(44, 44.8363)	(45, 44.0385)	(46, 45.7374)	(47, 44.8557)	(48, 44.983000000000004)	(49, 45.7517)	(50, 45.3164)	(51, 44.7879)	(52, 45.8366)	(53, 45.3934)	(54, 44.8193)	(55, 44.873400000000004)	(56, 44.8207)	(57, 44.9175)	(58, 44.880399999999995)	(59, 45.1154)	(60, 44.7749)	(61, 44.9367)	(62, 45.0445)	(63, 44.417)	(64, 44.7343)	(65, 44.880199999999995)	(66, 44.1633)	(67, 44.7862)	(68, 44.6148)	(69, 44.7601)	(70, 44.895)	(71, 44.776500000000006)	(72, 43.8838)	(73, 45.3899)	(74, 44.8217)	(75, 44.1667)	(76, 44.5016)	(77, 44.5135)	(78, 43.8921)	(79, 44.819199999999995)	(80, 44.4658)	(81, 43.7062)	(82, 44.1789)	(83, 44.128699999999995)	(84, 44.513799999999996)	(85, 44.6514)	(86, 43.7558)	(87, 43.8419)	(88, 44.1843)	(89, 44.493100000000005)	(90, 43.290299999999995)	(91, 43.717800000000004)	(92, 43.7699)	(93, 43.809)	(94, 44.0334)	(95, 43.6921)	(96, 42.9752)	(97, 44.1945)	(98, 43.2875)	(99, 43.0548)	(100, 43.0071)	(101, 43.928200000000004)	(102, 43.4624)	(103, 43.5062)	(104, 43.814)	(105, 43.5503)	(106, 44.0034)	(107, 43.9206)	(108, 43.6579)	(109, 43.7956)	(110, 44.513000000000005)	(111, 43.4288)	(112, 43.9807)	(113, 43.7249)	(114, 43.2726)	(115, 43.965700000000005)	(116, 44.503)	(117, 43.375)	(118, 43.7735)	(119, 44.1396)	(120, 43.615700000000004)	(121, 43.756)	(122, 43.9343)	(123, 43.3227)	(124, 43.756099999999996)	(125, 43.801899999999996)	(126, 42.9983)	(127, 43.8341)	(128, 44.1965)	(129, 43.1994)	(130, 43.4272)	(131, 43.3292)	(132, 43.1961)	(133, 43.5036)	(134, 42.8195)	(135, 43.086999999999996)	(136, 42.9763)	(137, 43.671)	(138, 43.2136)	(139, 43.453199999999995)	(140, 43.2023)	(141, 42.6537)	(142, 43.6417)	(143, 43.358799999999995)	(144, 42.6773)	(145, 43.5045)	(146, 43.5124)	(147, 43.1395)	(148, 43.121900000000004)	(149, 43.1503)	(150, 42.6943)
RNA-Seq_FZX_Le_C3	(1, 64.2256)	(2, 42.4467)	(3, 42.3941)	(4, 47.7541)	(5, 44.596599999999995)	(6, 41.449000000000005)	(7, 40.575)	(8, 47.4691)	(9, 46.484500000000004)	(10, 42.092600000000004)	(11, 49.9836)	(12, 48.479299999999995)	(13, 45.143699999999995)	(14, 44.7732)	(15, 45.2065)	(16, 45.3631)	(17, 45.8436)	(18, 44.8805)	(19, 45.6402)	(20, 45.8299)	(21, 45.134800000000006)	(22, 45.784000000000006)	(23, 45.892300000000006)	(24, 45.1801)	(25, 45.8266)	(26, 45.459500000000006)	(27, 44.9426)	(28, 45.3508)	(29, 45.5092)	(30, 44.6475)	(31, 45.8001)	(32, 45.8872)	(33, 45.0616)	(34, 44.7951)	(35, 45.1068)	(36, 44.5049)	(37, 45.515499999999996)	(38, 44.670700000000004)	(39, 44.4759)	(40, 45.3955)	(41, 44.948100000000004)	(42, 44.4562)	(43, 44.9326)	(44, 44.738699999999994)	(45, 43.9644)	(46, 45.595200000000006)	(47, 44.5858)	(48, 44.773)	(49, 45.5634)	(50, 45.096399999999996)	(51, 44.6612)	(52, 45.7299)	(53, 45.2693)	(54, 44.6203)	(55, 44.8492)	(56, 44.7672)	(57, 44.8314)	(58, 44.866299999999995)	(59, 45.036300000000004)	(60, 44.6834)	(61, 44.913799999999995)	(62, 44.9546)	(63, 44.276700000000005)	(64, 44.6601)	(65, 44.7946)	(66, 44.0977)	(67, 44.8608)	(68, 44.6411)	(69, 44.6073)	(70, 44.8189)	(71, 44.6529)	(72, 43.7585)	(73, 45.3427)	(74, 44.804899999999996)	(75, 43.9751)	(76, 44.428)	(77, 44.3812)	(78, 43.8317)	(79, 44.697199999999995)	(80, 44.3346)	(81, 43.6262)	(82, 44.2531)	(83, 44.0176)	(84, 44.309599999999996)	(85, 44.5227)	(86, 43.532)	(87, 43.6186)	(88, 44.0116)	(89, 44.3405)	(90, 43.2761)	(91, 43.6868)	(92, 43.581599999999995)	(93, 43.7468)	(94, 44.0999)	(95, 43.4958)	(96, 42.9581)	(97, 44.0915)	(98, 43.1749)	(99, 42.9973)	(100, 42.960300000000004)	(101, 43.873)	(102, 43.4347)	(103, 43.5477)	(104, 43.7515)	(105, 43.4816)	(106, 43.966300000000004)	(107, 43.741600000000005)	(108, 43.5774)	(109, 43.817099999999996)	(110, 44.3579)	(111, 43.311699999999995)	(112, 43.8376)	(113, 43.7613)	(114, 43.1743)	(115, 43.8504)	(116, 44.3812)	(117, 43.321799999999996)	(118, 43.7054)	(119, 44.0672)	(120, 43.6004)	(121, 43.7131)	(122, 44.0106)	(123, 43.3195)	(124, 43.7739)	(125, 43.8883)	(126, 43.1645)	(127, 43.896499999999996)	(128, 44.271100000000004)	(129, 43.2181)	(130, 43.3497)	(131, 43.2597)	(132, 43.0751)	(133, 43.2649)	(134, 42.6456)	(135, 42.8474)	(136, 42.8879)	(137, 43.504799999999996)	(138, 43.1455)	(139, 43.425999999999995)	(140, 43.0238)	(141, 42.5075)	(142, 43.574400000000004)	(143, 43.3332)	(144, 42.6255)	(145, 43.3284)	(146, 43.3063)	(147, 42.8226)	(148, 42.8901)	(149, 42.9511)	(150, 42.4951)
RNA-Seq_FZX_Le_M1	(1, 63.4305)	(2, 40.8484)	(3, 41.4952)	(4, 46.9053)	(5, 43.9406)	(6, 40.6032)	(7, 39.9321)	(8, 47.2689)	(9, 46.584900000000005)	(10, 41.5021)	(11, 49.9002)	(12, 48.1309)	(13, 44.5507)	(14, 44.524)	(15, 44.968)	(16, 44.9357)	(17, 45.5392)	(18, 44.6738)	(19, 45.28)	(20, 45.4971)	(21, 45.0158)	(22, 45.5176)	(23, 45.7959)	(24, 45.0392)	(25, 45.6284)	(26, 45.2457)	(27, 44.9859)	(28, 45.4093)	(29, 45.5387)	(30, 44.748900000000006)	(31, 45.776)	(32, 45.9324)	(33, 45.12)	(34, 44.8621)	(35, 45.1607)	(36, 44.501400000000004)	(37, 45.513)	(38, 44.917)	(39, 44.7083)	(40, 45.580999999999996)	(41, 44.975)	(42, 44.7506)	(43, 45.0983)	(44, 45.0075)	(45, 44.3496)	(46, 46.033699999999996)	(47, 44.8566)	(48, 45.0842)	(49, 45.8318)	(50, 45.457)	(51, 44.9439)	(52, 46.1558)	(53, 45.6794)	(54, 44.8615)	(55, 45.0801)	(56, 45.0165)	(57, 45.179)	(58, 45.0593)	(59, 45.3792)	(60, 44.8722)	(61, 45.1482)	(62, 45.1873)	(63, 44.6867)	(64, 44.8065)	(65, 44.8339)	(66, 44.2961)	(67, 45.2602)	(68, 44.772400000000005)	(69, 44.8892)	(70, 45.0317)	(71, 44.685900000000004)	(72, 43.8544)	(73, 45.656)	(74, 44.9483)	(75, 44.2494)	(76, 44.713300000000004)	(77, 44.683299999999996)	(78, 43.9752)	(79, 44.9762)	(80, 44.4417)	(81, 43.882)	(82, 44.4821)	(83, 44.3174)	(84, 44.693)	(85, 44.9172)	(86, 43.8702)	(87, 43.8996)	(88, 44.2139)	(89, 44.5109)	(90, 43.6985)	(91, 44.106899999999996)	(92, 43.7532)	(93, 44.257400000000004)	(94, 44.4365)	(95, 43.7467)	(96, 43.344100000000005)	(97, 44.5302)	(98, 43.4019)	(99, 43.423)	(100, 43.277)	(101, 44.350899999999996)	(102, 44.1023)	(103, 43.7487)	(104, 44.2029)	(105, 44.1938)	(106, 44.2608)	(107, 44.1971)	(108, 44.162800000000004)	(109, 44.3425)	(110, 44.958)	(111, 43.692)	(112, 44.2138)	(113, 44.332300000000004)	(114, 43.755500000000005)	(115, 44.2637)	(116, 45.001799999999996)	(117, 43.8139)	(118, 43.937599999999996)	(119, 44.368)	(120, 43.972699999999996)	(121, 44.1444)	(122, 44.37)	(123, 43.578)	(124, 43.9147)	(125, 44.3819)	(126, 43.5081)	(127, 44.067299999999996)	(128, 44.7103)	(129, 43.566500000000005)	(130, 43.673899999999996)	(131, 43.8031)	(132, 43.6552)	(133, 43.9803)	(134, 43.2742)	(135, 43.4945)	(136, 43.4415)	(137, 43.8744)	(138, 43.5747)	(139, 43.685)	(140, 43.453900000000004)	(141, 42.810500000000005)	(142, 43.883100000000006)	(143, 43.7905)	(144, 42.939699999999995)	(145, 43.5635)	(146, 43.8274)	(147, 43.2456)	(148, 43.2516)	(149, 43.2381)	(150, 42.7781)
RNA-Seq_FZX_Le_M2	(1, 62.889700000000005)	(2, 40.7893)	(3, 41.132200000000005)	(4, 46.6261)	(5, 43.4166)	(6, 40.218900000000005)	(7, 39.745799999999996)	(8, 46.8485)	(9, 45.9431)	(10, 41.4064)	(11, 49.325)	(12, 47.5648)	(13, 44.1421)	(14, 44.087900000000005)	(15, 44.549299999999995)	(16, 44.6492)	(17, 45.1135)	(18, 44.2919)	(19, 44.9887)	(20, 45.1896)	(21, 44.6385)	(22, 45.1758)	(23, 45.475100000000005)	(24, 44.7036)	(25, 45.4503)	(26, 44.8828)	(27, 44.5962)	(28, 45.157399999999996)	(29, 45.179399999999994)	(30, 44.4934)	(31, 45.5862)	(32, 45.649699999999996)	(33, 44.851400000000005)	(34, 44.6055)	(35, 44.9387)	(36, 44.3083)	(37, 45.3032)	(38, 44.7158)	(39, 44.5103)	(40, 45.3862)	(41, 44.8212)	(42, 44.4661)	(43, 44.9406)	(44, 44.7752)	(45, 44.0184)	(46, 45.7754)	(47, 44.602399999999996)	(48, 44.8144)	(49, 45.618900000000004)	(50, 45.227000000000004)	(51, 44.750499999999995)	(52, 45.9207)	(53, 45.4853)	(54, 44.731500000000004)	(55, 44.948)	(56, 44.795)	(57, 44.9133)	(58, 44.8368)	(59, 45.1669)	(60, 44.7007)	(61, 44.974799999999995)	(62, 44.967800000000004)	(63, 44.4584)	(64, 44.6272)	(65, 44.6728)	(66, 44.074200000000005)	(67, 44.9421)	(68, 44.4903)	(69, 44.567800000000005)	(70, 44.8301)	(71, 44.466899999999995)	(72, 43.6201)	(73, 45.2975)	(74, 44.7047)	(75, 43.9556)	(76, 44.5094)	(77, 44.5291)	(78, 43.7191)	(79, 44.8028)	(80, 44.3128)	(81, 43.6265)	(82, 44.3887)	(83, 44.0143)	(84, 44.3825)	(85, 44.6524)	(86, 43.607)	(87, 43.583)	(88, 43.951)	(89, 44.304700000000004)	(90, 43.3889)	(91, 43.8737)	(92, 43.533)	(93, 43.9586)	(94, 44.262499999999996)	(95, 43.5386)	(96, 43.038900000000005)	(97, 44.3647)	(98, 43.1915)	(99, 43.1714)	(100, 43.075599999999994)	(101, 44.0727)	(102, 43.857800000000005)	(103, 43.5439)	(104, 43.9777)	(105, 43.873)	(106, 44.051)	(107, 43.9338)	(108, 43.8959)	(109, 44.219500000000004)	(110, 44.6484)	(111, 43.479099999999995)	(112, 44.0796)	(113, 44.091)	(114, 43.4944)	(115, 44.0292)	(116, 44.7458)	(117, 43.4946)	(118, 43.7035)	(119, 44.1856)	(120, 43.7017)	(121, 43.9509)	(122, 44.1877)	(123, 43.319)	(124, 43.8187)	(125, 44.1643)	(126, 43.2629)	(127, 43.890299999999996)	(128, 44.5595)	(129, 43.389)	(130, 43.525000000000006)	(131, 43.580600000000004)	(132, 43.536500000000004)	(133, 43.782700000000006)	(134, 43.065599999999996)	(135, 43.248799999999996)	(136, 43.282)	(137, 43.6464)	(138, 43.2792)	(139, 43.5282)	(140, 43.2772)	(141, 42.626599999999996)	(142, 43.7333)	(143, 43.5741)	(144, 42.7677)	(145, 43.425200000000004)	(146, 43.6114)	(147, 43.0411)	(148, 43.1384)	(149, 43.0034)	(150, 42.5677)
RNA-Seq_FZX_Le_M3	(1, 63.1474)	(2, 41.272)	(3, 41.3082)	(4, 46.8219)	(5, 43.5705)	(6, 40.5206)	(7, 39.768100000000004)	(8, 46.6655)	(9, 45.833600000000004)	(10, 41.4791)	(11, 49.2772)	(12, 47.557700000000004)	(13, 44.275999999999996)	(14, 44.1779)	(15, 44.6258)	(16, 44.6406)	(17, 45.1393)	(18, 44.3149)	(19, 44.929)	(20, 45.1107)	(21, 44.6995)	(22, 45.1135)	(23, 45.4384)	(24, 44.6749)	(25, 45.3203)	(26, 44.898500000000006)	(27, 44.5119)	(28, 45.129799999999996)	(29, 45.1134)	(30, 44.385799999999996)	(31, 45.4714)	(32, 45.4374)	(33, 44.7494)	(34, 44.614399999999996)	(35, 44.8649)	(36, 44.1745)	(37, 45.081900000000005)	(38, 44.4493)	(39, 44.3048)	(40, 45.138600000000004)	(41, 44.6732)	(42, 44.2758)	(43, 44.739200000000004)	(44, 44.558)	(45, 43.8205)	(46, 45.56)	(47, 44.5034)	(48, 44.6393)	(49, 45.4808)	(50, 45.0236)	(51, 44.573499999999996)	(52, 45.6978)	(53, 45.3306)	(54, 44.5372)	(55, 44.7783)	(56, 44.6434)	(57, 44.7125)	(58, 44.641)	(59, 44.920300000000005)	(60, 44.5158)	(61, 44.6546)	(62, 44.6931)	(63, 44.2496)	(64, 44.4439)	(65, 44.386199999999995)	(66, 43.8123)	(67, 44.7128)	(68, 44.2824)	(69, 44.3798)	(70, 44.651)	(71, 44.4013)	(72, 43.4004)	(73, 45.1355)	(74, 44.5403)	(75, 43.796099999999996)	(76, 44.2911)	(77, 44.3092)	(78, 43.5084)	(79, 44.5251)	(80, 44.1132)	(81, 43.3807)	(82, 44.1651)	(83, 43.7971)	(84, 44.1737)	(85, 44.4131)	(86, 43.3817)	(87, 43.43)	(88, 43.756)	(89, 44.065)	(90, 43.1719)	(91, 43.623)	(92, 43.3436)	(93, 43.6658)	(94, 43.9421)	(95, 43.3125)	(96, 42.789300000000004)	(97, 44.0384)	(98, 42.9814)	(99, 42.9063)	(100, 42.8389)	(101, 43.750499999999995)	(102, 43.4768)	(103, 43.331900000000005)	(104, 43.657000000000004)	(105, 43.5578)	(106, 43.8551)	(107, 43.7186)	(108, 43.6)	(109, 43.8861)	(110, 44.371)	(111, 43.2954)	(112, 43.8908)	(113, 43.8609)	(114, 43.2658)	(115, 43.7811)	(116, 44.453199999999995)	(117, 43.2851)	(118, 43.553599999999996)	(119, 43.9339)	(120, 43.3849)	(121, 43.6793)	(122, 43.8983)	(123, 43.0299)	(124, 43.581199999999995)	(125, 43.811)	(126, 43.0079)	(127, 43.6971)	(128, 44.3018)	(129, 43.1473)	(130, 43.3136)	(131, 43.331599999999995)	(132, 43.2631)	(133, 43.5227)	(134, 42.8352)	(135, 43.0502)	(136, 42.9905)	(137, 43.3928)	(138, 43.0749)	(139, 43.235099999999996)	(140, 43.0207)	(141, 42.4108)	(142, 43.4669)	(143, 43.2823)	(144, 42.5304)	(145, 43.2104)	(146, 43.306400000000004)	(147, 42.7775)	(148, 42.9729)	(149, 42.751099999999994)	(150, 42.376200000000004)
