Sample	0	1	2	3	4	5	6	7	8	9	10	11	12	13	14	15	16	17	18	19	20	21	22	23	24	25	26	27	28	29	30	31	32	33	34	35	36	37	38	39	40	41	42	43	44	45	46	47	48	49	50	51	52	53	54	55	56	57	58	59	60	61	62	63	64	65	66	67	68	69	70	71	72	73	74	75	76	77	78	79	80	81	82	83	84	85	86	87	88	89	90	91	92	93	94	95	96	97	98	99	100	101	102	103	104	105	106	107	108	109	110	111	112	113	114	115	116	117	118	119	120	121	122	123	124	125	126	127	128	129	130	131	132	133	134	135	136	137	138	139	140	141	142	143	144	145	146	147	148	149
RNA-Seq_FZX_Fr_C1	(1, 81.6538)	(2, 68.5749)	(3, 71.5624)	(4, 70.8758)	(5, 63.0009)	(6, 52.4852)	(7, 38.9803)	(8, 40.740300000000005)	(9, 40.9008)	(10, 38.385999999999996)	(11, 44.1985)	(12, 44.151)	(13, 42.7241)	(14, 44.0685)	(15, 45.2177)	(16, 44.7495)	(17, 45.1154)	(18, 44.641)	(19, 44.6592)	(20, 44.238499999999995)	(21, 45.7038)	(22, 46.5031)	(23, 45.7078)	(24, 45.747)	(25, 46.4738)	(26, 46.1225)	(27, 46.044200000000004)	(28, 46.8391)	(29, 45.9253)	(30, 45.1577)	(31, 45.9642)	(32, 45.999)	(33, 45.6191)	(34, 45.2486)	(35, 45.7601)	(36, 46.4582)	(37, 46.907399999999996)	(38, 46.7111)	(39, 46.292)	(40, 45.5096)	(41, 46.0724)	(42, 46.2559)	(43, 45.8182)	(44, 44.8521)	(45, 45.0547)	(46, 45.383)	(47, 45.4126)	(48, 45.6615)	(49, 45.8158)	(50, 45.6522)	(51, 45.797900000000006)	(52, 46.1734)	(53, 45.7779)	(54, 45.8748)	(55, 46.956399999999995)	(56, 46.934599999999996)	(57, 47.1232)	(58, 47.2348)	(59, 46.4818)	(60, 46.1388)	(61, 45.7807)	(62, 46.0251)	(63, 45.9172)	(64, 45.875899999999994)	(65, 45.7807)	(66, 45.7197)	(67, 46.2524)	(68, 46.1607)	(69, 46.6805)	(70, 47.0391)	(71, 46.4722)	(72, 46.8427)	(73, 46.187400000000004)	(74, 46.1139)	(75, 46.3255)	(76, 46.4366)	(77, 45.87)	(78, 45.8621)	(79, 46.2685)	(80, 46.4366)	(81, 46.244600000000005)	(82, 46.3314)	(83, 45.3114)	(84, 45.642500000000005)	(85, 45.9937)	(86, 45.554)	(87, 46.4108)	(88, 46.0621)	(89, 45.7258)	(90, 46.0313)	(91, 47.0202)	(92, 46.7269)	(93, 47.2618)	(94, 47.1151)	(95, 47.104600000000005)	(96, 46.7641)	(97, 45.4383)	(98, 45.49)	(99, 45.0928)	(100, 45.9583)	(101, 46.488099999999996)	(102, 45.656)	(103, 45.9449)	(104, 45.5488)	(105, 44.948100000000004)	(106, 46.146100000000004)	(107, 45.6787)	(108, 46.01)	(109, 46.2524)	(110, 45.7046)	(111, 46.150400000000005)	(112, 45.5752)	(113, 45.854800000000004)	(114, 45.654)	(115, 46.5873)	(116, 46.5126)	(117, 46.1839)	(118, 46.098299999999995)	(119, 45.2412)	(120, 45.671)	(121, 45.081199999999995)	(122, 46.248)	(123, 45.7841)	(124, 45.6533)	(125, 45.705200000000005)	(126, 45.5746)	(127, 46.1752)	(128, 45.4326)	(129, 44.747)	(130, 44.6822)	(131, 44.8898)	(132, 45.0664)	(133, 45.9402)	(134, 45.5262)	(135, 45.1671)	(136, 45.7754)	(137, 45.9234)	(138, 45.5364)	(139, 46.1969)	(140, 45.9652)	(141, 46.1088)	(142, 45.4925)	(143, 45.1157)	(144, 45.0569)	(145, 45.8217)	(146, 46.0862)	(147, 45.962199999999996)	(148, 45.3917)	(149, 45.29)	(150, 45.428200000000004)
RNA-Seq_FZX_Fr_C2	(1, 81.521)	(2, 69.0788)	(3, 71.81729999999999)	(4, 71.46289999999999)	(5, 63.706799999999994)	(6, 53.3856)	(7, 39.3841)	(8, 40.5481)	(9, 40.665800000000004)	(10, 38.3536)	(11, 43.839299999999994)	(12, 43.9417)	(13, 42.6402)	(14, 44.0632)	(15, 45.2051)	(16, 44.7205)	(17, 45.1691)	(18, 44.7163)	(19, 44.6335)	(20, 44.1537)	(21, 45.6048)	(22, 46.5896)	(23, 45.6735)	(24, 45.554)	(25, 46.4721)	(26, 45.9272)	(27, 45.9525)	(28, 46.7837)	(29, 45.7733)	(30, 45.0606)	(31, 45.9433)	(32, 45.862199999999994)	(33, 45.6875)	(34, 45.232)	(35, 45.610099999999996)	(36, 46.4698)	(37, 46.8896)	(38, 46.6741)	(39, 46.2823)	(40, 45.399699999999996)	(41, 46.0685)	(42, 46.3048)	(43, 45.8773)	(44, 44.729600000000005)	(45, 45.0385)	(46, 45.4095)	(47, 45.3984)	(48, 45.6768)	(49, 45.8803)	(50, 45.6454)	(51, 45.684599999999996)	(52, 46.0343)	(53, 45.7178)	(54, 45.6362)	(55, 46.8763)	(56, 46.838800000000006)	(57, 47.045500000000004)	(58, 47.2671)	(59, 46.5437)	(60, 46.1895)	(61, 45.8657)	(62, 46.018)	(63, 45.912)	(64, 45.8178)	(65, 45.7519)	(66, 45.5943)	(67, 46.0518)	(68, 45.9855)	(69, 46.5803)	(70, 46.9644)	(71, 46.447500000000005)	(72, 46.8914)	(73, 46.232)	(74, 46.0828)	(75, 46.3063)	(76, 46.4013)	(77, 45.9243)	(78, 45.8378)	(79, 46.2214)	(80, 46.433600000000006)	(81, 46.1818)	(82, 46.3378)	(83, 45.3655)	(84, 45.659)	(85, 45.934999999999995)	(86, 45.453900000000004)	(87, 46.333999999999996)	(88, 46.0645)	(89, 45.6536)	(90, 45.9047)	(91, 47.0187)	(92, 46.6473)	(93, 47.2226)	(94, 47.0538)	(95, 47.031800000000004)	(96, 46.79)	(97, 45.3621)	(98, 45.4548)	(99, 45.1322)	(100, 46.065)	(101, 46.5648)	(102, 45.6171)	(103, 46.0341)	(104, 45.573)	(105, 44.955)	(106, 46.1962)	(107, 45.6733)	(108, 46.0279)	(109, 46.1613)	(110, 45.689)	(111, 46.1123)	(112, 45.618700000000004)	(113, 45.8212)	(114, 45.6013)	(115, 46.5503)	(116, 46.516400000000004)	(117, 46.112700000000004)	(118, 46.1006)	(119, 45.2625)	(120, 45.5839)	(121, 45.0222)	(122, 46.2134)	(123, 45.8226)	(124, 45.6341)	(125, 45.6417)	(126, 45.5745)	(127, 46.2096)	(128, 45.454499999999996)	(129, 44.707)	(130, 44.6663)	(131, 44.911)	(132, 45.0434)	(133, 46.0208)	(134, 45.5725)	(135, 45.1657)	(136, 45.7966)	(137, 45.807700000000004)	(138, 45.4997)	(139, 46.184799999999996)	(140, 46.0721)	(141, 46.2344)	(142, 45.6586)	(143, 45.0974)	(144, 45.041)	(145, 45.915)	(146, 46.1053)	(147, 45.9785)	(148, 45.406600000000005)	(149, 45.4463)	(150, 45.5393)
RNA-Seq_FZX_Fr_C3	(1, 81.49929999999999)	(2, 68.15339999999999)	(3, 71.0985)	(4, 70.2245)	(5, 62.2803)	(6, 51.8065)	(7, 38.431599999999996)	(8, 40.6603)	(9, 40.7687)	(10, 38.0443)	(11, 43.964)	(12, 43.8003)	(13, 42.4049)	(14, 43.654700000000005)	(15, 44.8623)	(16, 44.4776)	(17, 44.6591)	(18, 44.2646)	(19, 44.416)	(20, 44.0224)	(21, 45.2943)	(22, 46.0811)	(23, 45.345800000000004)	(24, 45.459500000000006)	(25, 46.0398)	(26, 45.8341)	(27, 45.6997)	(28, 46.3783)	(29, 45.6061)	(30, 44.8904)	(31, 45.5876)	(32, 45.6421)	(33, 45.305800000000005)	(34, 45.0129)	(35, 45.5674)	(36, 46.106)	(37, 46.5316)	(38, 46.3907)	(39, 45.8908)	(40, 45.24)	(41, 45.6736)	(42, 45.827400000000004)	(43, 45.508500000000005)	(44, 44.6502)	(45, 44.859100000000005)	(46, 45.1623)	(47, 45.242)	(48, 45.352)	(49, 45.3801)	(50, 45.3598)	(51, 45.5533)	(52, 45.9089)	(53, 45.4561)	(54, 45.630500000000005)	(55, 46.634)	(56, 46.5108)	(57, 46.759699999999995)	(58, 46.7125)	(59, 46.036300000000004)	(60, 45.751599999999996)	(61, 45.3827)	(62, 45.631899999999995)	(63, 45.5216)	(64, 45.5308)	(65, 45.434400000000004)	(66, 45.4483)	(67, 45.9058)	(68, 45.887299999999996)	(69, 46.3655)	(70, 46.6141)	(71, 46.1473)	(72, 46.4461)	(73, 45.7132)	(74, 45.7372)	(75, 46.0146)	(76, 46.0601)	(77, 45.474399999999996)	(78, 45.5804)	(79, 45.9312)	(80, 46.022400000000005)	(81, 45.919900000000005)	(82, 45.8754)	(83, 44.9768)	(84, 45.3239)	(85, 45.6519)	(86, 45.291399999999996)	(87, 46.0582)	(88, 45.742399999999996)	(89, 45.5125)	(90, 45.8045)	(91, 46.574799999999996)	(92, 46.399499999999996)	(93, 46.7838)	(94, 46.7)	(95, 46.6628)	(96, 46.3633)	(97, 45.2521)	(98, 45.291199999999996)	(99, 44.9374)	(100, 45.6166)	(101, 46.0993)	(102, 45.4034)	(103, 45.6145)	(104, 45.3135)	(105, 44.7957)	(106, 45.827400000000004)	(107, 45.4077)	(108, 45.6532)	(109, 45.841)	(110, 45.385)	(111, 45.7771)	(112, 45.2357)	(113, 45.5645)	(114, 45.3674)	(115, 46.2238)	(116, 46.158300000000004)	(117, 45.7635)	(118, 45.772200000000005)	(119, 45.0662)	(120, 45.4916)	(121, 44.8752)	(122, 45.9513)	(123, 45.5151)	(124, 45.447500000000005)	(125, 45.467600000000004)	(126, 45.4299)	(127, 45.8768)	(128, 45.141799999999996)	(129, 44.5835)	(130, 44.4782)	(131, 44.757200000000005)	(132, 44.8669)	(133, 45.644400000000005)	(134, 45.2787)	(135, 45.048700000000004)	(136, 45.513)	(137, 45.7021)	(138, 45.3587)	(139, 45.8868)	(140, 45.6627)	(141, 45.8182)	(142, 45.2399)	(143, 44.9249)	(144, 44.919799999999995)	(145, 45.5772)	(146, 45.8168)	(147, 45.7907)	(148, 45.2086)	(149, 45.0846)	(150, 45.169)
RNA-Seq_FZX_Fr_M1	(1, 81.5886)	(2, 68.7089)	(3, 71.6596)	(4, 70.9342)	(5, 62.864799999999995)	(6, 52.40089999999999)	(7, 39.277)	(8, 41.0045)	(9, 41.182)	(10, 38.6164)	(11, 44.2601)	(12, 44.2518)	(13, 42.9256)	(14, 44.1366)	(15, 45.2235)	(16, 44.5928)	(17, 44.858599999999996)	(18, 44.3775)	(19, 44.583600000000004)	(20, 44.2754)	(21, 45.5689)	(22, 46.2534)	(23, 45.5252)	(24, 45.9033)	(25, 46.163900000000005)	(26, 46.3977)	(27, 46.067)	(28, 46.7213)	(29, 45.8771)	(30, 45.1553)	(31, 45.7637)	(32, 46.034000000000006)	(33, 45.5119)	(34, 45.0722)	(35, 45.8876)	(36, 46.1601)	(37, 46.9585)	(38, 46.6734)	(39, 46.1746)	(40, 45.381899999999995)	(41, 45.9899)	(42, 45.9229)	(43, 45.7859)	(44, 44.770900000000005)	(45, 44.8993)	(46, 45.2687)	(47, 45.2233)	(48, 45.1414)	(49, 45.4274)	(50, 45.5197)	(51, 45.869)	(52, 46.238299999999995)	(53, 45.6826)	(54, 46.003899999999994)	(55, 46.8132)	(56, 46.7128)	(57, 46.944900000000004)	(58, 46.9613)	(59, 46.2647)	(60, 45.7934)	(61, 45.6094)	(62, 46.0081)	(63, 45.7975)	(64, 46.0225)	(65, 45.6211)	(66, 45.8043)	(67, 46.2954)	(68, 46.2173)	(69, 46.665800000000004)	(70, 47.0601)	(71, 46.3665)	(72, 46.5847)	(73, 45.8573)	(74, 45.7526)	(75, 46.0984)	(76, 46.0537)	(77, 45.3784)	(78, 45.6176)	(79, 45.9576)	(80, 46.2889)	(81, 46.017599999999995)	(82, 45.8924)	(83, 44.994499999999995)	(84, 45.1743)	(85, 45.751799999999996)	(86, 45.254)	(87, 46.1032)	(88, 45.6357)	(89, 45.5059)	(90, 45.874900000000004)	(91, 46.7327)	(92, 46.7324)	(93, 46.9455)	(94, 46.9925)	(95, 46.946799999999996)	(96, 46.5152)	(97, 45.2704)	(98, 45.3467)	(99, 44.6826)	(100, 45.2887)	(101, 46.2031)	(102, 45.226)	(103, 45.4322)	(104, 45.081199999999995)	(105, 44.513200000000005)	(106, 45.655499999999996)	(107, 45.291199999999996)	(108, 45.4703)	(109, 45.590599999999995)	(110, 44.954699999999995)	(111, 45.6113)	(112, 44.972699999999996)	(113, 45.4437)	(114, 45.1938)	(115, 46.2286)	(116, 45.9111)	(117, 45.4925)	(118, 45.4696)	(119, 44.6814)	(120, 45.2961)	(121, 44.6667)	(122, 45.6827)	(123, 44.8992)	(124, 45.0438)	(125, 45.0782)	(126, 44.7566)	(127, 45.37)	(128, 44.6251)	(129, 43.9328)	(130, 43.95)	(131, 44.2185)	(132, 44.3138)	(133, 45.1586)	(134, 44.7357)	(135, 44.5647)	(136, 44.959700000000005)	(137, 45.408500000000004)	(138, 44.85)	(139, 45.2742)	(140, 45.1252)	(141, 45.4221)	(142, 44.7967)	(143, 44.5895)	(144, 44.5861)	(145, 45.217)	(146, 45.4011)	(147, 45.2394)	(148, 44.830999999999996)	(149, 44.5021)	(150, 44.796200000000006)
RNA-Seq_FZX_Fr_M2	(1, 81.3186)	(2, 67.9404)	(3, 70.9418)	(4, 69.76780000000001)	(5, 61.7688)	(6, 51.2912)	(7, 38.4097)	(8, 40.9028)	(9, 40.9654)	(10, 37.917699999999996)	(11, 44.1742)	(12, 44.1337)	(13, 42.5192)	(14, 43.7664)	(15, 44.9255)	(16, 44.2104)	(17, 44.437)	(18, 43.958000000000006)	(19, 43.9857)	(20, 43.823499999999996)	(21, 45.0737)	(22, 45.7817)	(23, 45.1111)	(24, 45.2579)	(25, 45.769999999999996)	(26, 46.0345)	(27, 45.6962)	(28, 46.1637)	(29, 45.4187)	(30, 44.5677)	(31, 45.2179)	(32, 45.494800000000005)	(33, 45.007799999999996)	(34, 44.676100000000005)	(35, 45.3697)	(36, 45.6047)	(37, 46.2709)	(38, 46.1038)	(39, 45.7293)	(40, 44.974)	(41, 45.4308)	(42, 45.5191)	(43, 45.339200000000005)	(44, 44.4563)	(45, 44.5686)	(46, 44.7515)	(47, 44.860499999999995)	(48, 44.8541)	(49, 45.074799999999996)	(50, 45.1484)	(51, 45.4227)	(52, 45.6102)	(53, 45.286500000000004)	(54, 45.5691)	(55, 46.352399999999996)	(56, 46.301700000000004)	(57, 46.441500000000005)	(58, 46.448)	(59, 45.8776)	(60, 45.6501)	(61, 45.4337)	(62, 45.7352)	(63, 45.406400000000005)	(64, 45.45)	(65, 45.2354)	(66, 45.285599999999995)	(67, 45.7445)	(68, 45.684599999999996)	(69, 46.131299999999996)	(70, 46.4477)	(71, 45.8042)	(72, 46.2812)	(73, 45.488299999999995)	(74, 45.4355)	(75, 45.6038)	(76, 45.520300000000006)	(77, 44.9443)	(78, 45.134299999999996)	(79, 45.5026)	(80, 45.9086)	(81, 45.7)	(82, 45.5278)	(83, 44.616499999999995)	(84, 45.0191)	(85, 45.6537)	(86, 44.9062)	(87, 45.6216)	(88, 45.124700000000004)	(89, 44.9613)	(90, 45.345200000000006)	(91, 46.2816)	(92, 46.3181)	(93, 46.629799999999996)	(94, 46.5542)	(95, 46.517599999999995)	(96, 46.136700000000005)	(97, 44.777899999999995)	(98, 44.9291)	(99, 44.294200000000004)	(100, 45.1571)	(101, 45.813199999999995)	(102, 44.8253)	(103, 45.1127)	(104, 44.738499999999995)	(105, 44.1738)	(106, 45.233200000000004)	(107, 44.7566)	(108, 45.0301)	(109, 45.1502)	(110, 44.6618)	(111, 45.4119)	(112, 44.9219)	(113, 45.2973)	(114, 44.8106)	(115, 45.7148)	(116, 45.529399999999995)	(117, 45.081900000000005)	(118, 44.7772)	(119, 44.1376)	(120, 44.716499999999996)	(121, 44.089)	(122, 44.9996)	(123, 44.2094)	(124, 44.275999999999996)	(125, 44.3326)	(126, 44.3522)	(127, 45.0452)	(128, 44.2147)	(129, 43.478899999999996)	(130, 43.1901)	(131, 43.5839)	(132, 43.5871)	(133, 44.386900000000004)	(134, 44.0882)	(135, 43.944100000000006)	(136, 44.3979)	(137, 44.718799999999995)	(138, 44.227199999999996)	(139, 44.6695)	(140, 44.534800000000004)	(141, 44.878099999999996)	(142, 44.4238)	(143, 44.3279)	(144, 44.1861)	(145, 44.5849)	(146, 44.7819)	(147, 44.7168)	(148, 44.3501)	(149, 44.2069)	(150, 44.3938)
RNA-Seq_FZX_Fr_M3	(1, 81.187)	(2, 67.6312)	(3, 70.58720000000001)	(4, 69.32430000000001)	(5, 61.246900000000004)	(6, 50.7311)	(7, 38.1689)	(8, 40.983399999999996)	(9, 41.1739)	(10, 38.1205)	(11, 44.5044)	(12, 44.392900000000004)	(13, 42.742999999999995)	(14, 43.9452)	(15, 45.1054)	(16, 44.3625)	(17, 44.5992)	(18, 44.182100000000005)	(19, 44.307)	(20, 44.1107)	(21, 45.3074)	(22, 45.9574)	(23, 45.303900000000006)	(24, 45.4429)	(25, 45.906400000000005)	(26, 46.2451)	(27, 45.8555)	(28, 46.445100000000004)	(29, 45.6053)	(30, 44.8363)	(31, 45.467600000000004)	(32, 45.7187)	(33, 45.2689)	(34, 44.873400000000004)	(35, 45.6331)	(36, 45.8729)	(37, 46.514)	(38, 46.318)	(39, 45.975100000000005)	(40, 45.136700000000005)	(41, 45.6136)	(42, 45.663199999999996)	(43, 45.4515)	(44, 44.6087)	(45, 44.777699999999996)	(46, 44.949099999999994)	(47, 44.9905)	(48, 45.0051)	(49, 45.2013)	(50, 45.2612)	(51, 45.5514)	(52, 45.795)	(53, 45.4622)	(54, 45.6755)	(55, 46.585300000000004)	(56, 46.4741)	(57, 46.6365)	(58, 46.6135)	(59, 46.029599999999995)	(60, 45.7687)	(61, 45.543099999999995)	(62, 45.941900000000004)	(63, 45.6416)	(64, 45.6799)	(65, 45.4047)	(66, 45.471000000000004)	(67, 45.9658)	(68, 45.9162)	(69, 46.3845)	(70, 46.6191)	(71, 46.0115)	(72, 46.3854)	(73, 45.5821)	(74, 45.606700000000004)	(75, 45.8382)	(76, 45.7569)	(77, 45.2347)	(78, 45.421499999999995)	(79, 45.7213)	(80, 46.0307)	(81, 45.7961)	(82, 45.6649)	(83, 44.7881)	(84, 45.1465)	(85, 45.7222)	(86, 44.995000000000005)	(87, 45.7948)	(88, 45.2922)	(89, 45.2284)	(90, 45.547900000000006)	(91, 46.4499)	(92, 46.499)	(93, 46.766600000000004)	(94, 46.759699999999995)	(95, 46.647800000000004)	(96, 46.2306)	(97, 44.978899999999996)	(98, 45.1017)	(99, 44.5036)	(100, 45.2549)	(101, 45.9677)	(102, 45.0318)	(103, 45.244800000000005)	(104, 44.856899999999996)	(105, 44.3606)	(106, 45.4586)	(107, 44.9276)	(108, 45.1461)	(109, 45.3229)	(110, 44.8452)	(111, 45.5262)	(112, 44.9855)	(113, 45.448499999999996)	(114, 45.0144)	(115, 45.9446)	(116, 45.6845)	(117, 45.2748)	(118, 45.0871)	(119, 44.4109)	(120, 44.9915)	(121, 44.439)	(122, 45.258900000000004)	(123, 44.4979)	(124, 44.5746)	(125, 44.6065)	(126, 44.5238)	(127, 45.1607)	(128, 44.3556)	(129, 43.6695)	(130, 43.4597)	(131, 43.8762)	(132, 43.8668)	(133, 44.7235)	(134, 44.4384)	(135, 44.257000000000005)	(136, 44.6764)	(137, 45.056000000000004)	(138, 44.522)	(139, 44.951299999999996)	(140, 44.7851)	(141, 45.149699999999996)	(142, 44.5978)	(143, 44.480399999999996)	(144, 44.3532)	(145, 44.8428)	(146, 45.062200000000004)	(147, 44.9769)	(148, 44.555299999999995)	(149, 44.3542)	(150, 44.5388)
RNA-Seq_FZX_Le_C1	(1, 80.9612)	(2, 67.5254)	(3, 72.2081)	(4, 70.6893)	(5, 62.98010000000001)	(6, 50.70909999999999)	(7, 38.0062)	(8, 39.7243)	(9, 37.9224)	(10, 37.1278)	(11, 40.7246)	(12, 40.4088)	(13, 41.7498)	(14, 40.9373)	(15, 42.538199999999996)	(16, 42.045700000000004)	(17, 42.106700000000004)	(18, 40.508300000000006)	(19, 41.2909)	(20, 41.510799999999996)	(21, 41.9484)	(22, 42.396499999999996)	(23, 41.5084)	(24, 43.271100000000004)	(25, 42.6823)	(26, 46.6516)	(27, 43.7112)	(28, 47.077799999999996)	(29, 43.9707)	(30, 42.3807)	(31, 41.9919)	(32, 44.6589)	(33, 43.8046)	(34, 42.872)	(35, 45.5668)	(36, 43.044900000000005)	(37, 46.744)	(38, 45.8674)	(39, 44.323)	(40, 41.4458)	(41, 43.6346)	(42, 42.3781)	(43, 43.540099999999995)	(44, 43.600100000000005)	(45, 42.8879)	(46, 45.4861)	(47, 43.6036)	(48, 41.1449)	(49, 41.936299999999996)	(50, 43.4229)	(51, 45.1541)	(52, 47.2445)	(53, 45.0042)	(54, 45.3801)	(55, 45.8372)	(56, 44.0041)	(57, 44.4086)	(58, 44.9204)	(59, 44.4613)	(60, 44.656)	(61, 45.2294)	(62, 45.4063)	(63, 44.195)	(64, 43.886399999999995)	(65, 41.4949)	(66, 42.8078)	(67, 44.9356)	(68, 43.958000000000006)	(69, 45.8645)	(70, 46.4829)	(71, 43.8567)	(72, 44.3322)	(73, 41.924499999999995)	(74, 42.5709)	(75, 44.2359)	(76, 44.5294)	(77, 42.2604)	(78, 43.0284)	(79, 42.8795)	(80, 42.7396)	(81, 42.395500000000006)	(82, 40.991)	(83, 41.742000000000004)	(84, 43.593900000000005)	(85, 45.7639)	(86, 43.978)	(87, 44.8975)	(88, 43.698100000000004)	(89, 43.8776)	(90, 43.7324)	(91, 44.7641)	(92, 46.8713)	(93, 44.5856)	(94, 47.5012)	(95, 46.3691)	(96, 45.076)	(97, 43.454100000000004)	(98, 42.9274)	(99, 41.7843)	(100, 42.538199999999996)	(101, 44.0849)	(102, 43.1227)	(103, 43.9305)	(104, 43.9883)	(105, 42.1973)	(106, 43.8542)	(107, 42.3393)	(108, 42.2034)	(109, 42.84)	(110, 42.836200000000005)	(111, 44.6515)	(112, 43.350100000000005)	(113, 45.032)	(114, 42.5706)	(115, 44.57)	(116, 44.2557)	(117, 42.7501)	(118, 44.1247)	(119, 43.168800000000005)	(120, 44.2472)	(121, 43.1248)	(122, 45.5355)	(123, 43.0145)	(124, 44.296600000000005)	(125, 43.9405)	(126, 44.655699999999996)	(127, 46.0324)	(128, 43.2008)	(129, 41.5582)	(130, 39.4107)	(131, 40.6356)	(132, 40.6669)	(133, 43.1735)	(134, 43.7325)	(135, 43.7853)	(136, 42.910900000000005)	(137, 45.1519)	(138, 42.4975)	(139, 42.0408)	(140, 41.0428)	(141, 43.4271)	(142, 43.6555)	(143, 45.411)	(144, 44.1119)	(145, 43.5083)	(146, 44.3793)	(147, 44.3662)	(148, 44.9697)	(149, 43.1199)	(150, 44.4204)
RNA-Seq_FZX_Le_C2	(1, 81.6095)	(2, 67.2566)	(3, 72.2173)	(4, 70.42779999999999)	(5, 62.395900000000005)	(6, 50.02029999999999)	(7, 37.4965)	(8, 39.4911)	(9, 37.683499999999995)	(10, 36.5066)	(11, 40.5062)	(12, 40.1912)	(13, 41.445100000000004)	(14, 40.4208)	(15, 42.2589)	(16, 41.6217)	(17, 41.5627)	(18, 40.0081)	(19, 40.8523)	(20, 41.0379)	(21, 41.6028)	(22, 42.1247)	(23, 40.9808)	(24, 42.814600000000006)	(25, 42.2856)	(26, 46.1047)	(27, 43.2032)	(28, 46.5437)	(29, 43.4343)	(30, 41.8986)	(31, 41.5673)	(32, 44.2799)	(33, 43.2816)	(34, 42.5848)	(35, 45.1082)	(36, 42.5903)	(37, 46.4169)	(38, 45.319500000000005)	(39, 43.6723)	(40, 41.0783)	(41, 43.2718)	(42, 42.0489)	(43, 43.1192)	(44, 43.2958)	(45, 42.5721)	(46, 45.1207)	(47, 43.2352)	(48, 40.692499999999995)	(49, 41.554)	(50, 43.0583)	(51, 44.8708)	(52, 46.989999999999995)	(53, 44.7089)	(54, 45.061099999999996)	(55, 45.4692)	(56, 43.5579)	(57, 43.8347)	(58, 44.309799999999996)	(59, 43.906)	(60, 44.168600000000005)	(61, 44.783699999999996)	(62, 44.7552)	(63, 43.6476)	(64, 43.3661)	(65, 41.0769)	(66, 42.370999999999995)	(67, 44.5697)	(68, 43.576)	(69, 45.5209)	(70, 46.0886)	(71, 43.5362)	(72, 44.051)	(73, 41.6845)	(74, 42.3384)	(75, 43.9332)	(76, 43.9468)	(77, 41.735699999999994)	(78, 42.4681)	(79, 42.3507)	(80, 42.1288)	(81, 41.7684)	(82, 40.4675)	(83, 41.288599999999995)	(84, 43.223099999999995)	(85, 45.4818)	(86, 43.5042)	(87, 44.4533)	(88, 43.296600000000005)	(89, 43.533100000000005)	(90, 43.5373)	(91, 44.432)	(92, 46.4258)	(93, 44.0909)	(94, 47.0622)	(95, 45.7532)	(96, 44.6313)	(97, 42.9112)	(98, 42.4823)	(99, 41.388999999999996)	(100, 42.241299999999995)	(101, 43.6191)	(102, 42.660199999999996)	(103, 43.5278)	(104, 43.5415)	(105, 41.877199999999995)	(106, 43.5825)	(107, 41.9499)	(108, 41.8696)	(109, 42.3966)	(110, 42.396899999999995)	(111, 44.235600000000005)	(112, 43.0159)	(113, 44.4975)	(114, 42.0964)	(115, 44.0016)	(116, 43.7759)	(117, 42.0655)	(118, 43.443599999999996)	(119, 42.5346)	(120, 43.8335)	(121, 42.6538)	(122, 45.0818)	(123, 42.4124)	(124, 43.8895)	(125, 43.5081)	(126, 44.275)	(127, 45.5903)	(128, 42.512499999999996)	(129, 40.9291)	(130, 38.915)	(131, 40.055)	(132, 40.260200000000005)	(133, 42.7139)	(134, 43.2779)	(135, 43.1919)	(136, 42.3139)	(137, 44.6672)	(138, 42.0069)	(139, 41.472300000000004)	(140, 40.657199999999996)	(141, 43.2431)	(142, 43.3674)	(143, 45.0684)	(144, 43.6147)	(145, 42.9509)	(146, 43.9252)	(147, 43.9915)	(148, 44.4525)	(149, 42.7906)	(150, 44.091)
RNA-Seq_FZX_Le_C3	(1, 81.0159)	(2, 65.9867)	(3, 70.3562)	(4, 67.96520000000001)	(5, 60.0461)	(6, 48.2821)	(7, 36.6779)	(8, 39.8983)	(9, 38.504599999999996)	(10, 36.2111)	(11, 41.5286)	(12, 41.0383)	(13, 41.5203)	(14, 40.7033)	(15, 42.4717)	(16, 41.7392)	(17, 41.702099999999994)	(18, 40.4603)	(19, 41.185300000000005)	(20, 41.344500000000004)	(21, 41.7005)	(22, 42.0573)	(23, 41.3773)	(24, 42.966)	(25, 42.5653)	(26, 46.073)	(27, 43.4302)	(28, 45.8613)	(29, 43.249700000000004)	(30, 41.785)	(31, 41.7282)	(32, 44.141799999999996)	(33, 42.855399999999996)	(34, 42.485)	(35, 45.0283)	(36, 42.8091)	(37, 45.8252)	(38, 45.0107)	(39, 43.418800000000005)	(40, 41.6616)	(41, 43.1254)	(42, 42.2096)	(43, 42.8172)	(44, 43.2729)	(45, 42.615700000000004)	(46, 44.3956)	(47, 42.929899999999996)	(48, 40.8552)	(49, 41.692499999999995)	(50, 43.2487)	(51, 44.8405)	(52, 46.4106)	(53, 44.592999999999996)	(54, 44.8348)	(55, 45.0518)	(56, 43.6367)	(57, 43.8151)	(58, 44.2558)	(59, 43.6575)	(60, 43.8008)	(61, 44.161899999999996)	(62, 44.3212)	(63, 43.327)	(64, 43.1868)	(65, 41.4163)	(66, 42.6941)	(67, 44.263799999999996)	(68, 43.4895)	(69, 45.134800000000006)	(70, 45.1816)	(71, 43.3407)	(72, 43.8112)	(73, 41.6232)	(74, 42.1552)	(75, 43.552099999999996)	(76, 43.385400000000004)	(77, 41.8648)	(78, 42.365199999999994)	(79, 42.335699999999996)	(80, 42.5933)	(81, 42.1655)	(82, 40.8175)	(83, 41.5257)	(84, 43.2125)	(85, 45.171)	(86, 43.356899999999996)	(87, 44.0763)	(88, 43.0919)	(89, 43.2684)	(90, 43.463)	(91, 44.0216)	(92, 45.9196)	(93, 43.9931)	(94, 46.323)	(95, 45.319900000000004)	(96, 44.184200000000004)	(97, 42.8078)	(98, 42.5761)	(99, 41.328700000000005)	(100, 42.1293)	(101, 43.397200000000005)	(102, 42.5892)	(103, 42.9811)	(104, 43.2513)	(105, 41.6464)	(106, 43.1749)	(107, 41.6165)	(108, 41.7566)	(109, 42.2121)	(110, 42.2942)	(111, 43.6815)	(112, 42.6508)	(113, 44.171899999999994)	(114, 42.1502)	(115, 43.594500000000004)	(116, 43.4519)	(117, 41.793)	(118, 42.7985)	(119, 42.368)	(120, 43.2643)	(121, 42.453)	(122, 44.1158)	(123, 41.8207)	(124, 43.1385)	(125, 42.9064)	(126, 43.6258)	(127, 44.420300000000005)	(128, 42.0622)	(129, 40.5675)	(130, 38.9473)	(131, 40.2186)	(132, 40.2061)	(133, 42.1958)	(134, 42.7558)	(135, 42.606)	(136, 41.857)	(137, 43.8534)	(138, 41.5438)	(139, 41.3424)	(140, 40.606500000000004)	(141, 42.8336)	(142, 42.7211)	(143, 44.2003)	(144, 43.1541)	(145, 42.542699999999996)	(146, 43.4617)	(147, 43.7464)	(148, 43.8808)	(149, 42.3977)	(150, 43.3748)
RNA-Seq_FZX_Le_M1	(1, 82.4582)	(2, 65.2825)	(3, 70.5006)	(4, 67.8193)	(5, 59.3093)	(6, 47.2015)	(7, 36.146)	(8, 40.4775)	(9, 39.265299999999996)	(10, 36.497600000000006)	(11, 42.308)	(12, 41.6729)	(13, 41.9508)	(14, 40.8093)	(15, 42.2367)	(16, 41.77)	(17, 42.0173)	(18, 40.6302)	(19, 41.67)	(20, 41.5967)	(21, 41.822900000000004)	(22, 42.391)	(23, 41.8834)	(24, 43.7818)	(25, 42.7618)	(26, 46.7428)	(27, 43.9043)	(28, 46.4636)	(29, 43.5311)	(30, 42.690400000000004)	(31, 42.5146)	(32, 44.8515)	(33, 43.6992)	(34, 42.7661)	(35, 45.443)	(36, 43.030699999999996)	(37, 45.966)	(38, 45.0084)	(39, 43.7474)	(40, 42.0303)	(41, 43.5912)	(42, 42.214800000000004)	(43, 43.166399999999996)	(44, 43.810500000000005)	(45, 43.023)	(46, 44.9079)	(47, 43.525999999999996)	(48, 41.6292)	(49, 42.2443)	(50, 43.9495)	(51, 45.130900000000004)	(52, 46.5854)	(53, 44.324200000000005)	(54, 44.960899999999995)	(55, 45.5151)	(56, 44.008)	(57, 43.961600000000004)	(58, 44.744099999999996)	(59, 44.446400000000004)	(60, 44.4848)	(61, 44.7727)	(62, 45.104499999999994)	(63, 43.9984)	(64, 44.3026)	(65, 42.2712)	(66, 43.5089)	(67, 45.1605)	(68, 44.1598)	(69, 45.7085)	(70, 45.949600000000004)	(71, 43.4336)	(72, 43.5646)	(73, 41.7513)	(74, 42.540499999999994)	(75, 44.0233)	(76, 43.9771)	(77, 42.078900000000004)	(78, 42.973299999999995)	(79, 43.2962)	(80, 43.0576)	(81, 42.8998)	(82, 41.5346)	(83, 42.4885)	(84, 43.8023)	(85, 45.8293)	(86, 43.693599999999996)	(87, 44.399100000000004)	(88, 43.388)	(89, 43.7939)	(90, 43.8531)	(91, 44.3384)	(92, 46.6455)	(93, 44.7889)	(94, 46.956399999999995)	(95, 45.9234)	(96, 44.7977)	(97, 43.4841)	(98, 43.1934)	(99, 41.7609)	(100, 42.3254)	(101, 44.191900000000004)	(102, 43.3472)	(103, 43.393)	(104, 43.9728)	(105, 42.111)	(106, 43.8901)	(107, 42.2924)	(108, 42.1549)	(109, 43.153999999999996)	(110, 42.9941)	(111, 44.5917)	(112, 42.793)	(113, 44.6839)	(114, 42.5548)	(115, 44.3602)	(116, 43.884)	(117, 42.344500000000004)	(118, 43.8598)	(119, 43.2616)	(120, 44.3575)	(121, 43.0789)	(122, 45.067299999999996)	(123, 42.8635)	(124, 44.3838)	(125, 44.0916)	(126, 44.0769)	(127, 45.1044)	(128, 42.9039)	(129, 41.760999999999996)	(130, 40.0402)	(131, 41.2655)	(132, 41.0245)	(133, 43.0222)	(134, 43.2797)	(135, 43.3356)	(136, 42.8203)	(137, 44.7064)	(138, 42.3188)	(139, 42.342999999999996)	(140, 41.3887)	(141, 43.6445)	(142, 43.1894)	(143, 44.5521)	(144, 43.6716)	(145, 43.1828)	(146, 44.282)	(147, 43.8899)	(148, 44.3114)	(149, 42.2633)	(150, 43.3407)
RNA-Seq_FZX_Le_M2	(1, 82.3197)	(2, 65.7212)	(3, 71.0029)	(4, 68.4353)	(5, 60.027699999999996)	(6, 47.693999999999996)	(7, 35.9014)	(8, 40.0901)	(9, 38.7201)	(10, 36.5392)	(11, 41.7678)	(12, 41.054)	(13, 41.6436)	(14, 40.4805)	(15, 41.9412)	(16, 41.4069)	(17, 41.9215)	(18, 40.3932)	(19, 41.4468)	(20, 41.3788)	(21, 41.5785)	(22, 42.203)	(23, 41.5658)	(24, 43.6108)	(25, 42.3233)	(26, 46.478199999999994)	(27, 43.486200000000004)	(28, 46.4013)	(29, 43.2895)	(30, 42.4857)	(31, 42.1345)	(32, 44.7046)	(33, 43.581399999999995)	(34, 42.5216)	(35, 45.3153)	(36, 42.7697)	(37, 45.9719)	(38, 44.9447)	(39, 43.5864)	(40, 41.5912)	(41, 43.397200000000005)	(42, 42.045)	(43, 42.9158)	(44, 43.547799999999995)	(45, 42.7069)	(46, 44.8229)	(47, 43.3068)	(48, 41.3029)	(49, 41.8029)	(50, 43.668)	(51, 44.8543)	(52, 46.5878)	(53, 44.2365)	(54, 44.7518)	(55, 45.3975)	(56, 43.733)	(57, 43.7379)	(58, 44.513200000000005)	(59, 44.3014)	(60, 44.2052)	(61, 44.5799)	(62, 44.8713)	(63, 43.7301)	(64, 44.0294)	(65, 41.9121)	(66, 43.2599)	(67, 45.0156)	(68, 44.0646)	(69, 45.5065)	(70, 45.912)	(71, 43.1932)	(72, 43.2898)	(73, 41.4109)	(74, 42.1877)	(75, 43.9735)	(76, 43.9314)	(77, 41.9068)	(78, 42.7742)	(79, 42.9475)	(80, 42.7159)	(81, 42.4323)	(82, 41.1571)	(83, 42.108000000000004)	(84, 43.4917)	(85, 45.3648)	(86, 43.540800000000004)	(87, 44.3362)	(88, 43.241600000000005)	(89, 43.6063)	(90, 43.5523)	(91, 44.0481)	(92, 46.3717)	(93, 44.4432)	(94, 46.752500000000005)	(95, 45.797900000000006)	(96, 44.6004)	(97, 43.213)	(98, 42.8896)	(99, 41.5596)	(100, 41.9317)	(101, 43.920500000000004)	(102, 43.129400000000004)	(103, 43.114799999999995)	(104, 43.816500000000005)	(105, 41.834900000000005)	(106, 43.572100000000006)	(107, 42.052499999999995)	(108, 41.8528)	(109, 42.7658)	(110, 42.6156)	(111, 44.3297)	(112, 42.335899999999995)	(113, 44.5062)	(114, 42.2419)	(115, 44.1647)	(116, 43.702200000000005)	(117, 42.1248)	(118, 43.7191)	(119, 43.0731)	(120, 44.18)	(121, 42.850100000000005)	(122, 45.1392)	(123, 42.6888)	(124, 44.263400000000004)	(125, 43.9628)	(126, 43.8739)	(127, 44.8818)	(128, 42.6317)	(129, 41.4796)	(130, 39.7746)	(131, 41.1002)	(132, 40.7623)	(133, 43.0241)	(134, 43.330200000000005)	(135, 43.3025)	(136, 42.638999999999996)	(137, 44.7444)	(138, 42.1218)	(139, 42.0682)	(140, 41.1904)	(141, 43.498799999999996)	(142, 42.9844)	(143, 44.3421)	(144, 43.5439)	(145, 43.1306)	(146, 44.2698)	(147, 43.7205)	(148, 44.2065)	(149, 42.0203)	(150, 43.1912)
RNA-Seq_FZX_Le_M3	(1, 81.6278)	(2, 65.9532)	(3, 71.001)	(4, 68.6915)	(5, 60.628800000000005)	(6, 48.4564)	(7, 36.268899999999995)	(8, 39.6777)	(9, 38.3754)	(10, 36.3613)	(11, 41.178)	(12, 40.4939)	(13, 41.1564)	(14, 40.2935)	(15, 41.7855)	(16, 41.2875)	(17, 41.6549)	(18, 40.2399)	(19, 41.0696)	(20, 41.125699999999995)	(21, 41.2669)	(22, 41.7551)	(23, 41.108200000000004)	(24, 43.068)	(25, 42.1374)	(26, 46.071)	(27, 43.290099999999995)	(28, 46.0863)	(29, 43.095099999999995)	(30, 42.0753)	(31, 41.7848)	(32, 44.1509)	(33, 43.256099999999996)	(34, 42.3677)	(35, 44.7952)	(36, 42.543)	(37, 45.5511)	(38, 44.6826)	(39, 43.3925)	(40, 41.2447)	(41, 43.067899999999995)	(42, 41.6797)	(43, 42.566199999999995)	(44, 43.1055)	(45, 42.3453)	(46, 44.477)	(47, 42.8865)	(48, 40.8515)	(49, 41.547200000000004)	(50, 43.166399999999996)	(51, 44.3789)	(52, 46.0656)	(53, 43.797000000000004)	(54, 44.2186)	(55, 44.9582)	(56, 43.3155)	(57, 43.5049)	(58, 44.3436)	(59, 43.9122)	(60, 44.0021)	(61, 44.3429)	(62, 44.6896)	(63, 43.4604)	(64, 43.5612)	(65, 41.4701)	(66, 42.6593)	(67, 44.3863)	(68, 43.499500000000005)	(69, 45.0203)	(70, 45.3621)	(71, 42.9268)	(72, 43.0078)	(73, 41.0745)	(74, 41.8782)	(75, 43.501400000000004)	(76, 43.7314)	(77, 41.753800000000005)	(78, 42.4649)	(79, 42.6165)	(80, 42.4121)	(81, 42.1905)	(82, 40.862300000000005)	(83, 41.847)	(84, 43.1717)	(85, 45.0065)	(86, 43.1973)	(87, 43.912600000000005)	(88, 42.7403)	(89, 43.168)	(90, 43.0885)	(91, 43.6786)	(92, 46.0028)	(93, 43.9903)	(94, 46.3463)	(95, 45.325700000000005)	(96, 44.2425)	(97, 42.8286)	(98, 42.5485)	(99, 41.360200000000006)	(100, 41.7373)	(101, 43.532700000000006)	(102, 42.7206)	(103, 42.951899999999995)	(104, 43.4756)	(105, 41.633900000000004)	(106, 43.227399999999996)	(107, 41.681200000000004)	(108, 41.5582)	(109, 42.3648)	(110, 42.3139)	(111, 43.8955)	(112, 42.2306)	(113, 44.0963)	(114, 42.0638)	(115, 43.8489)	(116, 43.3811)	(117, 42.0711)	(118, 43.4566)	(119, 42.8726)	(120, 43.803)	(121, 42.766)	(122, 44.7136)	(123, 42.4253)	(124, 43.845800000000004)	(125, 43.4638)	(126, 43.6612)	(127, 44.742399999999996)	(128, 42.4323)	(129, 41.3134)	(130, 39.5495)	(131, 40.72)	(132, 40.5397)	(133, 42.6943)	(134, 43.1064)	(135, 43.0154)	(136, 42.3701)	(137, 44.3651)	(138, 41.894)	(139, 41.6866)	(140, 40.823)	(141, 43.0149)	(142, 42.7645)	(143, 44.2058)	(144, 43.295899999999996)	(145, 42.8788)	(146, 43.9011)	(147, 43.4266)	(148, 44.0215)	(149, 42.0139)	(150, 43.1383)
