Sample	0	1	2	3	4	5	6	7	8	9	10	11	12	13	14	15	16	17	18	19	20	21	22	23	24	25	26	27	28	29	30	31	32	33	34	35	36	37	38	39	40	41	42	43	44	45	46	47	48	49	50	51	52	53	54	55	56	57	58	59	60	61	62	63	64	65	66	67	68	69	70	71	72	73	74	75	76	77	78	79	80	81	82	83	84	85	86	87	88	89	90	91	92	93	94	95	96	97	98	99	100	101	102	103	104	105	106	107	108	109	110	111	112	113	114	115	116	117	118	119	120	121	122	123	124	125	126	127	128	129	130	131	132	133	134	135	136	137	138	139	140	141	142	143	144	145	146	147	148	149
RNA-Seq_FZX_Fr_C1	(1, 36.1677)	(2, 36.3897)	(3, 36.4609)	(4, 36.4419)	(5, 36.4754)	(6, 36.4518)	(7, 36.4506)	(8, 36.4852)	(9, 36.4964)	(10, 36.4803)	(11, 36.5182)	(12, 36.5019)	(13, 36.5043)	(14, 36.4796)	(15, 36.4723)	(16, 36.4833)	(17, 36.4851)	(18, 36.4625)	(19, 36.4594)	(20, 36.4559)	(21, 36.4584)	(22, 36.425)	(23, 36.3561)	(24, 36.4087)	(25, 36.4464)	(26, 36.4272)	(27, 36.4064)	(28, 36.4152)	(29, 36.4289)	(30, 36.4098)	(31, 36.3865)	(32, 36.3956)	(33, 36.3738)	(34, 36.3485)	(35, 36.3544)	(36, 36.3369)	(37, 36.366)	(38, 36.2972)	(39, 36.2904)	(40, 36.3284)	(41, 36.2622)	(42, 36.2763)	(43, 36.2907)	(44, 36.2701)	(45, 36.2833)	(46, 36.27)	(47, 36.2511)	(48, 36.2747)	(49, 36.2453)	(50, 36.2242)	(51, 36.2266)	(52, 36.193)	(53, 36.2161)	(54, 36.17)	(55, 36.1749)	(56, 36.1962)	(57, 36.1431)	(58, 36.0989)	(59, 36.186)	(60, 36.1801)	(61, 36.1802)	(62, 36.1831)	(63, 36.1828)	(64, 36.1676)	(65, 36.1617)	(66, 36.1669)	(67, 36.1214)	(68, 36.1056)	(69, 36.1115)	(70, 36.0984)	(71, 36.085)	(72, 36.007)	(73, 35.9624)	(74, 35.886)	(75, 35.9798)	(76, 36.0018)	(77, 36.0059)	(78, 35.9852)	(79, 35.9515)	(80, 35.9515)	(81, 35.9345)	(82, 35.9544)	(83, 35.9432)	(84, 35.9971)	(85, 35.9742)	(86, 35.8816)	(87, 35.9312)	(88, 35.9133)	(89, 35.9037)	(90, 35.8396)	(91, 35.8718)	(92, 35.898)	(93, 35.8999)	(94, 35.9235)	(95, 35.8955)	(96, 35.8408)	(97, 35.7804)	(98, 35.783)	(99, 35.7112)	(100, 35.7869)	(101, 35.8614)	(102, 35.8019)	(103, 35.7614)	(104, 35.7723)	(105, 35.7859)	(106, 35.7845)	(107, 35.7792)	(108, 35.7464)	(109, 35.7378)	(110, 35.7095)	(111, 35.6638)	(112, 35.6481)	(113, 35.6468)	(114, 35.6912)	(115, 35.6635)	(116, 35.6678)	(117, 35.6505)	(118, 35.6417)	(119, 35.6108)	(120, 35.6053)	(121, 35.564)	(122, 35.4757)	(123, 35.3618)	(124, 35.3796)	(125, 35.4919)	(126, 35.5074)	(127, 35.4226)	(128, 35.4413)	(129, 35.5138)	(130, 35.4869)	(131, 35.4453)	(132, 35.4205)	(133, 35.4049)	(134, 35.3551)	(135, 35.4226)	(136, 35.4428)	(137, 35.3796)	(138, 35.3264)	(139, 35.3288)	(140, 35.3594)	(141, 35.3267)	(142, 35.2558)	(143, 35.2703)	(144, 35.1336)	(145, 35.0949)	(146, 35.1361)	(147, 35.0058)	(148, 34.8776)	(149, 34.8669)	(150, 34.9547)
RNA-Seq_FZX_Fr_C2	(1, 36.0511)	(2, 36.4156)	(3, 36.4713)	(4, 36.4623)	(5, 36.4585)	(6, 36.4482)	(7, 36.4457)	(8, 36.4772)	(9, 36.4862)	(10, 36.48)	(11, 36.5045)	(12, 36.4902)	(13, 36.4942)	(14, 36.468)	(15, 36.4628)	(16, 36.4666)	(17, 36.4698)	(18, 36.4549)	(19, 36.4498)	(20, 36.448)	(21, 36.4463)	(22, 36.416)	(23, 36.3458)	(24, 36.3951)	(25, 36.4317)	(26, 36.411)	(27, 36.39)	(28, 36.4026)	(29, 36.4145)	(30, 36.3981)	(31, 36.373)	(32, 36.3809)	(33, 36.3617)	(34, 36.3363)	(35, 36.3421)	(36, 36.3225)	(37, 36.3503)	(38, 36.2829)	(39, 36.2767)	(40, 36.3144)	(41, 36.2464)	(42, 36.2633)	(43, 36.2762)	(44, 36.2557)	(45, 36.2687)	(46, 36.2557)	(47, 36.236)	(48, 36.2568)	(49, 36.2293)	(50, 36.208)	(51, 36.211)	(52, 36.178)	(53, 36.1998)	(54, 36.1557)	(55, 36.162)	(56, 36.1809)	(57, 36.1272)	(58, 36.0817)	(59, 36.1694)	(60, 36.1645)	(61, 36.1616)	(62, 36.1667)	(63, 36.1674)	(64, 36.1493)	(65, 36.1446)	(66, 36.1511)	(67, 36.1011)	(68, 36.089)	(69, 36.0939)	(70, 36.0775)	(71, 36.0635)	(72, 35.9856)	(73, 35.9419)	(74, 35.863)	(75, 35.9604)	(76, 35.9807)	(77, 35.9829)	(78, 35.9616)	(79, 35.927)	(80, 35.9268)	(81, 35.9103)	(82, 35.9274)	(83, 35.9194)	(84, 35.9751)	(85, 35.9478)	(86, 35.8558)	(87, 35.9104)	(88, 35.8919)	(89, 35.8784)	(90, 35.8119)	(91, 35.8462)	(92, 35.8716)	(93, 35.8722)	(94, 35.8953)	(95, 35.8705)	(96, 35.8161)	(97, 35.7529)	(98, 35.7545)	(99, 35.6837)	(100, 35.758)	(101, 35.8317)	(102, 35.7724)	(103, 35.7296)	(104, 35.7412)	(105, 35.7559)	(106, 35.7532)	(107, 35.7478)	(108, 35.7144)	(109, 35.7071)	(110, 35.6778)	(111, 35.6331)	(112, 35.6172)	(113, 35.6141)	(114, 35.6632)	(115, 35.6303)	(116, 35.6386)	(117, 35.6191)	(118, 35.6121)	(119, 35.5817)	(120, 35.5742)	(121, 35.5308)	(122, 35.4398)	(123, 35.3298)	(124, 35.346)	(125, 35.4574)	(126, 35.4772)	(127, 35.3887)	(128, 35.4069)	(129, 35.4831)	(130, 35.4512)	(131, 35.414)	(132, 35.3863)	(133, 35.3698)	(134, 35.3164)	(135, 35.3888)	(136, 35.4058)	(137, 35.3447)	(138, 35.2895)	(139, 35.2916)	(140, 35.3237)	(141, 35.2898)	(142, 35.2171)	(143, 35.2314)	(144, 35.0961)	(145, 35.0533)	(146, 35.0938)	(147, 34.9647)	(148, 34.8346)	(149, 34.823)	(150, 34.9159)
RNA-Seq_FZX_Fr_C3	(1, 35.9795)	(2, 36.2821)	(3, 36.3271)	(4, 36.3394)	(5, 36.3503)	(6, 36.351)	(7, 36.3502)	(8, 36.3957)	(9, 36.4036)	(10, 36.39)	(11, 36.4241)	(12, 36.4043)	(13, 36.4118)	(14, 36.3814)	(15, 36.3811)	(16, 36.3844)	(17, 36.3881)	(18, 36.3748)	(19, 36.3676)	(20, 36.364)	(21, 36.3642)	(22, 36.3322)	(23, 36.2545)	(24, 36.3064)	(25, 36.3482)	(26, 36.3273)	(27, 36.3084)	(28, 36.3189)	(29, 36.3326)	(30, 36.3203)	(31, 36.2941)	(32, 36.3019)	(33, 36.2817)	(34, 36.2528)	(35, 36.2623)	(36, 36.2449)	(37, 36.2709)	(38, 36.2007)	(39, 36.1915)	(40, 36.2326)	(41, 36.1683)	(42, 36.1798)	(43, 36.1977)	(44, 36.1796)	(45, 36.1863)	(46, 36.1732)	(47, 36.1506)	(48, 36.1784)	(49, 36.1513)	(50, 36.1242)	(51, 36.1344)	(52, 36.0959)	(53, 36.1207)	(54, 36.0733)	(55, 36.0747)	(56, 36.1004)	(57, 36.048)	(58, 36.0032)	(59, 36.0938)	(60, 36.0905)	(61, 36.0835)	(62, 36.0915)	(63, 36.0939)	(64, 36.0761)	(65, 36.068)	(66, 36.0745)	(67, 36.0211)	(68, 36.0095)	(69, 36.0185)	(70, 36.0058)	(71, 35.9881)	(72, 35.9166)	(73, 35.8626)	(74, 35.7836)	(75, 35.8838)	(76, 35.9017)	(77, 35.9107)	(78, 35.8884)	(79, 35.8533)	(80, 35.8529)	(81, 35.8434)	(82, 35.8649)	(83, 35.8557)	(84, 35.9084)	(85, 35.8852)	(86, 35.7866)	(87, 35.8387)	(88, 35.8382)	(89, 35.8245)	(90, 35.7546)	(91, 35.7851)	(92, 35.8103)	(93, 35.8102)	(94, 35.8346)	(95, 35.8165)	(96, 35.7677)	(97, 35.6929)	(98, 35.6995)	(99, 35.6243)	(100, 35.6981)	(101, 35.7794)	(102, 35.7258)	(103, 35.6758)	(104, 35.6889)	(105, 35.7066)	(106, 35.7065)	(107, 35.6925)	(108, 35.6628)	(109, 35.6603)	(110, 35.6348)	(111, 35.5831)	(112, 35.5664)	(113, 35.5698)	(114, 35.6199)	(115, 35.5896)	(116, 35.5865)	(117, 35.5733)	(118, 35.5628)	(119, 35.5329)	(120, 35.5315)	(121, 35.5018)	(122, 35.403)	(123, 35.3014)	(124, 35.3276)	(125, 35.4389)	(126, 35.4331)	(127, 35.345)	(128, 35.3582)	(129, 35.4403)	(130, 35.4275)	(131, 35.3825)	(132, 35.3583)	(133, 35.3472)	(134, 35.2828)	(135, 35.3564)	(136, 35.3842)	(137, 35.304)	(138, 35.2366)	(139, 35.2523)	(140, 35.3102)	(141, 35.2833)	(142, 35.2247)	(143, 35.2302)	(144, 35.1192)	(145, 35.0754)	(146, 35.1088)	(147, 34.9741)	(148, 34.8488)	(149, 34.8221)	(150, 34.9364)
RNA-Seq_FZX_Fr_M1	(1, 36.1287)	(2, 36.3307)	(3, 36.3341)	(4, 36.3386)	(5, 36.3863)	(6, 36.3421)	(7, 36.2887)	(8, 36.4054)	(9, 36.3686)	(10, 36.3612)	(11, 36.3983)	(12, 36.3787)	(13, 36.3571)	(14, 36.3265)	(15, 36.3364)	(16, 36.3811)	(17, 36.3926)	(18, 36.2913)	(19, 36.3491)	(20, 36.3769)	(21, 36.3557)	(22, 36.36)	(23, 36.3412)	(24, 36.3441)	(25, 36.2734)	(26, 36.3445)	(27, 36.328)	(28, 36.3118)	(29, 36.3329)	(30, 36.3073)	(31, 36.2458)	(32, 36.2604)	(33, 36.2272)	(34, 36.2401)	(35, 36.2325)	(36, 36.2069)	(37, 36.2034)	(38, 36.2352)	(39, 36.1935)	(40, 36.1276)	(41, 36.1749)	(42, 36.1868)	(43, 36.0868)	(44, 36.191)	(45, 36.1883)	(46, 36.2052)	(47, 36.2079)	(48, 36.1857)	(49, 36.1714)	(50, 36.1441)	(51, 36.1075)	(52, 36.1016)	(53, 36.0761)	(54, 36.0462)	(55, 36.0252)	(56, 36.016)	(57, 36.0019)	(58, 36.0058)	(59, 36.0319)	(60, 35.99)	(61, 35.9975)	(62, 36.019)	(63, 36.0078)	(64, 35.9689)	(65, 35.8303)	(66, 35.9284)	(67, 35.9331)	(68, 35.8524)	(69, 35.9344)	(70, 35.8979)	(71, 35.9286)	(72, 35.8987)	(73, 35.8858)	(74, 35.8932)	(75, 35.8834)	(76, 35.8704)	(77, 35.828)	(78, 35.8488)	(79, 35.8461)	(80, 35.8795)	(81, 35.8889)	(82, 35.8595)	(83, 35.8515)	(84, 35.8728)	(85, 35.8636)	(86, 35.8297)	(87, 35.8702)	(88, 35.8683)	(89, 35.8062)	(90, 35.6864)	(91, 35.7818)	(92, 35.83)	(93, 35.7778)	(94, 35.6457)	(95, 35.7865)	(96, 35.8302)	(97, 35.8281)	(98, 35.8222)	(99, 35.7721)	(100, 35.7454)	(101, 35.7506)	(102, 35.7089)	(103, 35.7286)	(104, 35.7086)	(105, 35.6917)	(106, 35.6302)	(107, 35.6131)	(108, 35.5982)	(109, 35.5413)	(110, 35.4681)	(111, 35.4604)	(112, 35.4194)	(113, 35.4614)	(114, 35.424)	(115, 35.4199)	(116, 35.2093)	(117, 35.362)	(118, 35.4005)	(119, 35.2981)	(120, 35.4608)	(121, 35.4821)	(122, 35.4196)	(123, 35.4214)	(124, 35.4349)	(125, 35.3484)	(126, 35.2535)	(127, 35.2634)	(128, 35.2781)	(129, 35.1678)	(130, 35.0596)	(131, 35.1279)	(132, 35.1801)	(133, 35.148)	(134, 35.1071)	(135, 35.042)	(136, 35.0785)	(137, 35.0726)	(138, 34.963)	(139, 34.96)	(140, 34.8771)	(141, 34.7571)	(142, 34.8649)	(143, 34.8963)	(144, 34.6965)	(145, 34.8311)	(146, 34.8703)	(147, 34.8073)	(148, 34.8535)	(149, 34.8385)	(150, 34.7478)
RNA-Seq_FZX_Fr_M2	(1, 36.008)	(2, 36.2989)	(3, 36.3017)	(4, 36.3113)	(5, 36.3309)	(6, 36.3027)	(7, 36.2534)	(8, 36.3598)	(9, 36.3243)	(10, 36.3126)	(11, 36.3506)	(12, 36.3289)	(13, 36.3097)	(14, 36.2721)	(15, 36.2851)	(16, 36.331)	(17, 36.3429)	(18, 36.2362)	(19, 36.2947)	(20, 36.3232)	(21, 36.2978)	(22, 36.3013)	(23, 36.2822)	(24, 36.2853)	(25, 36.2138)	(26, 36.2881)	(27, 36.2711)	(28, 36.2541)	(29, 36.276)	(30, 36.2475)	(31, 36.185)	(32, 36.1959)	(33, 36.1632)	(34, 36.1736)	(35, 36.1684)	(36, 36.1385)	(37, 36.1365)	(38, 36.1692)	(39, 36.1259)	(40, 36.0537)	(41, 36.1053)	(42, 36.1175)	(43, 36.0096)	(44, 36.1171)	(45, 36.1173)	(46, 36.133)	(47, 36.1352)	(48, 36.1111)	(49, 36.0974)	(50, 36.066)	(51, 36.0324)	(52, 36.0245)	(53, 36.0023)	(54, 35.9665)	(55, 35.9469)	(56, 35.9347)	(57, 35.9257)	(58, 35.9218)	(59, 35.9484)	(60, 35.9068)	(61, 35.9143)	(62, 35.934)	(63, 35.9243)	(64, 35.8822)	(65, 35.7368)	(66, 35.8416)	(67, 35.8418)	(68, 35.7603)	(69, 35.8438)	(70, 35.8098)	(71, 35.8404)	(72, 35.8105)	(73, 35.7956)	(74, 35.8009)	(75, 35.792)	(76, 35.7758)	(77, 35.7361)	(78, 35.7574)	(79, 35.7546)	(80, 35.7905)	(81, 35.8038)	(82, 35.7717)	(83, 35.7669)	(84, 35.7859)	(85, 35.7755)	(86, 35.7408)	(87, 35.782)	(88, 35.782)	(89, 35.7165)	(90, 35.5908)	(91, 35.6929)	(92, 35.742)	(93, 35.6853)	(94, 35.5471)	(95, 35.6947)	(96, 35.7409)	(97, 35.7366)	(98, 35.7291)	(99, 35.6764)	(100, 35.649)	(101, 35.6541)	(102, 35.6079)	(103, 35.6323)	(104, 35.606)	(105, 35.5881)	(106, 35.5301)	(107, 35.5117)	(108, 35.4951)	(109, 35.4363)	(110, 35.3562)	(111, 35.3541)	(112, 35.3068)	(113, 35.3462)	(114, 35.3023)	(115, 35.3043)	(116, 35.0848)	(117, 35.2415)	(118, 35.2842)	(119, 35.1749)	(120, 35.333)	(121, 35.3539)	(122, 35.2903)	(123, 35.3016)	(124, 35.3074)	(125, 35.2155)	(126, 35.1318)	(127, 35.1388)	(128, 35.1464)	(129, 35.038)	(130, 34.9165)	(131, 34.9965)	(132, 35.0428)	(133, 35.0139)	(134, 34.978)	(135, 34.9131)	(136, 34.9445)	(137, 34.9393)	(138, 34.8255)	(139, 34.8142)	(140, 34.73)	(141, 34.6029)	(142, 34.714)	(143, 34.7424)	(144, 34.5423)	(145, 34.6782)	(146, 34.7159)	(147, 34.6526)	(148, 34.7024)	(149, 34.6847)	(150, 34.5888)
RNA-Seq_FZX_Fr_M3	(1, 36.0445)	(2, 36.2354)	(3, 36.2672)	(4, 36.2965)	(5, 36.3416)	(6, 36.2914)	(7, 36.2256)	(8, 36.34)	(9, 36.2969)	(10, 36.2907)	(11, 36.3275)	(12, 36.303)	(13, 36.2839)	(14, 36.2393)	(15, 36.2577)	(16, 36.3062)	(17, 36.3171)	(18, 36.205)	(19, 36.2676)	(20, 36.2964)	(21, 36.2715)	(22, 36.2768)	(23, 36.2567)	(24, 36.2598)	(25, 36.1871)	(26, 36.2602)	(27, 36.2423)	(28, 36.2267)	(29, 36.2496)	(30, 36.2198)	(31, 36.1557)	(32, 36.1677)	(33, 36.1322)	(34, 36.1464)	(35, 36.1393)	(36, 36.109)	(37, 36.1081)	(38, 36.1427)	(39, 36.0992)	(40, 36.0233)	(41, 36.0764)	(42, 36.0902)	(43, 35.9755)	(44, 36.0918)	(45, 36.0879)	(46, 36.1052)	(47, 36.107)	(48, 36.0845)	(49, 36.0706)	(50, 36.0368)	(51, 36.0029)	(52, 35.9938)	(53, 35.9694)	(54, 35.9337)	(55, 35.9141)	(56, 35.9056)	(57, 35.8954)	(58, 35.8926)	(59, 35.9209)	(60, 35.8764)	(61, 35.8823)	(62, 35.903)	(63, 35.8927)	(64, 35.851)	(65, 35.7003)	(66, 35.8099)	(67, 35.8132)	(68, 35.7284)	(69, 35.8173)	(70, 35.7809)	(71, 35.8133)	(72, 35.7788)	(73, 35.7645)	(74, 35.7703)	(75, 35.7611)	(76, 35.7456)	(77, 35.7034)	(78, 35.7275)	(79, 35.7248)	(80, 35.7642)	(81, 35.776)	(82, 35.7429)	(83, 35.7368)	(84, 35.7559)	(85, 35.7479)	(86, 35.711)	(87, 35.7527)	(88, 35.7512)	(89, 35.6866)	(90, 35.5561)	(91, 35.6636)	(92, 35.7125)	(93, 35.6563)	(94, 35.5129)	(95, 35.6671)	(96, 35.7117)	(97, 35.7096)	(98, 35.7008)	(99, 35.6482)	(100, 35.62)	(101, 35.6268)	(102, 35.5802)	(103, 35.6048)	(104, 35.579)	(105, 35.5625)	(106, 35.4995)	(107, 35.4836)	(108, 35.469)	(109, 35.4108)	(110, 35.3279)	(111, 35.3284)	(112, 35.2798)	(113, 35.3193)	(114, 35.2742)	(115, 35.2808)	(116, 35.0524)	(117, 35.2143)	(118, 35.2619)	(119, 35.1443)	(120, 35.3107)	(121, 35.3341)	(122, 35.2682)	(123, 35.2751)	(124, 35.2845)	(125, 35.1864)	(126, 35.102)	(127, 35.1093)	(128, 35.1162)	(129, 35.0089)	(130, 34.8928)	(131, 34.9708)	(132, 35.0207)	(133, 34.9912)	(134, 34.9516)	(135, 34.8889)	(136, 34.9195)	(137, 34.9127)	(138, 34.7927)	(139, 34.7852)	(140, 34.6938)	(141, 34.567)	(142, 34.689)	(143, 34.7198)	(144, 34.5161)	(145, 34.6585)	(146, 34.6957)	(147, 34.6344)	(148, 34.6806)	(149, 34.6626)	(150, 34.5656)
RNA-Seq_FZX_Le_C1	(1, 36.179)	(2, 36.399)	(3, 36.4586)	(4, 36.4737)	(5, 36.466)	(6, 36.4608)	(7, 36.4528)	(8, 36.4922)	(9, 36.4964)	(10, 36.4857)	(11, 36.5015)	(12, 36.486)	(13, 36.5008)	(14, 36.4736)	(15, 36.469)	(16, 36.4654)	(17, 36.4624)	(18, 36.4589)	(19, 36.4544)	(20, 36.449)	(21, 36.4514)	(22, 36.4148)	(23, 36.3528)	(24, 36.391)	(25, 36.4308)	(26, 36.4045)	(27, 36.3843)	(28, 36.3983)	(29, 36.395)	(30, 36.3942)	(31, 36.3652)	(32, 36.372)	(33, 36.3451)	(34, 36.3187)	(35, 36.3374)	(36, 36.3144)	(37, 36.3338)	(38, 36.2824)	(39, 36.2714)	(40, 36.3026)	(41, 36.2558)	(42, 36.258)	(43, 36.2767)	(44, 36.2468)	(45, 36.2624)	(46, 36.2461)	(47, 36.2151)	(48, 36.2588)	(49, 36.2436)	(50, 36.2081)	(51, 36.2016)	(52, 36.1743)	(53, 36.2054)	(54, 36.1518)	(55, 36.1625)	(56, 36.1879)	(57, 36.1408)	(58, 36.1055)	(59, 36.1794)	(60, 36.1931)	(61, 36.1775)	(62, 36.1834)	(63, 36.2129)	(64, 36.1868)	(65, 36.1787)	(66, 36.1826)	(67, 36.1317)	(68, 36.1238)	(69, 36.1216)	(70, 36.1333)	(71, 36.107)	(72, 36.0358)	(73, 36.0172)	(74, 35.9079)	(75, 36.028)	(76, 36.0233)	(77, 36.028)	(78, 36.0341)	(79, 35.9767)	(80, 35.9975)	(81, 35.9615)	(82, 36.0077)	(83, 35.9901)	(84, 36.0318)	(85, 36.0309)	(86, 35.9224)	(87, 35.9956)	(88, 35.9525)	(89, 35.9605)	(90, 35.9043)	(91, 35.9236)	(92, 35.9611)	(93, 35.9533)	(94, 35.9874)	(95, 35.9548)	(96, 35.9225)	(97, 35.8437)	(98, 35.8495)	(99, 35.8023)	(100, 35.8729)	(101, 35.925)	(102, 35.8856)	(103, 35.8528)	(104, 35.8658)	(105, 35.8516)	(106, 35.8678)	(107, 35.8621)	(108, 35.8218)	(109, 35.8144)	(110, 35.7861)	(111, 35.7715)	(112, 35.7395)	(113, 35.7374)	(114, 35.7616)	(115, 35.7389)	(116, 35.7492)	(117, 35.7195)	(118, 35.7268)	(119, 35.6867)	(120, 35.7014)	(121, 35.6451)	(122, 35.5674)	(123, 35.4878)	(124, 35.5211)	(125, 35.6021)	(126, 35.6288)	(127, 35.5462)	(128, 35.5418)	(129, 35.6493)	(130, 35.632)	(131, 35.5862)	(132, 35.577)	(133, 35.5394)	(134, 35.5035)	(135, 35.5655)	(136, 35.6011)	(137, 35.4886)	(138, 35.4512)	(139, 35.4341)	(140, 35.5195)	(141, 35.4958)	(142, 35.4341)	(143, 35.4352)	(144, 35.3239)	(145, 35.2862)	(146, 35.3256)	(147, 35.1983)	(148, 35.0729)	(149, 35.0675)	(150, 35.1747)
RNA-Seq_FZX_Le_C2	(1, 36.1783)	(2, 36.4523)	(3, 36.5185)	(4, 36.5282)	(5, 36.5363)	(6, 36.5268)	(7, 36.5152)	(8, 36.5452)	(9, 36.5513)	(10, 36.5413)	(11, 36.5548)	(12, 36.545)	(13, 36.5545)	(14, 36.5289)	(15, 36.5204)	(16, 36.5215)	(17, 36.5172)	(18, 36.5096)	(19, 36.5074)	(20, 36.504)	(21, 36.5067)	(22, 36.4697)	(23, 36.4113)	(24, 36.4507)	(25, 36.4905)	(26, 36.4647)	(27, 36.4459)	(28, 36.4606)	(29, 36.4596)	(30, 36.4512)	(31, 36.4216)	(32, 36.4308)	(33, 36.4084)	(34, 36.3817)	(35, 36.3928)	(36, 36.374)	(37, 36.3933)	(38, 36.3453)	(39, 36.3393)	(40, 36.3707)	(41, 36.3163)	(42, 36.3198)	(43, 36.3356)	(44, 36.3079)	(45, 36.329)	(46, 36.3121)	(47, 36.2842)	(48, 36.3222)	(49, 36.3061)	(50, 36.2762)	(51, 36.2681)	(52, 36.2409)	(53, 36.271)	(54, 36.2203)	(55, 36.2329)	(56, 36.2595)	(57, 36.2112)	(58, 36.1722)	(59, 36.2474)	(60, 36.2618)	(61, 36.25)	(62, 36.2474)	(63, 36.2734)	(64, 36.2482)	(65, 36.2435)	(66, 36.2474)	(67, 36.204)	(68, 36.193)	(69, 36.1969)	(70, 36.2002)	(71, 36.1763)	(72, 36.1023)	(73, 36.0829)	(74, 35.976)	(75, 36.0955)	(76, 36.0993)	(77, 36.098)	(78, 36.0987)	(79, 36.05)	(80, 36.062)	(81, 36.0303)	(82, 36.0685)	(83, 36.0529)	(84, 36.0984)	(85, 36.0919)	(86, 35.9929)	(87, 36.0613)	(88, 36.0101)	(89, 36.0134)	(90, 35.9583)	(91, 35.9864)	(92, 36.0255)	(93, 36.0176)	(94, 36.053)	(95, 36.0101)	(96, 35.9665)	(97, 35.9081)	(98, 35.9061)	(99, 35.8529)	(100, 35.931)	(101, 35.981)	(102, 35.9357)	(103, 35.9098)	(104, 35.9209)	(105, 35.9099)	(106, 35.928)	(107, 35.9238)	(108, 35.8787)	(109, 35.8636)	(110, 35.8316)	(111, 35.8136)	(112, 35.7931)	(113, 35.7791)	(114, 35.8109)	(115, 35.7898)	(116, 35.8028)	(117, 35.7676)	(118, 35.7678)	(119, 35.7389)	(120, 35.7411)	(121, 35.6759)	(122, 35.6085)	(123, 35.5164)	(124, 35.5457)	(125, 35.6256)	(126, 35.6787)	(127, 35.5903)	(128, 35.5934)	(129, 35.6952)	(130, 35.6674)	(131, 35.6214)	(132, 35.6007)	(133, 35.5628)	(134, 35.5365)	(135, 35.5997)	(136, 35.6236)	(137, 35.5355)	(138, 35.5008)	(139, 35.4744)	(140, 35.5371)	(141, 35.5001)	(142, 35.4296)	(143, 35.4393)	(144, 35.2977)	(145, 35.2707)	(146, 35.3109)	(147, 35.1872)	(148, 35.0549)	(149, 35.0594)	(150, 35.1371)
RNA-Seq_FZX_Le_C3	(1, 36.1873)	(2, 36.4206)	(3, 36.4434)	(4, 36.4323)	(5, 36.4448)	(6, 36.4277)	(7, 36.3804)	(8, 36.473)	(9, 36.4421)	(10, 36.4259)	(11, 36.455)	(12, 36.4349)	(13, 36.4246)	(14, 36.3925)	(15, 36.397)	(16, 36.4376)	(17, 36.4429)	(18, 36.3542)	(19, 36.405)	(20, 36.4291)	(21, 36.4139)	(22, 36.4099)	(23, 36.3965)	(24, 36.3999)	(25, 36.336)	(26, 36.4012)	(27, 36.3822)	(28, 36.3669)	(29, 36.3815)	(30, 36.3595)	(31, 36.3017)	(32, 36.3175)	(33, 36.2793)	(34, 36.2861)	(35, 36.2886)	(36, 36.2605)	(37, 36.2548)	(38, 36.3003)	(39, 36.2615)	(40, 36.1907)	(41, 36.2427)	(42, 36.2457)	(43, 36.1502)	(44, 36.2458)	(45, 36.2503)	(46, 36.2577)	(47, 36.2581)	(48, 36.2447)	(49, 36.2445)	(50, 36.2115)	(51, 36.1748)	(52, 36.1712)	(53, 36.1484)	(54, 36.112)	(55, 36.0965)	(56, 36.0928)	(57, 36.0888)	(58, 36.0828)	(59, 36.11)	(60, 36.0851)	(61, 36.0793)	(62, 36.0977)	(63, 36.107)	(64, 36.0622)	(65, 35.9326)	(66, 36.0251)	(67, 36.0284)	(68, 35.9628)	(69, 36.0347)	(70, 36.0187)	(71, 36.0296)	(72, 36.0084)	(73, 36.0067)	(74, 35.995)	(75, 36.0058)	(76, 35.9779)	(77, 35.9388)	(78, 35.9671)	(79, 35.9592)	(80, 35.9949)	(81, 35.9949)	(82, 35.9732)	(83, 35.965)	(84, 35.9776)	(85, 35.9788)	(86, 35.9434)	(87, 35.9779)	(88, 35.961)	(89, 35.9087)	(90, 35.7984)	(91, 35.8959)	(92, 35.9509)	(93, 35.8889)	(94, 35.7681)	(95, 35.8916)	(96, 35.9438)	(97, 35.9427)	(98, 35.9312)	(99, 35.8912)	(100, 35.871)	(101, 35.8608)	(102, 35.8247)	(103, 35.8651)	(104, 35.8353)	(105, 35.809)	(106, 35.7642)	(107, 35.7506)	(108, 35.721)	(109, 35.6584)	(110, 35.5786)	(111, 35.5919)	(112, 35.5485)	(113, 35.5776)	(114, 35.5291)	(115, 35.5361)	(116, 35.3308)	(117, 35.4749)	(118, 35.5074)	(119, 35.4218)	(120, 35.5774)	(121, 35.5903)	(122, 35.5456)	(123, 35.571)	(124, 35.5917)	(125, 35.482)	(126, 35.4332)	(127, 35.4402)	(128, 35.4315)	(129, 35.3346)	(130, 35.2209)	(131, 35.2762)	(132, 35.319)	(133, 35.2847)	(134, 35.2613)	(135, 35.1922)	(136, 35.2281)	(137, 35.2262)	(138, 35.155)	(139, 35.1139)	(140, 35.0544)	(141, 34.9319)	(142, 35.0174)	(143, 35.0364)	(144, 34.8433)	(145, 34.9834)	(146, 35.0055)	(147, 34.9581)	(148, 35.0073)	(149, 35.0102)	(150, 34.9094)
RNA-Seq_FZX_Le_M1	(1, 36.2304)	(2, 36.3512)	(3, 36.4426)	(4, 36.4854)	(5, 36.4887)	(6, 36.4746)	(7, 36.4735)	(8, 36.5206)	(9, 36.5268)	(10, 36.5155)	(11, 36.5348)	(12, 36.5258)	(13, 36.5352)	(14, 36.5087)	(15, 36.5032)	(16, 36.5057)	(17, 36.5033)	(18, 36.4989)	(19, 36.4972)	(20, 36.4923)	(21, 36.4977)	(22, 36.4584)	(23, 36.3983)	(24, 36.444)	(25, 36.4813)	(26, 36.454)	(27, 36.4362)	(28, 36.4541)	(29, 36.4577)	(30, 36.4446)	(31, 36.4164)	(32, 36.428)	(33, 36.404)	(34, 36.3747)	(35, 36.3896)	(36, 36.3695)	(37, 36.3914)	(38, 36.3415)	(39, 36.3333)	(40, 36.3652)	(41, 36.3044)	(42, 36.3111)	(43, 36.3293)	(44, 36.3051)	(45, 36.3249)	(46, 36.3084)	(47, 36.2798)	(48, 36.3177)	(49, 36.3052)	(50, 36.2701)	(51, 36.2637)	(52, 36.2367)	(53, 36.269)	(54, 36.2158)	(55, 36.2325)	(56, 36.26)	(57, 36.2089)	(58, 36.1661)	(59, 36.2471)	(60, 36.2622)	(61, 36.2488)	(62, 36.249)	(63, 36.2746)	(64, 36.2488)	(65, 36.2451)	(66, 36.2485)	(67, 36.2066)	(68, 36.1961)	(69, 36.2015)	(70, 36.2066)	(71, 36.1792)	(72, 36.1063)	(73, 36.0787)	(74, 35.9769)	(75, 36.0987)	(76, 36.0926)	(77, 36.1075)	(78, 36.1023)	(79, 36.053)	(80, 36.0645)	(81, 36.031)	(82, 36.0746)	(83, 36.0565)	(84, 36.103)	(85, 36.0958)	(86, 36.0005)	(87, 36.0586)	(88, 36.0094)	(89, 36.0155)	(90, 35.963)	(91, 35.9914)	(92, 36.0317)	(93, 36.021)	(94, 36.0592)	(95, 36.0172)	(96, 35.9683)	(97, 35.9194)	(98, 35.9066)	(99, 35.8578)	(100, 35.935)	(101, 35.9915)	(102, 35.9484)	(103, 35.9204)	(104, 35.9282)	(105, 35.9184)	(106, 35.9414)	(107, 35.9374)	(108, 35.8903)	(109, 35.8727)	(110, 35.8417)	(111, 35.8175)	(112, 35.7963)	(113, 35.7837)	(114, 35.8127)	(115, 35.8051)	(116, 35.8167)	(117, 35.7904)	(118, 35.7767)	(119, 35.7544)	(120, 35.7525)	(121, 35.6951)	(122, 35.6262)	(123, 35.5336)	(124, 35.5621)	(125, 35.6424)	(126, 35.6947)	(127, 35.6089)	(128, 35.6148)	(129, 35.707)	(130, 35.6869)	(131, 35.6401)	(132, 35.6183)	(133, 35.5824)	(134, 35.5461)	(135, 35.614)	(136, 35.6318)	(137, 35.5517)	(138, 35.5102)	(139, 35.497)	(140, 35.555)	(141, 35.5192)	(142, 35.4448)	(143, 35.4517)	(144, 35.3121)	(145, 35.2884)	(146, 35.3231)	(147, 35.2008)	(148, 35.0682)	(149, 35.0685)	(150, 35.1511)
RNA-Seq_FZX_Le_M2	(1, 36.0975)	(2, 36.3581)	(3, 36.4283)	(4, 36.4295)	(5, 36.4492)	(6, 36.4339)	(7, 36.4139)	(8, 36.4647)	(9, 36.4742)	(10, 36.4582)	(11, 36.4715)	(12, 36.4579)	(13, 36.4674)	(14, 36.4388)	(15, 36.4332)	(16, 36.4361)	(17, 36.433)	(18, 36.4222)	(19, 36.4188)	(20, 36.4148)	(21, 36.4207)	(22, 36.3773)	(23, 36.3098)	(24, 36.3615)	(25, 36.4033)	(26, 36.3749)	(27, 36.3572)	(28, 36.3709)	(29, 36.3753)	(30, 36.365)	(31, 36.3336)	(32, 36.3479)	(33, 36.3197)	(34, 36.2872)	(35, 36.2991)	(36, 36.2812)	(37, 36.305)	(38, 36.2502)	(39, 36.2411)	(40, 36.2742)	(41, 36.2119)	(42, 36.2161)	(43, 36.235)	(44, 36.2079)	(45, 36.2294)	(46, 36.2148)	(47, 36.1818)	(48, 36.2239)	(49, 36.2056)	(50, 36.1707)	(51, 36.1695)	(52, 36.1373)	(53, 36.1718)	(54, 36.1177)	(55, 36.1342)	(56, 36.16)	(57, 36.1019)	(58, 36.0581)	(59, 36.1432)	(60, 36.1588)	(61, 36.1463)	(62, 36.1421)	(63, 36.171)	(64, 36.1417)	(65, 36.1351)	(66, 36.1422)	(67, 36.0908)	(68, 36.0801)	(69, 36.0839)	(70, 36.0879)	(71, 36.0645)	(72, 35.9784)	(73, 35.9497)	(74, 35.834)	(75, 35.9759)	(76, 35.9709)	(77, 35.9839)	(78, 35.9836)	(79, 35.9248)	(80, 35.941)	(81, 35.9052)	(82, 35.9495)	(83, 35.9318)	(84, 35.9846)	(85, 35.9703)	(86, 35.8688)	(87, 35.9364)	(88, 35.8807)	(89, 35.8847)	(90, 35.8301)	(91, 35.8563)	(92, 35.8963)	(93, 35.891)	(94, 35.9302)	(95, 35.8849)	(96, 35.8312)	(97, 35.7716)	(98, 35.7595)	(99, 35.7067)	(100, 35.7945)	(101, 35.8548)	(102, 35.8009)	(103, 35.7699)	(104, 35.7786)	(105, 35.7688)	(106, 35.791)	(107, 35.7849)	(108, 35.7371)	(109, 35.7208)	(110, 35.6846)	(111, 35.6594)	(112, 35.6348)	(113, 35.6232)	(114, 35.6566)	(115, 35.6386)	(116, 35.6562)	(117, 35.6272)	(118, 35.6123)	(119, 35.5844)	(120, 35.5897)	(121, 35.5224)	(122, 35.4421)	(123, 35.34)	(124, 35.3736)	(125, 35.462)	(126, 35.5164)	(127, 35.4247)	(128, 35.4339)	(129, 35.5334)	(130, 35.5089)	(131, 35.4603)	(132, 35.4416)	(133, 35.4032)	(134, 35.3626)	(135, 35.4313)	(136, 35.4529)	(137, 35.3651)	(138, 35.3189)	(139, 35.3007)	(140, 35.3672)	(141, 35.3282)	(142, 35.2508)	(143, 35.2581)	(144, 35.1051)	(145, 35.0782)	(146, 35.1181)	(147, 34.9847)	(148, 34.8391)	(149, 34.8365)	(150, 34.9338)
RNA-Seq_FZX_Le_M3	(1, 36.0887)	(2, 36.3059)	(3, 36.4156)	(4, 36.4181)	(5, 36.3922)	(6, 36.4045)	(7, 36.4007)	(8, 36.4419)	(9, 36.4553)	(10, 36.4416)	(11, 36.4614)	(12, 36.4467)	(13, 36.4583)	(14, 36.43)	(15, 36.4225)	(16, 36.4275)	(17, 36.4245)	(18, 36.4126)	(19, 36.4084)	(20, 36.4059)	(21, 36.4097)	(22, 36.3673)	(23, 36.2996)	(24, 36.352)	(25, 36.3931)	(26, 36.3661)	(27, 36.3483)	(28, 36.3608)	(29, 36.3678)	(30, 36.3562)	(31, 36.3251)	(32, 36.3396)	(33, 36.3108)	(34, 36.2807)	(35, 36.2915)	(36, 36.272)	(37, 36.2944)	(38, 36.2394)	(39, 36.2333)	(40, 36.2698)	(41, 36.207)	(42, 36.2121)	(43, 36.2313)	(44, 36.2037)	(45, 36.2243)	(46, 36.208)	(47, 36.1766)	(48, 36.217)	(49, 36.1988)	(50, 36.1659)	(51, 36.1627)	(52, 36.1314)	(53, 36.1642)	(54, 36.1098)	(55, 36.1251)	(56, 36.1492)	(57, 36.0946)	(58, 36.049)	(59, 36.1374)	(60, 36.1528)	(61, 36.1387)	(62, 36.1408)	(63, 36.167)	(64, 36.1375)	(65, 36.1321)	(66, 36.1385)	(67, 36.0866)	(68, 36.0761)	(69, 36.0832)	(70, 36.0877)	(71, 36.0648)	(72, 35.9826)	(73, 35.9509)	(74, 35.8418)	(75, 35.9717)	(76, 35.9755)	(77, 35.984)	(78, 35.9784)	(79, 35.9246)	(80, 35.9393)	(81, 35.9059)	(82, 35.9486)	(83, 35.9343)	(84, 35.988)	(85, 35.9732)	(86, 35.8704)	(87, 35.9347)	(88, 35.8835)	(89, 35.8815)	(90, 35.8265)	(91, 35.8562)	(92, 35.897)	(93, 35.8946)	(94, 35.9287)	(95, 35.8878)	(96, 35.8344)	(97, 35.7746)	(98, 35.7659)	(99, 35.7077)	(100, 35.7931)	(101, 35.8544)	(102, 35.8034)	(103, 35.7751)	(104, 35.7841)	(105, 35.7783)	(106, 35.7968)	(107, 35.7912)	(108, 35.7425)	(109, 35.7259)	(110, 35.6941)	(111, 35.6656)	(112, 35.6435)	(113, 35.6318)	(114, 35.6691)	(115, 35.6528)	(116, 35.6659)	(117, 35.6354)	(118, 35.6275)	(119, 35.5979)	(120, 35.5959)	(121, 35.5307)	(122, 35.454)	(123, 35.354)	(124, 35.3866)	(125, 35.478)	(126, 35.5326)	(127, 35.44)	(128, 35.4463)	(129, 35.5476)	(130, 35.5213)	(131, 35.4725)	(132, 35.453)	(133, 35.4156)	(134, 35.3783)	(135, 35.4465)	(136, 35.4692)	(137, 35.3841)	(138, 35.3397)	(139, 35.3184)	(140, 35.3804)	(141, 35.3447)	(142, 35.2654)	(143, 35.2765)	(144, 35.1248)	(145, 35.098)	(146, 35.1344)	(147, 35.0043)	(148, 34.8615)	(149, 34.8621)	(150, 34.9562)
