Sample	0	1	2	3	4	5	6	7	8	9	10	11	12	13	14	15	16	17	18	19	20	21	22	23	24	25	26	27	28	29	30	31	32	33	34	35	36	37	38	39	40	41	42	43	44	45	46	47	48	49	50	51	52	53	54	55	56	57	58	59	60	61	62	63	64	65	66	67	68	69	70	71	72	73	74	75	76	77	78	79	80	81	82	83	84	85	86	87	88	89	90	91	92	93	94	95	96	97	98	99	100	101	102	103	104	105	106	107	108	109	110	111	112	113	114	115	116	117	118	119	120	121	122	123	124	125	126	127	128	129	130	131	132	133	134	135	136	137	138	139	140	141	142	143	144	145	146	147	148	149
RNA-Seq_FZX_Fr_C1	(1, 65.1801)	(2, 44.1392)	(3, 44.1032)	(4, 49.4589)	(5, 45.4029)	(6, 43.3325)	(7, 42.600300000000004)	(8, 48.6106)	(9, 47.8871)	(10, 43.6709)	(11, 51.2703)	(12, 50.21679999999999)	(13, 46.6614)	(14, 46.6293)	(15, 46.9823)	(16, 47.7713)	(17, 47.7316)	(18, 46.6956)	(19, 47.4935)	(20, 47.4426)	(21, 46.435700000000004)	(22, 47.9531)	(23, 47.604800000000004)	(24, 47.0689)	(25, 47.4703)	(26, 46.8965)	(27, 46.8155)	(28, 47.2329)	(29, 46.9396)	(30, 46.549099999999996)	(31, 47.3034)	(32, 47.025)	(33, 46.799400000000006)	(34, 47.010000000000005)	(35, 47.1918)	(36, 46.7768)	(37, 47.206199999999995)	(38, 47.2487)	(39, 46.606700000000004)	(40, 47.363499999999995)	(41, 46.9519)	(42, 46.3255)	(43, 46.976099999999995)	(44, 47.0282)	(45, 46.4442)	(46, 47.2121)	(47, 46.7693)	(48, 46.387299999999996)	(49, 46.8979)	(50, 46.6565)	(51, 46.906)	(52, 47.4593)	(53, 46.9824)	(54, 46.6423)	(55, 46.9108)	(56, 46.748)	(57, 46.6128)	(58, 47.3472)	(59, 47.1616)	(60, 46.625499999999995)	(61, 47.4487)	(62, 47.2711)	(63, 46.5415)	(64, 46.9944)	(65, 47.199000000000005)	(66, 46.861599999999996)	(67, 47.3041)	(68, 46.9194)	(69, 46.461999999999996)	(70, 46.9118)	(71, 46.7648)	(72, 46.1608)	(73, 47.1681)	(74, 46.9659)	(75, 46.3711)	(76, 46.9609)	(77, 46.9971)	(78, 46.4869)	(79, 47.3018)	(80, 46.7701)	(81, 46.4692)	(82, 47.3776)	(83, 46.5573)	(84, 46.2877)	(85, 47.0801)	(86, 46.517199999999995)	(87, 46.178200000000004)	(88, 46.8463)	(89, 46.9659)	(90, 46.3723)	(91, 46.7212)	(92, 46.578900000000004)	(93, 46.4399)	(94, 47.2772)	(95, 46.2209)	(96, 46.1599)	(97, 46.888600000000004)	(98, 46.2106)	(99, 46.3118)	(100, 46.131499999999996)	(101, 46.759499999999996)	(102, 46.5537)	(103, 46.424)	(104, 46.7301)	(105, 46.379)	(106, 46.5651)	(107, 46.399499999999996)	(108, 46.3619)	(109, 46.7828)	(110, 46.6509)	(111, 46.0032)	(112, 46.518100000000004)	(113, 46.6563)	(114, 45.8655)	(115, 46.239999999999995)	(116, 46.6217)	(117, 46.3021)	(118, 46.2985)	(119, 46.6134)	(120, 46.5737)	(121, 46.7671)	(122, 46.7292)	(123, 46.1719)	(124, 46.867)	(125, 46.8279)	(126, 45.8784)	(127, 46.7565)	(128, 47.0742)	(129, 46.327200000000005)	(130, 46.5563)	(131, 46.4452)	(132, 46.2533)	(133, 46.879599999999996)	(134, 46.3331)	(135, 46.1322)	(136, 46.456199999999995)	(137, 46.5856)	(138, 45.9329)	(139, 46.2831)	(140, 46.3185)	(141, 45.8215)	(142, 46.448499999999996)	(143, 46.2784)	(144, 45.937)	(145, 46.3802)	(146, 46.3295)	(147, 46.0319)	(148, 46.7483)	(149, 46.3183)	(150, 45.8835)
RNA-Seq_FZX_Fr_C2	(1, 65.196)	(2, 44.5628)	(3, 44.0259)	(4, 49.6959)	(5, 45.475500000000004)	(6, 43.5986)	(7, 42.6434)	(8, 48.4903)	(9, 47.9253)	(10, 43.7158)	(11, 51.224199999999996)	(12, 50.267799999999994)	(13, 46.7562)	(14, 46.7434)	(15, 47.089)	(16, 47.8397)	(17, 47.7479)	(18, 46.7424)	(19, 47.5113)	(20, 47.459)	(21, 46.5806)	(22, 47.9459)	(23, 47.5933)	(24, 47.1554)	(25, 47.489)	(26, 46.986)	(27, 46.846900000000005)	(28, 47.3125)	(29, 47.0459)	(30, 46.555600000000005)	(31, 47.3356)	(32, 47.016400000000004)	(33, 46.807500000000005)	(34, 47.0964)	(35, 47.1571)	(36, 46.7805)	(37, 47.1873)	(38, 47.236)	(39, 46.6689)	(40, 47.375299999999996)	(41, 46.9936)	(42, 46.393499999999996)	(43, 46.9812)	(44, 46.9883)	(45, 46.4903)	(46, 47.269)	(47, 46.8155)	(48, 46.384)	(49, 46.8924)	(50, 46.7363)	(51, 46.888400000000004)	(52, 47.3854)	(53, 46.9786)	(54, 46.6644)	(55, 46.9996)	(56, 46.7647)	(57, 46.598099999999995)	(58, 47.3288)	(59, 47.0966)	(60, 46.6188)	(61, 47.4378)	(62, 47.2578)	(63, 46.5829)	(64, 47.0503)	(65, 47.2164)	(66, 46.855999999999995)	(67, 47.2461)	(68, 46.9135)	(69, 46.5228)	(70, 46.9302)	(71, 46.772000000000006)	(72, 46.201)	(73, 47.1307)	(74, 46.9839)	(75, 46.4166)	(76, 46.965)	(77, 46.9489)	(78, 46.5185)	(79, 47.305)	(80, 46.7898)	(81, 46.508)	(82, 47.3998)	(83, 46.5843)	(84, 46.338)	(85, 47.0779)	(86, 46.564499999999995)	(87, 46.2354)	(88, 46.9192)	(89, 46.9342)	(90, 46.415800000000004)	(91, 46.733999999999995)	(92, 46.6576)	(93, 46.4632)	(94, 47.3072)	(95, 46.3083)	(96, 46.206)	(97, 46.8949)	(98, 46.295199999999994)	(99, 46.3451)	(100, 46.2346)	(101, 46.7032)	(102, 46.5516)	(103, 46.5293)	(104, 46.716499999999996)	(105, 46.4064)	(106, 46.6256)	(107, 46.4673)	(108, 46.3335)	(109, 46.8223)	(110, 46.6815)	(111, 46.029599999999995)	(112, 46.5459)	(113, 46.6919)	(114, 45.895799999999994)	(115, 46.3631)	(116, 46.590399999999995)	(117, 46.2768)	(118, 46.373)	(119, 46.578599999999994)	(120, 46.5493)	(121, 46.7577)	(122, 46.6826)	(123, 46.2589)	(124, 46.827000000000005)	(125, 46.833000000000006)	(126, 45.9082)	(127, 46.746300000000005)	(128, 47.0133)	(129, 46.3638)	(130, 46.5867)	(131, 46.5253)	(132, 46.3258)	(133, 46.9032)	(134, 46.4088)	(135, 46.1465)	(136, 46.5043)	(137, 46.6765)	(138, 45.9815)	(139, 46.3641)	(140, 46.3468)	(141, 45.8972)	(142, 46.4861)	(143, 46.2848)	(144, 46.013799999999996)	(145, 46.429500000000004)	(146, 46.3624)	(147, 46.0122)	(148, 46.7906)	(149, 46.3706)	(150, 45.891999999999996)
RNA-Seq_FZX_Fr_C3	(1, 65.1306)	(2, 44.0433)	(3, 43.9851)	(4, 49.3077)	(5, 45.3713)	(6, 43.125099999999996)	(7, 42.4071)	(8, 48.5259)	(9, 47.8026)	(10, 43.4876)	(11, 51.17620000000001)	(12, 50.0273)	(13, 46.4895)	(14, 46.4387)	(15, 46.7903)	(16, 47.5526)	(17, 47.4698)	(18, 46.441900000000004)	(19, 47.2134)	(20, 47.2499)	(21, 46.293099999999995)	(22, 47.7245)	(23, 47.3771)	(24, 46.8668)	(25, 47.242200000000004)	(26, 46.6626)	(27, 46.6087)	(28, 47.0248)	(29, 46.7272)	(30, 46.3103)	(31, 47.1355)	(32, 46.8067)	(33, 46.5474)	(34, 46.7981)	(35, 46.901900000000005)	(36, 46.4934)	(37, 46.9242)	(38, 46.9744)	(39, 46.3774)	(40, 47.0758)	(41, 46.6535)	(42, 46.106)	(43, 46.726)	(44, 46.773900000000005)	(45, 46.2533)	(46, 46.9694)	(47, 46.4954)	(48, 46.1241)	(49, 46.6469)	(50, 46.405499999999996)	(51, 46.6135)	(52, 47.1152)	(53, 46.7331)	(54, 46.4065)	(55, 46.663199999999996)	(56, 46.473)	(57, 46.3239)	(58, 47.0801)	(59, 46.8155)	(60, 46.3521)	(61, 47.0996)	(62, 46.945)	(63, 46.265299999999996)	(64, 46.7433)	(65, 46.8981)	(66, 46.574799999999996)	(67, 46.9853)	(68, 46.6419)	(69, 46.1826)	(70, 46.6702)	(71, 46.4462)	(72, 45.927099999999996)	(73, 46.8629)	(74, 46.712199999999996)	(75, 46.1302)	(76, 46.6552)	(77, 46.704)	(78, 46.1876)	(79, 46.952)	(80, 46.4546)	(81, 46.2301)	(82, 47.0574)	(83, 46.2509)	(84, 46.0081)	(85, 46.7875)	(86, 46.2174)	(87, 45.844699999999996)	(88, 46.5314)	(89, 46.633)	(90, 46.0856)	(91, 46.3869)	(92, 46.2713)	(93, 46.1533)	(94, 46.9259)	(95, 45.966499999999996)	(96, 45.8713)	(97, 46.58)	(98, 45.948899999999995)	(99, 46.0398)	(100, 45.8953)	(101, 46.4289)	(102, 46.2217)	(103, 46.1294)	(104, 46.3825)	(105, 46.0796)	(106, 46.2533)	(107, 46.106700000000004)	(108, 46.0453)	(109, 46.4647)	(110, 46.3741)	(111, 45.7094)	(112, 46.2176)	(113, 46.367999999999995)	(114, 45.608599999999996)	(115, 45.9731)	(116, 46.3299)	(117, 45.995599999999996)	(118, 46.0643)	(119, 46.332699999999996)	(120, 46.2999)	(121, 46.4606)	(122, 46.4824)	(123, 45.8685)	(124, 46.564699999999995)	(125, 46.4926)	(126, 45.6541)	(127, 46.4405)	(128, 46.7017)	(129, 46.022400000000005)	(130, 46.277)	(131, 46.174)	(132, 45.945)	(133, 46.6055)	(134, 46.1066)	(135, 45.8222)	(136, 46.2419)	(137, 46.333)	(138, 45.673)	(139, 46.045)	(140, 46.0507)	(141, 45.5998)	(142, 46.1479)	(143, 46.0546)	(144, 45.6865)	(145, 46.1905)	(146, 46.0905)	(147, 45.7988)	(148, 46.4591)	(149, 46.0148)	(150, 45.6519)
RNA-Seq_FZX_Fr_M1	(1, 65.0406)	(2, 43.7459)	(3, 43.7679)	(4, 49.2777)	(5, 45.184400000000004)	(6, 43.238)	(7, 42.1211)	(8, 48.5224)	(9, 48.0793)	(10, 43.345099999999995)	(11, 51.2854)	(12, 50.2152)	(13, 46.6246)	(14, 46.5607)	(15, 46.9354)	(16, 47.755700000000004)	(17, 47.7466)	(18, 46.664)	(19, 47.503299999999996)	(20, 47.4244)	(21, 46.4869)	(22, 47.8175)	(23, 47.6738)	(24, 47.1627)	(25, 47.3538)	(26, 46.7646)	(27, 46.9082)	(28, 47.1736)	(29, 46.8905)	(30, 46.5893)	(31, 47.313)	(32, 46.9707)	(33, 46.8422)	(34, 47.0063)	(35, 47.1952)	(36, 46.7941)	(37, 47.2076)	(38, 47.267700000000005)	(39, 46.7546)	(40, 47.421)	(41, 46.9047)	(42, 46.3651)	(43, 46.9814)	(44, 47.097899999999996)	(45, 46.4123)	(46, 47.2462)	(47, 46.705000000000005)	(48, 46.3194)	(49, 46.866400000000006)	(50, 46.6434)	(51, 47.055)	(52, 47.443200000000004)	(53, 47.0199)	(54, 46.8387)	(55, 46.9407)	(56, 46.653800000000004)	(57, 46.6402)	(58, 47.3271)	(59, 47.253)	(60, 46.778999999999996)	(61, 47.4261)	(62, 47.3602)	(63, 46.578)	(64, 46.9804)	(65, 47.2209)	(66, 46.867999999999995)	(67, 47.3605)	(68, 46.8303)	(69, 46.5135)	(70, 47.0345)	(71, 46.7104)	(72, 46.1167)	(73, 47.187200000000004)	(74, 47.088499999999996)	(75, 46.460499999999996)	(76, 46.915)	(77, 46.992)	(78, 46.4584)	(79, 47.225699999999996)	(80, 46.6165)	(81, 46.4251)	(82, 47.214299999999994)	(83, 46.319900000000004)	(84, 46.106700000000004)	(85, 46.9181)	(86, 46.327)	(87, 46.065)	(88, 46.6193)	(89, 46.8581)	(90, 46.3306)	(91, 46.603899999999996)	(92, 46.342)	(93, 46.43)	(94, 47.2215)	(95, 45.9677)	(96, 46.0332)	(97, 46.7684)	(98, 46.045199999999994)	(99, 46.218199999999996)	(100, 45.867599999999996)	(101, 46.6388)	(102, 46.5296)	(103, 46.1549)	(104, 46.6018)	(105, 46.4005)	(106, 46.3862)	(107, 46.2565)	(108, 46.3376)	(109, 46.6943)	(110, 46.6102)	(111, 45.853699999999996)	(112, 46.2956)	(113, 46.6078)	(114, 45.828799999999994)	(115, 46.0285)	(116, 46.5272)	(117, 46.2241)	(118, 46.118500000000004)	(119, 46.4411)	(120, 46.5362)	(121, 46.715)	(122, 46.6565)	(123, 46.102199999999996)	(124, 46.6602)	(125, 46.8524)	(126, 45.8157)	(127, 46.7001)	(128, 47.0319)	(129, 46.2784)	(130, 46.3641)	(131, 46.2472)	(132, 46.057500000000005)	(133, 46.5434)	(134, 45.8929)	(135, 45.8561)	(136, 46.1026)	(137, 46.3418)	(138, 45.7753)	(139, 46.053)	(140, 46.1393)	(141, 45.5728)	(142, 46.2087)	(143, 45.9786)	(144, 45.7057)	(145, 46.019)	(146, 45.9877)	(147, 45.6409)	(148, 46.2629)	(149, 45.905)	(150, 45.441700000000004)
RNA-Seq_FZX_Fr_M2	(1, 64.6223)	(2, 43.3274)	(3, 43.3222)	(4, 48.8066)	(5, 44.954899999999995)	(6, 42.876799999999996)	(7, 41.9689)	(8, 48.2284)	(9, 47.4928)	(10, 43.1162)	(11, 50.94689999999999)	(12, 49.6378)	(13, 46.1608)	(14, 46.1011)	(15, 46.4126)	(16, 47.1624)	(17, 47.1335)	(18, 46.1589)	(19, 46.9062)	(20, 46.814099999999996)	(21, 45.9525)	(22, 47.3455)	(23, 46.9996)	(24, 46.5082)	(25, 46.8125)	(26, 46.3023)	(27, 46.2804)	(28, 46.6673)	(29, 46.5028)	(30, 45.9928)	(31, 46.7244)	(32, 46.5636)	(33, 46.2889)	(34, 46.5074)	(35, 46.6219)	(36, 46.1847)	(37, 46.645199999999996)	(38, 46.5957)	(39, 46.0281)	(40, 46.828199999999995)	(41, 46.3415)	(42, 45.7649)	(43, 46.3846)	(44, 46.437)	(45, 45.914899999999996)	(46, 46.748)	(47, 46.1901)	(48, 45.7773)	(49, 46.394200000000005)	(50, 46.1909)	(51, 46.4576)	(52, 46.9522)	(53, 46.6331)	(54, 46.2394)	(55, 46.403800000000004)	(56, 46.2367)	(57, 46.1777)	(58, 46.808899999999994)	(59, 46.6822)	(60, 46.1991)	(61, 46.9212)	(62, 46.8083)	(63, 45.9878)	(64, 46.4932)	(65, 46.6767)	(66, 46.2356)	(67, 46.780300000000004)	(68, 46.3919)	(69, 46.047700000000006)	(70, 46.4454)	(71, 46.2496)	(72, 45.663199999999996)	(73, 46.6764)	(74, 46.5218)	(75, 45.9039)	(76, 46.4266)	(77, 46.4731)	(78, 45.868900000000004)	(79, 46.6946)	(80, 46.1773)	(81, 45.915800000000004)	(82, 46.7389)	(83, 46.0023)	(84, 45.7755)	(85, 46.503699999999995)	(86, 46.009899999999995)	(87, 45.6939)	(88, 46.3358)	(89, 46.4519)	(90, 45.8866)	(91, 46.2409)	(92, 46.0598)	(93, 46.0185)	(94, 46.7683)	(95, 45.7136)	(96, 45.610800000000005)	(97, 46.3551)	(98, 45.731500000000004)	(99, 45.841)	(100, 45.6197)	(101, 46.2665)	(102, 46.0239)	(103, 45.9291)	(104, 46.294200000000004)	(105, 45.896100000000004)	(106, 46.0726)	(107, 45.906200000000005)	(108, 45.8902)	(109, 46.2278)	(110, 46.1721)	(111, 45.521499999999996)	(112, 45.9025)	(113, 46.1984)	(114, 45.4506)	(115, 45.819500000000005)	(116, 46.1255)	(117, 45.6907)	(118, 45.8038)	(119, 46.0407)	(120, 46.0434)	(121, 46.214499999999994)	(122, 46.192699999999995)	(123, 45.6836)	(124, 46.189400000000006)	(125, 46.334900000000005)	(126, 45.424)	(127, 46.2879)	(128, 46.5266)	(129, 45.7901)	(130, 45.9334)	(131, 45.835)	(132, 45.4589)	(133, 45.9908)	(134, 45.368900000000004)	(135, 45.393299999999996)	(136, 45.6575)	(137, 45.928000000000004)	(138, 45.386500000000005)	(139, 45.6621)	(140, 45.6998)	(141, 45.1156)	(142, 45.7389)	(143, 45.4805)	(144, 45.1861)	(145, 45.4975)	(146, 45.4808)	(147, 45.0977)	(148, 45.7213)	(149, 45.5508)	(150, 44.9968)
RNA-Seq_FZX_Fr_M3	(1, 65.0776)	(2, 43.688900000000004)	(3, 43.7009)	(4, 49.1186)	(5, 45.3433)	(6, 43.1925)	(7, 42.1983)	(8, 48.6607)	(9, 47.9824)	(10, 43.4183)	(11, 51.3996)	(12, 50.1936)	(13, 46.5089)	(14, 46.4289)	(15, 46.7733)	(16, 47.5327)	(17, 47.4955)	(18, 46.5034)	(19, 47.2509)	(20, 47.1685)	(21, 46.340900000000005)	(22, 47.661500000000004)	(23, 47.348099999999995)	(24, 46.8518)	(25, 47.137)	(26, 46.5736)	(27, 46.573)	(28, 46.969300000000004)	(29, 46.8398)	(30, 46.2725)	(31, 47.0612)	(32, 46.867599999999996)	(33, 46.5464)	(34, 46.7624)	(35, 46.905)	(36, 46.458)	(37, 46.8985)	(38, 46.907700000000006)	(39, 46.3864)	(40, 47.0927)	(41, 46.6285)	(42, 46.0812)	(43, 46.652)	(44, 46.7233)	(45, 46.1949)	(46, 47.0134)	(47, 46.453)	(48, 46.0833)	(49, 46.6119)	(50, 46.4219)	(51, 46.7382)	(52, 47.2308)	(53, 46.8741)	(54, 46.5022)	(55, 46.6364)	(56, 46.5071)	(57, 46.4549)	(58, 47.0453)	(59, 46.961999999999996)	(60, 46.468900000000005)	(61, 47.126400000000004)	(62, 47.0581)	(63, 46.2354)	(64, 46.7095)	(65, 46.9024)	(66, 46.503499999999995)	(67, 47.015499999999996)	(68, 46.611799999999995)	(69, 46.2763)	(70, 46.6849)	(71, 46.4918)	(72, 45.9268)	(73, 46.9336)	(74, 46.7705)	(75, 46.169)	(76, 46.612700000000004)	(77, 46.6877)	(78, 46.1431)	(79, 46.8778)	(80, 46.340399999999995)	(81, 46.1475)	(82, 46.943)	(83, 46.193200000000004)	(84, 45.97)	(85, 46.693200000000004)	(86, 46.1686)	(87, 45.8359)	(88, 46.4459)	(89, 46.6374)	(90, 46.0581)	(91, 46.3697)	(92, 46.2631)	(93, 46.2492)	(94, 46.958299999999994)	(95, 45.8679)	(96, 45.8192)	(97, 46.5687)	(98, 45.9231)	(99, 46.0042)	(100, 45.765299999999996)	(101, 46.441700000000004)	(102, 46.1924)	(103, 46.0331)	(104, 46.4383)	(105, 46.1152)	(106, 46.2159)	(107, 46.0574)	(108, 46.0681)	(109, 46.4403)	(110, 46.3328)	(111, 45.6803)	(112, 46.06)	(113, 46.4143)	(114, 45.6392)	(115, 45.913199999999996)	(116, 46.293099999999995)	(117, 45.888400000000004)	(118, 45.9567)	(119, 46.2564)	(120, 46.249)	(121, 46.4282)	(122, 46.3655)	(123, 45.819700000000005)	(124, 46.4105)	(125, 46.5459)	(126, 45.622099999999996)	(127, 46.4508)	(128, 46.7561)	(129, 46.0033)	(130, 46.104299999999995)	(131, 45.9975)	(132, 45.647)	(133, 46.1984)	(134, 45.6155)	(135, 45.6237)	(136, 45.8359)	(137, 46.0784)	(138, 45.6092)	(139, 45.8874)	(140, 45.9096)	(141, 45.3653)	(142, 45.9643)	(143, 45.7375)	(144, 45.429)	(145, 45.763799999999996)	(146, 45.7394)	(147, 45.3834)	(148, 45.975500000000004)	(149, 45.6868)	(150, 45.2435)
RNA-Seq_FZX_Le_C1	(1, 65.7856)	(2, 44.7958)	(3, 44.2479)	(4, 49.25)	(5, 46.056000000000004)	(6, 43.012)	(7, 41.909600000000005)	(8, 48.2398)	(9, 47.2714)	(10, 43.5635)	(11, 50.9082)	(12, 49.5959)	(13, 46.632400000000004)	(14, 46.1726)	(15, 46.422200000000004)	(16, 46.564899999999994)	(17, 46.9342)	(18, 46.0372)	(19, 46.8166)	(20, 46.8741)	(21, 46.2092)	(22, 46.7729)	(23, 46.9448)	(24, 46.2022)	(25, 46.705799999999996)	(26, 46.4161)	(27, 45.767)	(28, 46.183600000000006)	(29, 46.323)	(30, 45.4367)	(31, 46.6084)	(32, 46.496500000000005)	(33, 45.7885)	(34, 45.5943)	(35, 45.765)	(36, 45.3166)	(37, 46.2987)	(38, 45.2875)	(39, 45.110299999999995)	(40, 45.9756)	(41, 45.5645)	(42, 45.146)	(43, 45.4767)	(44, 45.3054)	(45, 44.3971)	(46, 46.1548)	(47, 45.2427)	(48, 45.5048)	(49, 46.177099999999996)	(50, 45.7252)	(51, 45.332699999999996)	(52, 46.2846)	(53, 45.8136)	(54, 45.332)	(55, 45.341)	(56, 45.2401)	(57, 45.3345)	(58, 45.3291)	(59, 45.6139)	(60, 45.2506)	(61, 45.5146)	(62, 45.4953)	(63, 44.920100000000005)	(64, 45.2217)	(65, 45.527699999999996)	(66, 44.7038)	(67, 45.3366)	(68, 45.2012)	(69, 45.2008)	(70, 45.387899999999995)	(71, 45.4089)	(72, 44.4035)	(73, 45.8348)	(74, 45.3578)	(75, 44.6789)	(76, 44.980199999999996)	(77, 45.0508)	(78, 44.4863)	(79, 45.4231)	(80, 44.8521)	(81, 44.2196)	(82, 44.7137)	(83, 44.5335)	(84, 44.9002)	(85, 45.0332)	(86, 44.1277)	(87, 44.083099999999995)	(88, 44.6389)	(89, 44.9287)	(90, 43.623400000000004)	(91, 44.116499999999995)	(92, 44.1546)	(93, 44.025999999999996)	(94, 44.4075)	(95, 44.026399999999995)	(96, 43.316300000000005)	(97, 44.4417)	(98, 43.6872)	(99, 43.405100000000004)	(100, 43.2919)	(101, 44.2791)	(102, 43.7858)	(103, 43.7114)	(104, 44.0194)	(105, 43.6759)	(106, 44.3889)	(107, 44.114)	(108, 43.8498)	(109, 44.1184)	(110, 44.7474)	(111, 43.5869)	(112, 44.2871)	(113, 43.9369)	(114, 43.5443)	(115, 44.1861)	(116, 44.8358)	(117, 43.6794)	(118, 44.0706)	(119, 44.6455)	(120, 43.926300000000005)	(121, 44.1579)	(122, 44.3229)	(123, 43.5895)	(124, 44.1554)	(125, 44.1436)	(126, 43.3018)	(127, 44.2292)	(128, 44.5182)	(129, 43.530499999999996)	(130, 43.8978)	(131, 43.6693)	(132, 43.4946)	(133, 43.9425)	(134, 43.166700000000006)	(135, 43.4171)	(136, 43.3075)	(137, 44.0882)	(138, 43.553799999999995)	(139, 43.8654)	(140, 43.5551)	(141, 43.1538)	(142, 44.1905)	(143, 43.7492)	(144, 43.1778)	(145, 44.1177)	(146, 43.9423)	(147, 43.6901)	(148, 43.805699999999995)	(149, 43.591800000000006)	(150, 43.0966)
RNA-Seq_FZX_Le_C2	(1, 64.4555)	(2, 42.7727)	(3, 42.7594)	(4, 47.9465)	(5, 44.8504)	(6, 41.8849)	(7, 40.6687)	(8, 47.2954)	(9, 46.5466)	(10, 42.390299999999996)	(11, 50.1939)	(12, 48.8468)	(13, 45.6208)	(14, 45.2284)	(15, 45.5865)	(16, 45.562000000000005)	(17, 46.0855)	(18, 45.217200000000005)	(19, 45.8684)	(20, 46.0783)	(21, 45.5179)	(22, 45.989000000000004)	(23, 46.1803)	(24, 45.565099999999994)	(25, 46.0033)	(26, 45.7338)	(27, 45.1971)	(28, 45.6253)	(29, 45.7682)	(30, 44.9564)	(31, 46.0057)	(32, 46.0362)	(33, 45.3722)	(34, 45.044000000000004)	(35, 45.2678)	(36, 44.6525)	(37, 45.658500000000004)	(38, 44.7403)	(39, 44.6597)	(40, 45.5071)	(41, 45.134)	(42, 44.7363)	(43, 45.0216)	(44, 44.8621)	(45, 44.0647)	(46, 45.7699)	(47, 44.8861)	(48, 45.0187)	(49, 45.7879)	(50, 45.3497)	(51, 44.8161)	(52, 45.8694)	(53, 45.4306)	(54, 44.8511)	(55, 44.9009)	(56, 44.8478)	(57, 44.9489)	(58, 44.919)	(59, 45.1528)	(60, 44.8058)	(61, 44.9702)	(62, 45.0805)	(63, 44.446400000000004)	(64, 44.7676)	(65, 44.914500000000004)	(66, 44.1942)	(67, 44.8235)	(68, 44.6485)	(69, 44.7935)	(70, 44.9329)	(71, 44.813399999999994)	(72, 43.919599999999996)	(73, 45.4323)	(74, 44.857)	(75, 44.1976)	(76, 44.536300000000004)	(77, 44.5427)	(78, 43.9245)	(79, 44.858)	(80, 44.4992)	(81, 43.737700000000004)	(82, 44.2067)	(83, 44.1532)	(84, 44.5409)	(85, 44.667699999999996)	(86, 43.7737)	(87, 43.8649)	(88, 44.21)	(89, 44.522099999999995)	(90, 43.314)	(91, 43.7458)	(92, 43.796600000000005)	(93, 43.838300000000004)	(94, 44.059599999999996)	(95, 43.7156)	(96, 43.0008)	(97, 44.227)	(98, 43.3147)	(99, 43.0807)	(100, 43.0363)	(101, 43.9583)	(102, 43.486200000000004)	(103, 43.5315)	(104, 43.838)	(105, 43.5796)	(106, 44.0317)	(107, 43.9454)	(108, 43.682300000000005)	(109, 43.819)	(110, 44.5417)	(111, 43.451699999999995)	(112, 44.0038)	(113, 43.7444)	(114, 43.2913)	(115, 43.987700000000004)	(116, 44.5231)	(117, 43.396)	(118, 43.790800000000004)	(119, 44.1591)	(120, 43.6331)	(121, 43.7731)	(122, 43.9543)	(123, 43.3442)	(124, 43.7776)	(125, 43.8152)	(126, 43.0107)	(127, 43.8474)	(128, 44.2105)	(129, 43.2116)	(130, 43.4366)	(131, 43.3389)	(132, 43.2054)	(133, 43.5133)	(134, 42.824600000000004)	(135, 43.0972)	(136, 42.9886)	(137, 43.683)	(138, 43.2267)	(139, 43.4715)	(140, 43.2155)	(141, 42.6687)	(142, 43.6595)	(143, 43.3693)	(144, 42.688900000000004)	(145, 43.5153)	(146, 43.519200000000005)	(147, 43.1468)	(148, 43.1292)	(149, 43.1632)	(150, 42.6981)
RNA-Seq_FZX_Le_C3	(1, 64.1189)	(2, 42.3202)	(3, 42.3177)	(4, 47.7429)	(5, 44.6058)	(6, 41.4593)	(7, 40.5999)	(8, 47.5165)	(9, 46.5321)	(10, 42.1298)	(11, 50.03880000000001)	(12, 48.5243)	(13, 45.1774)	(14, 44.813399999999994)	(15, 45.2413)	(16, 45.4047)	(17, 45.8874)	(18, 44.9248)	(19, 45.684799999999996)	(20, 45.8683)	(21, 45.176500000000004)	(22, 45.8275)	(23, 45.934599999999996)	(24, 45.225500000000004)	(25, 45.8712)	(26, 45.5048)	(27, 44.9887)	(28, 45.3956)	(29, 45.5525)	(30, 44.6883)	(31, 45.845200000000006)	(32, 45.9301)	(33, 45.1049)	(34, 44.835)	(35, 45.1501)	(36, 44.5446)	(37, 45.562799999999996)	(38, 44.708999999999996)	(39, 44.5229)	(40, 45.4505)	(41, 44.9949)	(42, 44.4965)	(43, 44.979200000000006)	(44, 44.7749)	(45, 44.0017)	(46, 45.6385)	(47, 44.6282)	(48, 44.8221)	(49, 45.6119)	(50, 45.1355)	(51, 44.6995)	(52, 45.774)	(53, 45.3151)	(54, 44.6615)	(55, 44.8856)	(56, 44.7982)	(57, 44.87)	(58, 44.9103)	(59, 45.077600000000004)	(60, 44.7218)	(61, 44.9585)	(62, 45.0011)	(63, 44.3186)	(64, 44.7046)	(65, 44.8445)	(66, 44.1428)	(67, 44.9105)	(68, 44.690200000000004)	(69, 44.6517)	(70, 44.8688)	(71, 44.6973)	(72, 43.8028)	(73, 45.395)	(74, 44.845800000000004)	(75, 44.021)	(76, 44.4781)	(77, 44.4276)	(78, 43.880599999999994)	(79, 44.7534)	(80, 44.3839)	(81, 43.6761)	(82, 44.3099)	(83, 44.0686)	(84, 44.3641)	(85, 44.576)	(86, 43.582300000000004)	(87, 43.672)	(88, 44.069)	(89, 44.401)	(90, 43.3341)	(91, 43.7455)	(92, 43.6404)	(93, 43.8061)	(94, 44.162400000000005)	(95, 43.547999999999995)	(96, 43.014)	(97, 44.1521)	(98, 43.2288)	(99, 43.0491)	(100, 43.0178)	(101, 43.9322)	(102, 43.4895)	(103, 43.6036)	(104, 43.8085)	(105, 43.5455)	(106, 44.0323)	(107, 43.8061)	(108, 43.6471)	(109, 43.891799999999996)	(110, 44.4362)	(111, 43.383500000000005)	(112, 43.9083)	(113, 43.812400000000004)	(114, 43.213499999999996)	(115, 43.891200000000005)	(116, 44.445800000000006)	(117, 43.3813)	(118, 43.7464)	(119, 44.1013)	(120, 43.6211)	(121, 43.7314)	(122, 44.0265)	(123, 43.3378)	(124, 43.7915)	(125, 43.9024)	(126, 43.1729)	(127, 43.908)	(128, 44.284600000000005)	(129, 43.229299999999995)	(130, 43.3686)	(131, 43.2888)	(132, 43.114599999999996)	(133, 43.320100000000004)	(134, 42.703)	(135, 42.9016)	(136, 42.9314)	(137, 43.5325)	(138, 43.1668)	(139, 43.4507)	(140, 43.043)	(141, 42.532)	(142, 43.5959)	(143, 43.3444)	(144, 42.6429)	(145, 43.350899999999996)	(146, 43.3334)	(147, 42.8567)	(148, 42.9246)	(149, 42.9835)	(150, 42.5164)
RNA-Seq_FZX_Le_M1	(1, 63.334999999999994)	(2, 40.7377)	(3, 41.428599999999996)	(4, 46.9022)	(5, 43.951499999999996)	(6, 40.6047)	(7, 39.9421)	(8, 47.3041)	(9, 46.619899999999994)	(10, 41.5293)	(11, 49.9379)	(12, 48.1626)	(13, 44.5726)	(14, 44.5525)	(15, 44.9948)	(16, 44.9636)	(17, 45.5674)	(18, 44.7021)	(19, 45.3117)	(20, 45.5248)	(21, 45.0463)	(22, 45.5521)	(23, 45.8315)	(24, 45.0727)	(25, 45.6616)	(26, 45.2734)	(27, 45.0193)	(28, 45.4449)	(29, 45.5711)	(30, 44.776700000000005)	(31, 45.8097)	(32, 45.962599999999995)	(33, 45.1481)	(34, 44.8899)	(35, 45.1939)	(36, 44.5257)	(37, 45.543499999999995)	(38, 44.9401)	(39, 44.7378)	(40, 45.616800000000005)	(41, 45.0039)	(42, 44.7755)	(43, 45.122099999999996)	(44, 45.028600000000004)	(45, 44.372099999999996)	(46, 46.057900000000004)	(47, 44.8853)	(48, 45.1168)	(49, 45.862)	(50, 45.481100000000005)	(51, 44.9658)	(52, 46.1816)	(53, 45.7103)	(54, 44.8861)	(55, 45.1013)	(56, 45.0366)	(57, 45.204899999999995)	(58, 45.0903)	(59, 45.406)	(60, 44.8934)	(61, 45.1743)	(62, 45.2156)	(63, 44.711600000000004)	(64, 44.8324)	(65, 44.863)	(66, 44.3225)	(67, 45.2937)	(68, 44.797799999999995)	(69, 44.9139)	(70, 45.0626)	(71, 44.711600000000004)	(72, 43.8814)	(73, 45.6928)	(74, 44.9754)	(75, 44.276199999999996)	(76, 44.7425)	(77, 44.7063)	(78, 44.0015)	(79, 45.011)	(80, 44.468999999999994)	(81, 43.9074)	(82, 44.5047)	(83, 44.3352)	(84, 44.7126)	(85, 44.9297)	(86, 43.8826)	(87, 43.9174)	(88, 44.2343)	(89, 44.535599999999995)	(90, 43.7199)	(91, 44.1312)	(92, 43.774)	(93, 44.2809)	(94, 44.4594)	(95, 43.7635)	(96, 43.363600000000005)	(97, 44.557)	(98, 43.423)	(99, 43.4432)	(100, 43.3003)	(101, 44.3741)	(102, 44.1198)	(103, 43.7696)	(104, 44.218)	(105, 44.2188)	(106, 44.2825)	(107, 44.217099999999995)	(108, 44.1836)	(109, 44.362899999999996)	(110, 44.9812)	(111, 43.7102)	(112, 44.230599999999995)	(113, 44.3481)	(114, 43.7701)	(115, 44.2797)	(116, 45.0173)	(117, 43.829299999999996)	(118, 43.946000000000005)	(119, 44.379400000000004)	(120, 43.9853)	(121, 44.1587)	(122, 44.384299999999996)	(123, 43.5929)	(124, 43.9293)	(125, 44.392700000000005)	(126, 43.5122)	(127, 44.0728)	(128, 44.7198)	(129, 43.5725)	(130, 43.6763)	(131, 43.8068)	(132, 43.6566)	(133, 43.9845)	(134, 43.2742)	(135, 43.4982)	(136, 43.4475)	(137, 43.8796)	(138, 43.5832)	(139, 43.6965)	(140, 43.4612)	(141, 42.8188)	(142, 43.894800000000004)	(143, 43.7957)	(144, 42.9465)	(145, 43.5699)	(146, 43.833)	(147, 43.2482)	(148, 43.255700000000004)	(149, 43.2458)	(150, 42.7791)
RNA-Seq_FZX_Le_M2	(1, 62.773)	(2, 40.6646)	(3, 41.0589)	(4, 46.6308)	(5, 43.4364)	(6, 40.2243)	(7, 39.758700000000005)	(8, 46.8946)	(9, 45.990199999999994)	(10, 41.4458)	(11, 49.3784)	(12, 47.6078)	(13, 44.1724)	(14, 44.1286)	(15, 44.5882)	(16, 44.6874)	(17, 45.1541)	(18, 44.3315)	(19, 45.0318)	(20, 45.2266)	(21, 44.6789)	(22, 45.2209)	(23, 45.521899999999995)	(24, 44.7481)	(25, 45.4942)	(26, 44.922000000000004)	(27, 44.6413)	(28, 45.2052)	(29, 45.2221)	(30, 44.5302)	(31, 45.628800000000005)	(32, 45.6931)	(33, 44.890600000000006)	(34, 44.6433)	(35, 44.981500000000004)	(36, 44.3404)	(37, 45.343)	(38, 44.748599999999996)	(39, 44.5466)	(40, 45.4311)	(41, 44.8601)	(42, 44.4994)	(43, 44.9751)	(44, 44.8039)	(45, 44.0469)	(46, 45.8103)	(47, 44.6413)	(48, 44.857200000000006)	(49, 45.6588)	(50, 45.2594)	(51, 44.7789)	(52, 45.953500000000005)	(53, 45.5257)	(54, 44.7656)	(55, 44.9782)	(56, 44.8241)	(57, 44.9469)	(58, 44.8772)	(59, 45.205400000000004)	(60, 44.7303)	(61, 45.0102)	(62, 45.0064)	(63, 44.4915)	(64, 44.6621)	(65, 44.7117)	(66, 44.1102)	(67, 44.9851)	(68, 44.526900000000005)	(69, 44.6025)	(70, 44.8719)	(71, 44.5045)	(72, 43.6548)	(73, 45.347)	(74, 44.7432)	(75, 43.990899999999996)	(76, 44.5473)	(77, 44.561499999999995)	(78, 43.7554)	(79, 44.8497)	(80, 44.353300000000004)	(81, 43.6623)	(82, 44.4216)	(83, 44.0426)	(84, 44.4116)	(85, 44.6725)	(86, 43.629)	(87, 43.608799999999995)	(88, 43.980000000000004)	(89, 44.338300000000004)	(90, 43.4204)	(91, 43.9072)	(92, 43.5657)	(93, 43.993300000000005)	(94, 44.296)	(95, 43.5635)	(96, 43.0651)	(97, 44.402)	(98, 43.2215)	(99, 43.2001)	(100, 43.108999999999995)	(101, 44.1049)	(102, 43.8834)	(103, 43.573499999999996)	(104, 44.0011)	(105, 43.906099999999995)	(106, 44.0817)	(107, 43.9619)	(108, 43.925599999999996)	(109, 44.2502)	(110, 44.6801)	(111, 43.5059)	(112, 44.1063)	(113, 44.114399999999996)	(114, 43.5172)	(115, 44.0522)	(116, 44.7687)	(117, 43.518299999999996)	(118, 43.7185)	(119, 44.2045)	(120, 43.722)	(121, 43.9722)	(122, 44.2085)	(123, 43.3408)	(124, 43.8407)	(125, 44.1824)	(126, 43.2734)	(127, 43.9014)	(128, 44.573499999999996)	(129, 43.3996)	(130, 43.5315)	(131, 43.5897)	(132, 43.5419)	(133, 43.7917)	(134, 43.0681)	(135, 43.255900000000004)	(136, 43.293)	(137, 43.6556)	(138, 43.2921)	(139, 43.5455)	(140, 43.2912)	(141, 42.6391)	(142, 43.7502)	(143, 43.5847)	(144, 42.7799)	(145, 43.4377)	(146, 43.620999999999995)	(147, 43.048199999999994)	(148, 43.1481)	(149, 43.0158)	(150, 42.571999999999996)
RNA-Seq_FZX_Le_M3	(1, 63.0159)	(2, 41.124300000000005)	(3, 41.2254)	(4, 46.8174)	(5, 43.5729)	(6, 40.521499999999996)	(7, 39.781499999999994)	(8, 46.7118)	(9, 45.880500000000005)	(10, 41.5164)	(11, 49.3326)	(12, 47.6021)	(13, 44.305299999999995)	(14, 44.2206)	(15, 44.6655)	(16, 44.6811)	(17, 45.184000000000005)	(18, 44.3582)	(19, 44.9754)	(20, 45.147999999999996)	(21, 44.7436)	(22, 45.1609)	(23, 45.4834)	(24, 44.7196)	(25, 45.3669)	(26, 44.9392)	(27, 44.5605)	(28, 45.1809)	(29, 45.1601)	(30, 44.427)	(31, 45.5183)	(32, 45.4838)	(33, 44.792300000000004)	(34, 44.6552)	(35, 44.912400000000005)	(36, 44.2106)	(37, 45.1276)	(38, 44.4862)	(39, 44.3457)	(40, 45.1879)	(41, 44.716499999999996)	(42, 44.312000000000005)	(43, 44.7772)	(44, 44.5886)	(45, 43.8505)	(46, 45.5969)	(47, 44.544)	(48, 44.685)	(49, 45.5255)	(50, 45.0601)	(51, 44.6052)	(52, 45.7334)	(53, 45.375)	(54, 44.5731)	(55, 44.8121)	(56, 44.676300000000005)	(57, 44.750499999999995)	(58, 44.6861)	(59, 44.9615)	(60, 44.549299999999995)	(61, 44.6944)	(62, 44.7351)	(63, 44.2854)	(64, 44.480599999999995)	(65, 44.4268)	(66, 43.8504)	(67, 44.7595)	(68, 44.3203)	(69, 44.4172)	(70, 44.6952)	(71, 44.4422)	(72, 43.4398)	(73, 45.1874)	(74, 44.582100000000004)	(75, 43.8346)	(76, 44.3328)	(77, 44.3448)	(78, 43.5452)	(79, 44.5728)	(80, 44.1571)	(81, 43.4196)	(82, 44.1987)	(83, 43.8265)	(84, 44.205)	(85, 44.4341)	(86, 43.4064)	(87, 43.4574)	(88, 43.7879)	(89, 44.1001)	(90, 43.2031)	(91, 43.661)	(92, 43.3769)	(93, 43.7011)	(94, 43.9759)	(95, 43.3402)	(96, 42.8189)	(97, 44.0787)	(98, 43.0147)	(99, 42.939)	(100, 42.8763)	(101, 43.786199999999994)	(102, 43.5059)	(103, 43.3651)	(104, 43.682700000000004)	(105, 43.594899999999996)	(106, 43.8885)	(107, 43.749300000000005)	(108, 43.632)	(109, 43.9191)	(110, 44.4073)	(111, 43.3258)	(112, 43.9213)	(113, 43.8874)	(114, 43.2895)	(115, 43.8067)	(116, 44.4773)	(117, 43.3116)	(118, 43.5715)	(119, 43.9574)	(120, 43.4067)	(121, 43.703599999999994)	(122, 43.9243)	(123, 43.0563)	(124, 43.6081)	(125, 43.829299999999996)	(126, 43.0193)	(127, 43.711299999999994)	(128, 44.3196)	(129, 43.1608)	(130, 43.3232)	(131, 43.3429)	(132, 43.272)	(133, 43.5344)	(134, 42.8409)	(135, 43.0612)	(136, 43.0029)	(137, 43.4034)	(138, 43.0902)	(139, 43.2568)	(140, 43.0371)	(141, 42.4259)	(142, 43.486399999999996)	(143, 43.296600000000005)	(144, 42.5452)	(145, 43.2255)	(146, 43.3174)	(147, 42.7866)	(148, 42.9859)	(149, 42.766799999999996)	(150, 42.3827)
