Sample	0	1	2	3	4	5	6	7	8	9	10	11	12	13	14	15	16	17	18	19	20	21	22	23	24	25	26	27	28	29	30	31	32	33	34	35	36	37	38	39	40	41	42	43	44	45	46	47	48	49	50	51	52	53	54	55	56	57	58	59	60	61	62	63	64	65	66	67	68	69	70	71	72	73	74	75	76	77	78	79	80	81	82	83	84	85	86	87	88	89	90	91	92	93	94	95	96	97	98	99	100
RNA-Seq_FZX_Fr_C1_R1	(0.0, 91.0)	(1.0, 122.5)	(2.0, 184.0)	(3.0, 212.5)	(4.0, 166.5)	(5.0, 115.0)	(6.0, 104.0)	(7.0, 128.0)	(8.0, 158.5)	(9.0, 232.5)	(10.0, 355.0)	(11.0, 501.0)	(12.0, 766.5)	(13.0, 1200.5)	(14.0, 1681.5)	(15.0, 2137.0)	(16.0, 2897.0)	(17.0, 4398.5)	(18.0, 6223.5)	(19.0, 8267.0)	(20.0, 10708.5)	(21.0, 14558.0)	(22.0, 20470.5)	(23.0, 28256.5)	(24.0, 39450.0)	(25.0, 54374.0)	(26.0, 74032.5)	(27.0, 99685.0)	(28.0, 130289.0)	(29.0, 166931.0)	(30.0, 215504.5)	(31.0, 283284.0)	(32.0, 358157.5)	(33.0, 437867.0)	(34.0, 526602.0)	(35.0, 617751.0)	(36.0, 741071.0)	(37.0, 865242.0)	(38.0, 1010055.5)	(39.0, 1196457.5)	(40.0, 1395768.5)	(41.0, 1627898.5)	(42.0, 1877024.0)	(43.0, 1950914.0)	(44.0, 1917482.0)	(45.0, 1927812.5)	(46.0, 1865088.5)	(47.0, 1798554.5)	(48.0, 1741876.5)	(49.0, 1671723.5)	(50.0, 1533409.0)	(51.0, 1340310.5)	(52.0, 1163838.0)	(53.0, 980187.0)	(54.0, 790903.0)	(55.0, 618885.5)	(56.0, 506835.0)	(57.0, 448149.5)	(58.0, 415932.0)	(59.0, 406782.5)	(60.0, 398849.5)	(61.0, 378392.5)	(62.0, 333464.5)	(63.0, 276224.5)	(64.0, 287630.0)	(65.0, 323504.0)	(66.0, 296549.5)	(67.0, 264653.5)	(68.0, 226701.0)	(69.0, 137561.0)	(70.0, 80957.0)	(71.0, 58383.5)	(72.0, 33368.5)	(73.0, 25202.0)	(74.0, 23340.5)	(75.0, 24021.5)	(76.0, 34381.5)	(77.0, 99193.5)	(78.0, 231428.5)	(79.0, 332356.0)	(80.0, 322535.5)	(81.0, 162773.0)	(82.0, 21160.5)	(83.0, 2451.0)	(84.0, 299.5)	(85.0, 143.5)	(86.0, 104.0)	(87.0, 78.5)	(88.0, 60.0)	(89.0, 61.5)	(90.0, 64.5)	(91.0, 65.5)	(92.0, 52.5)	(93.0, 37.5)	(94.0, 36.5)	(95.0, 35.0)	(96.0, 14.0)	(97.0, 1.0)	(98.0, 0.0)	(99.0, 0.0)	(100.0, 0.0)
RNA-Seq_FZX_Fr_C1_R2	(0.0, 2.0)	(1.0, 5.0)	(2.0, 12.0)	(3.0, 28.0)	(4.0, 35.5)	(5.0, 48.5)	(6.0, 77.5)	(7.0, 117.0)	(8.0, 170.0)	(9.0, 253.0)	(10.0, 329.0)	(11.0, 423.5)	(12.0, 588.5)	(13.0, 757.5)	(14.0, 1004.0)	(15.0, 1318.5)	(16.0, 1766.0)	(17.0, 2383.5)	(18.0, 3162.0)	(19.0, 4215.0)	(20.0, 5786.0)	(21.0, 7835.5)	(22.0, 10618.0)	(23.0, 14819.0)	(24.0, 20163.0)	(25.0, 27532.0)	(26.0, 38296.0)	(27.0, 53848.0)	(28.0, 74619.5)	(29.0, 102804.0)	(30.0, 141615.5)	(31.0, 192550.0)	(32.0, 253771.5)	(33.0, 333173.0)	(34.0, 439902.0)	(35.0, 565843.0)	(36.0, 715196.5)	(37.0, 876836.0)	(38.0, 1045391.0)	(39.0, 1222191.5)	(40.0, 1422594.5)	(41.0, 1633060.5)	(42.0, 1813201.5)	(43.0, 1962881.5)	(44.0, 2024405.0)	(45.0, 2009843.0)	(46.0, 1958625.0)	(47.0, 1876428.5)	(48.0, 1754540.0)	(49.0, 1607577.0)	(50.0, 1486743.0)	(51.0, 1391872.0)	(52.0, 1273271.5)	(53.0, 1140788.5)	(54.0, 1043325.5)	(55.0, 931689.0)	(56.0, 789460.5)	(57.0, 673654.0)	(58.0, 568318.5)	(59.0, 463855.5)	(60.0, 388110.5)	(61.0, 325360.0)	(62.0, 260634.5)	(63.0, 211311.0)	(64.0, 187218.0)	(65.0, 155889.5)	(66.0, 117301.5)	(67.0, 88409.5)	(68.0, 70126.0)	(69.0, 55320.5)	(70.0, 45466.0)	(71.0, 39671.0)	(72.0, 46064.0)	(73.0, 220692.5)	(74.0, 384712.0)	(75.0, 292808.5)	(76.0, 167341.0)	(77.0, 104129.5)	(78.0, 60930.0)	(79.0, 36970.0)	(80.0, 19311.5)	(81.0, 6084.5)	(82.0, 1544.5)	(83.0, 712.0)	(84.0, 413.5)	(85.0, 303.5)	(86.0, 211.0)	(87.0, 163.0)	(88.0, 150.0)	(89.0, 126.5)	(90.0, 111.0)	(91.0, 110.0)	(92.0, 115.0)	(93.0, 112.0)	(94.0, 114.5)	(95.0, 118.5)	(96.0, 131.0)	(97.0, 165.5)	(98.0, 237.0)	(99.0, 352.5)	(100.0, 844.0)
RNA-Seq_FZX_Fr_C2_R1	(0.0, 108.0)	(1.0, 123.0)	(2.0, 160.0)	(3.0, 202.5)	(4.0, 171.0)	(5.0, 120.5)	(6.0, 105.5)	(7.0, 108.5)	(8.0, 155.5)	(9.0, 239.0)	(10.0, 356.5)	(11.0, 581.5)	(12.0, 876.5)	(13.0, 1334.0)	(14.0, 1752.5)	(15.0, 2327.5)	(16.0, 3382.0)	(17.0, 4933.0)	(18.0, 6638.5)	(19.0, 8806.0)	(20.0, 11986.5)	(21.0, 16234.0)	(22.0, 22434.5)	(23.0, 31501.5)	(24.0, 44113.5)	(25.0, 60906.5)	(26.0, 82625.5)	(27.0, 109202.5)	(28.0, 143726.0)	(29.0, 186775.5)	(30.0, 241388.5)	(31.0, 317052.0)	(32.0, 401087.5)	(33.0, 490881.0)	(34.0, 591760.5)	(35.0, 695688.5)	(36.0, 832974.0)	(37.0, 973595.5)	(38.0, 1142363.0)	(39.0, 1361277.0)	(40.0, 1590784.5)	(41.0, 1846130.0)	(42.0, 2121518.5)	(43.0, 2219048.5)	(44.0, 2187002.5)	(45.0, 2195671.0)	(46.0, 2136300.0)	(47.0, 2065380.5)	(48.0, 2007608.0)	(49.0, 1941544.0)	(50.0, 1790833.0)	(51.0, 1572202.0)	(52.0, 1370810.0)	(53.0, 1155699.5)	(54.0, 932442.5)	(55.0, 730216.5)	(56.0, 598540.0)	(57.0, 534443.5)	(58.0, 498040.0)	(59.0, 484632.0)	(60.0, 471387.0)	(61.0, 443135.5)	(62.0, 388683.5)	(63.0, 321823.5)	(64.0, 339811.5)	(65.0, 380794.5)	(66.0, 340895.0)	(67.0, 299040.5)	(68.0, 253087.0)	(69.0, 151557.5)	(70.0, 83206.5)	(71.0, 55757.0)	(72.0, 34078.5)	(73.0, 26759.5)	(74.0, 24289.5)	(75.0, 24656.0)	(76.0, 33419.0)	(77.0, 95038.0)	(78.0, 227202.5)	(79.0, 335420.5)	(80.0, 343373.0)	(81.0, 181429.5)	(82.0, 23286.0)	(83.0, 2702.0)	(84.0, 396.5)	(85.0, 219.5)	(86.0, 152.0)	(87.0, 112.5)	(88.0, 69.0)	(89.0, 48.5)	(90.0, 43.5)	(91.0, 37.0)	(92.0, 31.0)	(93.0, 27.5)	(94.0, 30.5)	(95.0, 23.5)	(96.0, 7.5)	(97.0, 0.5)	(98.0, 0.5)	(99.0, 0.0)	(100.0, 1.5)
RNA-Seq_FZX_Fr_C2_R2	(0.0, 4.0)	(1.0, 8.5)	(2.0, 12.5)	(3.0, 18.5)	(4.0, 35.0)	(5.0, 61.0)	(6.0, 94.5)	(7.0, 115.5)	(8.0, 146.5)	(9.0, 242.5)	(10.0, 352.0)	(11.0, 437.0)	(12.0, 617.0)	(13.0, 903.5)	(14.0, 1185.0)	(15.0, 1589.0)	(16.0, 2084.0)	(17.0, 2684.5)	(18.0, 3641.0)	(19.0, 4959.0)	(20.0, 6589.0)	(21.0, 8745.5)	(22.0, 11676.5)	(23.0, 15864.0)	(24.0, 22149.5)	(25.0, 31017.5)	(26.0, 42759.5)	(27.0, 59096.0)	(28.0, 81528.5)	(29.0, 112392.5)	(30.0, 154248.5)	(31.0, 210141.0)	(32.0, 279246.5)	(33.0, 368164.0)	(34.0, 488927.5)	(35.0, 632012.0)	(36.0, 800442.0)	(37.0, 985256.5)	(38.0, 1178598.5)	(39.0, 1381501.0)	(40.0, 1612954.0)	(41.0, 1854189.5)	(42.0, 2059675.0)	(43.0, 2227608.0)	(44.0, 2302028.5)	(45.0, 2298804.5)	(46.0, 2243245.5)	(47.0, 2149468.0)	(48.0, 2023568.0)	(49.0, 1869423.0)	(50.0, 1737963.0)	(51.0, 1629860.0)	(52.0, 1491346.0)	(53.0, 1336550.5)	(54.0, 1217336.5)	(55.0, 1083259.0)	(56.0, 919535.0)	(57.0, 787949.0)	(58.0, 667328.0)	(59.0, 547109.0)	(60.0, 457406.5)	(61.0, 381117.5)	(62.0, 306734.0)	(63.0, 250269.5)	(64.0, 221329.0)	(65.0, 185965.0)	(66.0, 141684.5)	(67.0, 109329.5)	(68.0, 88246.5)	(69.0, 67610.0)	(70.0, 53191.5)	(71.0, 45273.5)	(72.0, 50713.5)	(73.0, 232080.0)	(74.0, 397986.5)	(75.0, 299449.0)	(76.0, 171497.5)	(77.0, 107113.5)	(78.0, 62242.0)	(79.0, 37349.0)	(80.0, 19893.5)	(81.0, 6612.0)	(82.0, 1971.5)	(83.0, 968.5)	(84.0, 583.0)	(85.0, 400.5)	(86.0, 304.0)	(87.0, 239.0)	(88.0, 186.0)	(89.0, 156.5)	(90.0, 149.0)	(91.0, 133.0)	(92.0, 121.5)	(93.0, 135.0)	(94.0, 138.0)	(95.0, 148.5)	(96.0, 187.5)	(97.0, 229.5)	(98.0, 320.0)	(99.0, 486.0)	(100.0, 1231.5)
RNA-Seq_FZX_Fr_C3_R1	(0.0, 73.0)	(1.0, 86.0)	(2.0, 95.5)	(3.0, 100.5)	(4.0, 92.0)	(5.0, 77.0)	(6.0, 67.5)	(7.0, 80.0)	(8.0, 97.0)	(9.0, 143.0)	(10.0, 251.0)	(11.0, 382.5)	(12.0, 610.5)	(13.0, 1042.5)	(14.0, 1475.5)	(15.0, 1839.5)	(16.0, 2555.0)	(17.0, 3915.5)	(18.0, 5522.0)	(19.0, 7454.5)	(20.0, 10024.5)	(21.0, 13816.0)	(22.0, 19263.5)	(23.0, 27071.0)	(24.0, 38131.5)	(25.0, 52986.0)	(26.0, 72708.0)	(27.0, 97008.0)	(28.0, 126462.0)	(29.0, 162622.5)	(30.0, 210856.0)	(31.0, 276993.0)	(32.0, 349657.5)	(33.0, 427436.0)	(34.0, 514202.5)	(35.0, 602385.0)	(36.0, 721475.5)	(37.0, 839712.5)	(38.0, 976273.5)	(39.0, 1153320.0)	(40.0, 1343490.5)	(41.0, 1564191.0)	(42.0, 1793289.0)	(43.0, 1857928.5)	(44.0, 1822957.0)	(45.0, 1824070.0)	(46.0, 1764715.5)	(47.0, 1699920.0)	(48.0, 1630113.5)	(49.0, 1546056.0)	(50.0, 1410695.5)	(51.0, 1228820.0)	(52.0, 1060362.0)	(53.0, 890706.0)	(54.0, 715246.5)	(55.0, 557919.0)	(56.0, 457264.0)	(57.0, 401233.0)	(58.0, 366774.5)	(59.0, 355094.0)	(60.0, 354961.5)	(61.0, 342930.0)	(62.0, 296440.0)	(63.0, 238852.5)	(64.0, 241339.5)	(65.0, 265326.5)	(66.0, 245954.0)	(67.0, 222530.5)	(68.0, 193668.0)	(69.0, 120933.0)	(70.0, 71761.5)	(71.0, 51838.5)	(72.0, 29256.0)	(73.0, 21226.0)	(74.0, 18861.0)	(75.0, 19725.5)	(76.0, 29143.0)	(77.0, 85218.0)	(78.0, 195630.5)	(79.0, 287995.5)	(80.0, 290027.0)	(81.0, 148527.5)	(82.0, 19779.0)	(83.0, 2250.5)	(84.0, 241.0)	(85.0, 120.5)	(86.0, 97.5)	(87.0, 68.0)	(88.0, 51.0)	(89.0, 44.0)	(90.0, 39.5)	(91.0, 38.0)	(92.0, 32.0)	(93.0, 27.5)	(94.0, 21.0)	(95.0, 15.0)	(96.0, 7.5)	(97.0, 0.0)	(98.0, 0.0)	(99.0, 1.0)	(100.0, 2.0)
RNA-Seq_FZX_Fr_C3_R2	(0.0, 5.0)	(1.0, 4.0)	(2.0, 7.5)	(3.0, 16.0)	(4.0, 33.0)	(5.0, 45.0)	(6.0, 69.5)	(7.0, 101.0)	(8.0, 118.5)	(9.0, 178.0)	(10.0, 242.5)	(11.0, 309.0)	(12.0, 445.0)	(13.0, 622.5)	(14.0, 860.0)	(15.0, 1160.5)	(16.0, 1595.5)	(17.0, 2249.0)	(18.0, 3031.0)	(19.0, 4084.5)	(20.0, 5350.0)	(21.0, 7366.5)	(22.0, 10149.5)	(23.0, 13933.5)	(24.0, 19616.0)	(25.0, 27421.0)	(26.0, 38341.0)	(27.0, 53711.0)	(28.0, 74178.0)	(29.0, 102367.5)	(30.0, 140240.0)	(31.0, 189638.0)	(32.0, 250693.0)	(33.0, 326786.5)	(34.0, 429243.5)	(35.0, 552257.5)	(36.0, 694508.0)	(37.0, 844112.5)	(38.0, 1001750.0)	(39.0, 1170124.0)	(40.0, 1358892.5)	(41.0, 1557110.0)	(42.0, 1724979.0)	(43.0, 1860695.0)	(44.0, 1916202.5)	(45.0, 1899846.5)	(46.0, 1845734.0)	(47.0, 1762396.5)	(48.0, 1642117.0)	(49.0, 1493590.5)	(50.0, 1370990.0)	(51.0, 1276477.0)	(52.0, 1162901.5)	(53.0, 1031767.0)	(54.0, 932249.0)	(55.0, 830543.5)	(56.0, 704365.0)	(57.0, 599433.0)	(58.0, 503943.0)	(59.0, 417433.5)	(60.0, 354582.0)	(61.0, 299416.5)	(62.0, 239454.0)	(63.0, 191809.0)	(64.0, 168179.0)	(65.0, 139254.5)	(66.0, 105563.5)	(67.0, 79324.0)	(68.0, 62519.5)	(69.0, 49298.0)	(70.0, 40675.5)	(71.0, 35512.0)	(72.0, 41122.0)	(73.0, 194561.0)	(74.0, 339268.0)	(75.0, 258791.0)	(76.0, 147159.5)	(77.0, 90643.0)	(78.0, 51603.0)	(79.0, 30533.5)	(80.0, 16162.0)	(81.0, 5198.0)	(82.0, 1417.0)	(83.0, 642.0)	(84.0, 361.0)	(85.0, 251.0)	(86.0, 178.5)	(87.0, 130.0)	(88.0, 98.5)	(89.0, 86.0)	(90.0, 69.0)	(91.0, 55.0)	(92.0, 49.5)	(93.0, 51.5)	(94.0, 50.0)	(95.0, 55.5)	(96.0, 75.0)	(97.0, 87.0)	(98.0, 110.0)	(99.0, 167.0)	(100.0, 529.5)
RNA-Seq_FZX_Fr_M1_R1	(0.0, 112.0)	(1.0, 126.0)	(2.0, 155.5)	(3.0, 160.0)	(4.0, 100.5)	(5.0, 60.5)	(6.0, 118.5)	(7.0, 196.0)	(8.0, 373.0)	(9.0, 706.0)	(10.0, 1154.0)	(11.0, 1752.5)	(12.0, 2476.5)	(13.0, 3242.5)	(14.0, 3975.5)	(15.0, 4668.0)	(16.0, 5412.0)	(17.0, 6842.5)	(18.0, 8641.0)	(19.0, 10499.5)	(20.0, 13299.5)	(21.0, 17531.5)	(22.0, 23757.5)	(23.0, 32572.0)	(24.0, 44621.5)	(25.0, 60316.0)	(26.0, 80818.5)	(27.0, 106841.0)	(28.0, 139357.0)	(29.0, 178489.5)	(30.0, 230602.0)	(31.0, 305160.0)	(32.0, 387541.0)	(33.0, 469484.0)	(34.0, 559554.5)	(35.0, 655813.0)	(36.0, 782472.5)	(37.0, 909413.0)	(38.0, 1055307.0)	(39.0, 1242834.5)	(40.0, 1448435.5)	(41.0, 1702749.5)	(42.0, 1980276.5)	(43.0, 2043147.0)	(44.0, 2004199.0)	(45.0, 2016966.5)	(46.0, 1928574.5)	(47.0, 1834393.5)	(48.0, 1749108.0)	(49.0, 1654200.5)	(50.0, 1491616.0)	(51.0, 1277825.0)	(52.0, 1098472.0)	(53.0, 940398.5)	(54.0, 769510.5)	(55.0, 598206.0)	(56.0, 488834.0)	(57.0, 432550.5)	(58.0, 402279.0)	(59.0, 393630.5)	(60.0, 399463.0)	(61.0, 398954.0)	(62.0, 341801.0)	(63.0, 259352.5)	(64.0, 257715.5)	(65.0, 282511.5)	(66.0, 250963.0)	(67.0, 216492.0)	(68.0, 188696.0)	(69.0, 119002.0)	(70.0, 67698.0)	(71.0, 48117.5)	(72.0, 31904.0)	(73.0, 27969.0)	(74.0, 27750.0)	(75.0, 32975.0)	(76.0, 54029.5)	(77.0, 149888.5)	(78.0, 319575.0)	(79.0, 422077.5)	(80.0, 373142.5)	(81.0, 177732.5)	(82.0, 24930.5)	(83.0, 3032.5)	(84.0, 159.5)	(85.0, 83.5)	(86.0, 61.0)	(87.0, 28.5)	(88.0, 7.5)	(89.0, 4.5)	(90.0, 2.5)	(91.0, 0.5)	(92.0, 1.0)	(93.0, 1.0)	(94.0, 0.0)	(95.0, 0.0)	(96.0, 0.0)	(97.0, 0.0)	(98.0, 0.0)	(99.0, 0.0)	(100.0, 0.0)
RNA-Seq_FZX_Fr_M1_R2	(0.0, 6.0)	(1.0, 8.0)	(2.0, 11.5)	(3.0, 22.0)	(4.0, 34.0)	(5.0, 62.5)	(6.0, 96.0)	(7.0, 136.0)	(8.0, 211.5)	(9.0, 299.5)	(10.0, 370.0)	(11.0, 498.0)	(12.0, 709.5)	(13.0, 933.0)	(14.0, 1230.0)	(15.0, 1670.0)	(16.0, 2133.5)	(17.0, 2752.5)	(18.0, 3806.0)	(19.0, 5104.5)	(20.0, 6615.0)	(21.0, 9011.5)	(22.0, 12435.0)	(23.0, 16947.0)	(24.0, 23160.5)	(25.0, 31641.5)	(26.0, 43700.0)	(27.0, 60944.5)	(28.0, 83480.0)	(29.0, 115307.0)	(30.0, 157592.5)	(31.0, 211755.5)	(32.0, 279347.0)	(33.0, 363701.5)	(34.0, 477728.5)	(35.0, 613777.0)	(36.0, 767254.5)	(37.0, 931311.5)	(38.0, 1103505.0)	(39.0, 1284855.5)	(40.0, 1487294.5)	(41.0, 1695110.5)	(42.0, 1876270.0)	(43.0, 2032125.0)	(44.0, 2088018.5)	(45.0, 2046046.0)	(46.0, 1972086.5)	(47.0, 1889868.0)	(48.0, 1752430.0)	(49.0, 1577220.5)	(50.0, 1447679.0)	(51.0, 1353634.0)	(52.0, 1242991.5)	(53.0, 1117854.0)	(54.0, 1026037.5)	(55.0, 902117.5)	(56.0, 748520.5)	(57.0, 639899.0)	(58.0, 542765.0)	(59.0, 455762.0)	(60.0, 394994.0)	(61.0, 334669.0)	(62.0, 261516.0)	(63.0, 204934.5)	(64.0, 179462.0)	(65.0, 148445.0)	(66.0, 111137.5)	(67.0, 82472.0)	(68.0, 65852.0)	(69.0, 53252.5)	(70.0, 44385.5)	(71.0, 38697.0)	(72.0, 45248.5)	(73.0, 249869.0)	(74.0, 466232.0)	(75.0, 367180.0)	(76.0, 206963.5)	(77.0, 138095.0)	(78.0, 85888.5)	(79.0, 51250.0)	(80.0, 26454.0)	(81.0, 7525.0)	(82.0, 1497.0)	(83.0, 546.0)	(84.0, 268.5)	(85.0, 189.0)	(86.0, 132.5)	(87.0, 89.0)	(88.0, 72.5)	(89.0, 60.5)	(90.0, 58.0)	(91.0, 59.5)	(92.0, 54.5)	(93.0, 54.5)	(94.0, 67.5)	(95.0, 88.0)	(96.0, 125.0)	(97.0, 210.5)	(98.0, 304.5)	(99.0, 433.0)	(100.0, 761.5)
RNA-Seq_FZX_Fr_M2_R1	(0.0, 152.0)	(1.0, 155.5)	(2.0, 150.0)	(3.0, 129.0)	(4.0, 89.5)	(5.0, 71.0)	(6.0, 114.0)	(7.0, 210.0)	(8.0, 414.5)	(9.0, 761.5)	(10.0, 1302.5)	(11.0, 2048.5)	(12.0, 2793.5)	(13.0, 3649.0)	(14.0, 4516.5)	(15.0, 5280.0)	(16.0, 6363.0)	(17.0, 7942.5)	(18.0, 9856.0)	(19.0, 12276.0)	(20.0, 15797.0)	(21.0, 20781.0)	(22.0, 27873.0)	(23.0, 38428.5)	(24.0, 53158.5)	(25.0, 72097.0)	(26.0, 96262.0)	(27.0, 127428.0)	(28.0, 164895.0)	(29.0, 209846.0)	(30.0, 269826.0)	(31.0, 352390.0)	(32.0, 443846.0)	(33.0, 537914.5)	(34.0, 637097.5)	(35.0, 738164.0)	(36.0, 872209.0)	(37.0, 1008633.0)	(38.0, 1160984.5)	(39.0, 1345578.5)	(40.0, 1558118.0)	(41.0, 1812519.0)	(42.0, 2071541.5)	(43.0, 2127142.5)	(44.0, 2094176.0)	(45.0, 2106224.0)	(46.0, 2008892.5)	(47.0, 1901850.5)	(48.0, 1807563.5)	(49.0, 1701502.0)	(50.0, 1516195.5)	(51.0, 1290236.0)	(52.0, 1114869.0)	(53.0, 959120.0)	(54.0, 781643.5)	(55.0, 608581.0)	(56.0, 501033.5)	(57.0, 445810.5)	(58.0, 417380.5)	(59.0, 411391.5)	(60.0, 421633.0)	(61.0, 424320.5)	(62.0, 369699.0)	(63.0, 284902.5)	(64.0, 280744.5)	(65.0, 320034.0)	(66.0, 294140.0)	(67.0, 255481.5)	(68.0, 223518.5)	(69.0, 141482.5)	(70.0, 83265.5)	(71.0, 59466.0)	(72.0, 39587.0)	(73.0, 31551.5)	(74.0, 27265.5)	(75.0, 32953.5)	(76.0, 56326.0)	(77.0, 152205.5)	(78.0, 311918.0)	(79.0, 357657.5)	(80.0, 239741.0)	(81.0, 86555.0)	(82.0, 8684.5)	(83.0, 870.0)	(84.0, 107.0)	(85.0, 42.0)	(86.0, 19.0)	(87.0, 7.5)	(88.0, 4.0)	(89.0, 1.0)	(90.0, 1.0)	(91.0, 0.5)	(92.0, 0.5)	(93.0, 0.5)	(94.0, 0.5)	(95.0, 0.0)	(96.0, 0.0)	(97.0, 0.5)	(98.0, 0.5)	(99.0, 0.0)	(100.0, 0.0)
RNA-Seq_FZX_Fr_M2_R2	(0.0, 4.0)	(1.0, 7.0)	(2.0, 22.5)	(3.0, 37.5)	(4.0, 52.5)	(5.0, 78.0)	(6.0, 108.5)	(7.0, 169.5)	(8.0, 269.0)	(9.0, 381.5)	(10.0, 510.5)	(11.0, 691.0)	(12.0, 837.5)	(13.0, 1121.0)	(14.0, 1540.5)	(15.0, 2043.5)	(16.0, 2759.5)	(17.0, 3677.5)	(18.0, 4871.0)	(19.0, 6375.5)	(20.0, 8446.5)	(21.0, 11281.5)	(22.0, 15525.0)	(23.0, 21800.0)	(24.0, 29961.5)	(25.0, 40848.0)	(26.0, 56703.0)	(27.0, 79063.5)	(28.0, 108795.5)	(29.0, 148224.0)	(30.0, 199934.5)	(31.0, 265764.0)	(32.0, 341366.5)	(33.0, 431373.0)	(34.0, 552969.0)	(35.0, 698485.0)	(36.0, 866381.5)	(37.0, 1037936.0)	(38.0, 1207681.5)	(39.0, 1385913.5)	(40.0, 1586987.5)	(41.0, 1797624.5)	(42.0, 1979963.0)	(43.0, 2125822.5)	(44.0, 2170273.5)	(45.0, 2126632.5)	(46.0, 2047655.0)	(47.0, 1951060.5)	(48.0, 1800258.0)	(49.0, 1615194.5)	(50.0, 1477968.5)	(51.0, 1386375.5)	(52.0, 1291639.5)	(53.0, 1178609.5)	(54.0, 1091074.5)	(55.0, 963129.0)	(56.0, 802115.5)	(57.0, 688460.0)	(58.0, 577273.5)	(59.0, 474026.0)	(60.0, 401060.0)	(61.0, 337328.0)	(62.0, 267164.0)	(63.0, 211375.5)	(64.0, 185577.5)	(65.0, 154764.0)	(66.0, 116865.0)	(67.0, 88183.0)	(68.0, 70208.0)	(69.0, 55887.5)	(70.0, 47081.0)	(71.0, 42055.5)	(72.0, 46908.0)	(73.0, 200767.0)	(74.0, 365121.0)	(75.0, 293255.0)	(76.0, 174535.0)	(77.0, 118077.5)	(78.0, 72626.5)	(79.0, 43823.5)	(80.0, 21499.0)	(81.0, 5768.5)	(82.0, 1184.0)	(83.0, 389.5)	(84.0, 192.0)	(85.0, 148.5)	(86.0, 96.0)	(87.0, 72.5)	(88.0, 66.5)	(89.0, 62.5)	(90.0, 58.5)	(91.0, 58.0)	(92.0, 65.0)	(93.0, 66.5)	(94.0, 90.0)	(95.0, 120.0)	(96.0, 152.5)	(97.0, 243.0)	(98.0, 370.5)	(99.0, 519.5)	(100.0, 825.5)
RNA-Seq_FZX_Fr_M3_R1	(0.0, 162.0)	(1.0, 153.5)	(2.0, 134.0)	(3.0, 123.5)	(4.0, 87.0)	(5.0, 78.0)	(6.0, 126.0)	(7.0, 215.0)	(8.0, 392.0)	(9.0, 722.5)	(10.0, 1226.5)	(11.0, 1861.5)	(12.0, 2701.0)	(13.0, 3654.5)	(14.0, 4552.0)	(15.0, 5208.0)	(16.0, 6035.5)	(17.0, 7621.5)	(18.0, 9544.0)	(19.0, 11697.5)	(20.0, 15067.0)	(21.0, 19964.5)	(22.0, 26336.5)	(23.0, 35712.0)	(24.0, 49144.0)	(25.0, 67398.0)	(26.0, 91021.0)	(27.0, 120036.0)	(28.0, 154767.5)	(29.0, 197611.5)	(30.0, 255902.0)	(31.0, 335330.5)	(32.0, 422288.0)	(33.0, 509631.5)	(34.0, 604800.5)	(35.0, 706018.0)	(36.0, 836762.5)	(37.0, 965859.0)	(38.0, 1109850.5)	(39.0, 1291779.5)	(40.0, 1505368.0)	(41.0, 1761662.0)	(42.0, 2018500.5)	(43.0, 2071812.5)	(44.0, 2040560.0)	(45.0, 2052485.0)	(46.0, 1953469.0)	(47.0, 1841553.5)	(48.0, 1742498.0)	(49.0, 1639548.5)	(50.0, 1468618.0)	(51.0, 1257791.0)	(52.0, 1089553.0)	(53.0, 939362.5)	(54.0, 766854.0)	(55.0, 595307.0)	(56.0, 490393.0)	(57.0, 438085.0)	(58.0, 411255.0)	(59.0, 407726.5)	(60.0, 423411.5)	(61.0, 429937.5)	(62.0, 371324.0)	(63.0, 282241.5)	(64.0, 278893.5)	(65.0, 318829.0)	(66.0, 290265.5)	(67.0, 245170.0)	(68.0, 214930.5)	(69.0, 138749.0)	(70.0, 75032.0)	(71.0, 49068.0)	(72.0, 33423.5)	(73.0, 27952.0)	(74.0, 25362.5)	(75.0, 30866.0)	(76.0, 52027.0)	(77.0, 139661.5)	(78.0, 290216.0)	(79.0, 363801.0)	(80.0, 287672.5)	(81.0, 121716.0)	(82.0, 14989.0)	(83.0, 1532.0)	(84.0, 138.0)	(85.0, 52.5)	(86.0, 19.0)	(87.0, 13.0)	(88.0, 8.5)	(89.0, 1.5)	(90.0, 0.0)	(91.0, 0.0)	(92.0, 0.0)	(93.0, 0.0)	(94.0, 0.0)	(95.0, 0.0)	(96.0, 0.0)	(97.0, 0.0)	(98.0, 0.0)	(99.0, 0.0)	(100.0, 0.0)
RNA-Seq_FZX_Fr_M3_R2	(0.0, 7.0)	(1.0, 9.0)	(2.0, 14.5)	(3.0, 28.5)	(4.0, 36.5)	(5.0, 51.0)	(6.0, 92.5)	(7.0, 145.5)	(8.0, 216.5)	(9.0, 308.5)	(10.0, 429.5)	(11.0, 557.5)	(12.0, 720.0)	(13.0, 959.5)	(14.0, 1349.5)	(15.0, 1844.0)	(16.0, 2440.0)	(17.0, 3212.5)	(18.0, 4274.0)	(19.0, 5592.5)	(20.0, 7412.0)	(21.0, 9938.0)	(22.0, 13645.0)	(23.0, 18871.0)	(24.0, 25602.5)	(25.0, 35249.0)	(26.0, 48875.0)	(27.0, 68025.5)	(28.0, 93578.0)	(29.0, 128700.0)	(30.0, 174321.5)	(31.0, 232058.5)	(32.0, 302459.5)	(33.0, 388434.0)	(34.0, 503584.0)	(35.0, 643150.5)	(36.0, 802500.0)	(37.0, 970114.0)	(38.0, 1142999.5)	(39.0, 1319426.0)	(40.0, 1517719.5)	(41.0, 1732580.5)	(42.0, 1914479.0)	(43.0, 2058246.0)	(44.0, 2107513.5)	(45.0, 2068139.5)	(46.0, 1997361.5)	(47.0, 1915698.5)	(48.0, 1773951.5)	(49.0, 1590924.5)	(50.0, 1456073.5)	(51.0, 1365931.5)	(52.0, 1270506.5)	(53.0, 1161602.0)	(54.0, 1080963.5)	(55.0, 958391.0)	(56.0, 800623.5)	(57.0, 690787.0)	(58.0, 583854.5)	(59.0, 479015.5)	(60.0, 407399.5)	(61.0, 346270.5)	(62.0, 272837.5)	(63.0, 213823.5)	(64.0, 188076.0)	(65.0, 155849.0)	(66.0, 116811.5)	(67.0, 87960.5)	(68.0, 70185.5)	(69.0, 55424.0)	(70.0, 45924.5)	(71.0, 40327.5)	(72.0, 44658.5)	(73.0, 200726.5)	(74.0, 378246.5)	(75.0, 311554.0)	(76.0, 182175.5)	(77.0, 121890.0)	(78.0, 75604.0)	(79.0, 45155.5)	(80.0, 22836.5)	(81.0, 6344.5)	(82.0, 1312.0)	(83.0, 472.5)	(84.0, 211.5)	(85.0, 154.0)	(86.0, 111.5)	(87.0, 91.0)	(88.0, 74.5)	(89.0, 61.0)	(90.0, 60.5)	(91.0, 64.5)	(92.0, 73.0)	(93.0, 80.5)	(94.0, 85.0)	(95.0, 118.5)	(96.0, 159.0)	(97.0, 230.5)	(98.0, 361.5)	(99.0, 512.5)	(100.0, 795.0)
RNA-Seq_FZX_Le_C1_R1	(0.0, 34.0)	(1.0, 47.0)	(2.0, 71.0)	(3.0, 90.5)	(4.0, 72.0)	(5.0, 40.5)	(6.0, 45.0)	(7.0, 60.5)	(8.0, 74.0)	(9.0, 138.0)	(10.0, 237.0)	(11.0, 382.5)	(12.0, 578.5)	(13.0, 1012.5)	(14.0, 1623.0)	(15.0, 2312.5)	(16.0, 3497.5)	(17.0, 5449.0)	(18.0, 7592.5)	(19.0, 11313.0)	(20.0, 15597.5)	(21.0, 19499.0)	(22.0, 25826.0)	(23.0, 35198.0)	(24.0, 49066.5)	(25.0, 66167.0)	(26.0, 85690.0)	(27.0, 112248.5)	(28.0, 143884.0)	(29.0, 178662.5)	(30.0, 225552.0)	(31.0, 301054.0)	(32.0, 384421.0)	(33.0, 447269.5)	(34.0, 513934.0)	(35.0, 596570.0)	(36.0, 722642.5)	(37.0, 861869.0)	(38.0, 1043394.0)	(39.0, 1176390.0)	(40.0, 1359417.5)	(41.0, 1903029.5)	(42.0, 2724950.5)	(43.0, 2720252.0)	(44.0, 2279357.0)	(45.0, 2279704.5)	(46.0, 2098484.0)	(47.0, 1837828.0)	(48.0, 1595762.5)	(49.0, 1355257.0)	(50.0, 1141845.0)	(51.0, 923190.0)	(52.0, 766034.0)	(53.0, 698329.5)	(54.0, 595418.0)	(55.0, 459907.5)	(56.0, 374428.5)	(57.0, 306938.5)	(58.0, 270425.0)	(59.0, 262514.0)	(60.0, 252812.0)	(61.0, 234973.0)	(62.0, 208525.5)	(63.0, 170295.5)	(64.0, 158803.0)	(65.0, 163442.5)	(66.0, 153625.0)	(67.0, 143654.0)	(68.0, 130473.5)	(69.0, 87798.0)	(70.0, 54310.0)	(71.0, 39313.5)	(72.0, 21200.0)	(73.0, 14070.0)	(74.0, 12695.0)	(75.0, 12164.5)	(76.0, 15461.0)	(77.0, 43829.5)	(78.0, 104099.0)	(79.0, 142676.0)	(80.0, 115619.5)	(81.0, 48466.5)	(82.0, 6461.5)	(83.0, 664.5)	(84.0, 74.5)	(85.0, 37.5)	(86.0, 24.0)	(87.0, 20.0)	(88.0, 17.0)	(89.0, 13.5)	(90.0, 10.0)	(91.0, 9.5)	(92.0, 8.0)	(93.0, 6.5)	(94.0, 6.0)	(95.0, 7.0)	(96.0, 4.0)	(97.0, 0.0)	(98.0, 0.5)	(99.0, 1.5)	(100.0, 1.5)
RNA-Seq_FZX_Le_C1_R2	(0.0, 6.0)	(1.0, 7.5)	(2.0, 13.5)	(3.0, 22.0)	(4.0, 35.0)	(5.0, 50.5)	(6.0, 79.0)	(7.0, 123.0)	(8.0, 154.0)	(9.0, 220.0)	(10.0, 344.0)	(11.0, 453.5)	(12.0, 587.0)	(13.0, 814.0)	(14.0, 1107.0)	(15.0, 1578.0)	(16.0, 2200.5)	(17.0, 2922.5)	(18.0, 3947.0)	(19.0, 5400.5)	(20.0, 7208.0)	(21.0, 9611.5)	(22.0, 13021.0)	(23.0, 17338.0)	(24.0, 23387.5)	(25.0, 32463.0)	(26.0, 44335.5)	(27.0, 60166.5)	(28.0, 79872.5)	(29.0, 104890.5)	(30.0, 138399.5)	(31.0, 184043.5)	(32.0, 237714.5)	(33.0, 310043.0)	(34.0, 431497.0)	(35.0, 604134.0)	(36.0, 808710.0)	(37.0, 1003303.5)	(38.0, 1133449.5)	(39.0, 1227943.5)	(40.0, 1419056.5)	(41.0, 1670228.5)	(42.0, 1931033.0)	(43.0, 2219873.5)	(44.0, 2309524.0)	(45.0, 2169303.0)	(46.0, 2007112.0)	(47.0, 1992428.0)	(48.0, 1846506.5)	(49.0, 1499159.0)	(50.0, 1221064.5)	(51.0, 1073343.0)	(52.0, 995950.5)	(53.0, 866004.5)	(54.0, 828399.0)	(55.0, 777451.5)	(56.0, 621354.5)	(57.0, 500256.0)	(58.0, 412268.0)	(59.0, 352391.0)	(60.0, 310304.5)	(61.0, 261514.0)	(62.0, 215140.5)	(63.0, 179803.0)	(64.0, 153649.0)	(65.0, 125189.5)	(66.0, 97587.5)	(67.0, 76078.5)	(68.0, 59029.0)	(69.0, 45076.5)	(70.0, 34419.5)	(71.0, 26230.5)	(72.0, 23066.5)	(73.0, 87118.5)	(74.0, 151334.5)	(75.0, 115237.0)	(76.0, 64045.0)	(77.0, 40307.5)	(78.0, 25954.0)	(79.0, 17626.0)	(80.0, 9589.5)	(81.0, 2782.0)	(82.0, 684.0)	(83.0, 294.5)	(84.0, 143.0)	(85.0, 111.5)	(86.0, 88.5)	(87.0, 68.5)	(88.0, 67.0)	(89.0, 55.0)	(90.0, 47.0)	(91.0, 42.5)	(92.0, 44.5)	(93.0, 48.0)	(94.0, 41.5)	(95.0, 48.0)	(96.0, 55.0)	(97.0, 61.0)	(98.0, 103.0)	(99.0, 180.5)	(100.0, 432.0)
RNA-Seq_FZX_Le_C2_R1	(0.0, 24.0)	(1.0, 43.5)	(2.0, 63.5)	(3.0, 72.0)	(4.0, 72.0)	(5.0, 56.0)	(6.0, 53.5)	(7.0, 71.5)	(8.0, 115.5)	(9.0, 180.0)	(10.0, 284.5)	(11.0, 443.5)	(12.0, 684.5)	(13.0, 1270.0)	(14.0, 1999.0)	(15.0, 2777.0)	(16.0, 4024.5)	(17.0, 6017.0)	(18.0, 8815.5)	(19.0, 13718.0)	(20.0, 19117.0)	(21.0, 23948.5)	(22.0, 31973.0)	(23.0, 44830.0)	(24.0, 63801.5)	(25.0, 87281.0)	(26.0, 114306.5)	(27.0, 150126.0)	(28.0, 190496.0)	(29.0, 237340.0)	(30.0, 302216.0)	(31.0, 401418.0)	(32.0, 512247.5)	(33.0, 597018.0)	(34.0, 681256.0)	(35.0, 785087.0)	(36.0, 945550.5)	(37.0, 1116685.0)	(38.0, 1333175.0)	(39.0, 1496557.0)	(40.0, 1750895.5)	(41.0, 2421509.0)	(42.0, 3422871.5)	(43.0, 3384812.5)	(44.0, 2794972.0)	(45.0, 2785376.0)	(46.0, 2554248.0)	(47.0, 2235639.5)	(48.0, 1939377.0)	(49.0, 1639877.0)	(50.0, 1371311.0)	(51.0, 1104793.0)	(52.0, 918136.5)	(53.0, 835602.0)	(54.0, 707307.5)	(55.0, 545911.5)	(56.0, 445489.5)	(57.0, 362632.5)	(58.0, 317587.5)	(59.0, 306260.5)	(60.0, 297246.5)	(61.0, 279515.0)	(62.0, 242607.5)	(63.0, 190436.0)	(64.0, 178698.0)	(65.0, 183608.5)	(66.0, 165052.0)	(67.0, 146380.0)	(68.0, 134486.0)	(69.0, 94949.0)	(70.0, 55304.0)	(71.0, 37531.5)	(72.0, 22627.0)	(73.0, 16060.0)	(74.0, 14418.0)	(75.0, 14898.0)	(76.0, 20716.5)	(77.0, 59721.5)	(78.0, 128861.5)	(79.0, 141358.5)	(80.0, 81007.5)	(81.0, 23883.0)	(82.0, 2454.5)	(83.0, 281.5)	(84.0, 55.5)	(85.0, 31.0)	(86.0, 20.0)	(87.0, 17.5)	(88.0, 19.0)	(89.0, 17.0)	(90.0, 14.5)	(91.0, 11.5)	(92.0, 14.5)	(93.0, 14.0)	(94.0, 7.0)	(95.0, 7.5)	(96.0, 5.0)	(97.0, 0.5)	(98.0, 0.0)	(99.0, 0.5)	(100.0, 0.5)
RNA-Seq_FZX_Le_C2_R2	(0.0, 3.0)	(1.0, 3.5)	(2.0, 12.0)	(3.0, 23.0)	(4.0, 31.5)	(5.0, 50.5)	(6.0, 92.0)	(7.0, 138.0)	(8.0, 173.5)	(9.0, 232.5)	(10.0, 330.5)	(11.0, 431.5)	(12.0, 573.0)	(13.0, 829.0)	(14.0, 1172.5)	(15.0, 1600.5)	(16.0, 2190.5)	(17.0, 2994.0)	(18.0, 4225.5)	(19.0, 5942.0)	(20.0, 8236.5)	(21.0, 11418.0)	(22.0, 15879.0)	(23.0, 21797.5)	(24.0, 29946.5)	(25.0, 42694.0)	(26.0, 60279.0)	(27.0, 83677.5)	(28.0, 112705.0)	(29.0, 148890.5)	(30.0, 201404.0)	(31.0, 272762.0)	(32.0, 352009.5)	(33.0, 453871.5)	(34.0, 616771.5)	(35.0, 848536.5)	(36.0, 1125615.0)	(37.0, 1370026.5)	(38.0, 1518143.5)	(39.0, 1625462.5)	(40.0, 1847410.5)	(41.0, 2131607.0)	(42.0, 2429262.0)	(43.0, 2791042.5)	(44.0, 2894549.0)	(45.0, 2681283.5)	(46.0, 2455011.0)	(47.0, 2412415.0)	(48.0, 2214482.0)	(49.0, 1766957.5)	(50.0, 1415713.0)	(51.0, 1239818.0)	(52.0, 1139605.0)	(53.0, 987532.0)	(54.0, 937320.0)	(55.0, 871778.0)	(56.0, 696489.0)	(57.0, 564201.0)	(58.0, 467073.5)	(59.0, 398772.5)	(60.0, 350305.0)	(61.0, 293131.5)	(62.0, 239065.5)	(63.0, 196572.5)	(64.0, 166793.5)	(65.0, 136028.0)	(66.0, 104393.5)	(67.0, 79778.5)	(68.0, 62515.5)	(69.0, 48951.5)	(70.0, 38189.0)	(71.0, 29250.5)	(72.0, 25593.0)	(73.0, 83322.5)	(74.0, 143671.0)	(75.0, 109911.0)	(76.0, 61011.0)	(77.0, 39967.5)	(78.0, 26476.0)	(79.0, 18138.5)	(80.0, 9118.5)	(81.0, 2364.5)	(82.0, 524.0)	(83.0, 267.0)	(84.0, 198.5)	(85.0, 162.0)	(86.0, 139.5)	(87.0, 129.0)	(88.0, 118.5)	(89.0, 109.0)	(90.0, 103.5)	(91.0, 92.0)	(92.0, 91.0)	(93.0, 88.5)	(94.0, 97.5)	(95.0, 119.5)	(96.0, 133.5)	(97.0, 171.0)	(98.0, 224.5)	(99.0, 331.0)	(100.0, 602.0)
RNA-Seq_FZX_Le_C3_R1	(0.0, 219.0)	(1.0, 192.5)	(2.0, 175.5)	(3.0, 175.0)	(4.0, 124.0)	(5.0, 107.0)	(6.0, 156.5)	(7.0, 288.5)	(8.0, 509.0)	(9.0, 920.5)	(10.0, 1551.5)	(11.0, 2287.5)	(12.0, 3139.0)	(13.0, 4272.0)	(14.0, 5493.5)	(15.0, 6834.0)	(16.0, 8391.0)	(17.0, 10593.5)	(18.0, 13690.0)	(19.0, 18011.5)	(20.0, 23206.5)	(21.0, 28556.0)	(22.0, 37073.5)	(23.0, 49781.0)	(24.0, 66895.5)	(25.0, 89048.0)	(26.0, 113718.0)	(27.0, 145436.0)	(28.0, 184324.5)	(29.0, 229918.5)	(30.0, 289600.0)	(31.0, 382220.0)	(32.0, 482528.0)	(33.0, 558727.5)	(34.0, 637608.5)	(35.0, 730975.0)	(36.0, 871223.5)	(37.0, 1033191.5)	(38.0, 1235822.0)	(39.0, 1379908.0)	(40.0, 1632748.0)	(41.0, 2178005.5)	(42.0, 2877618.5)	(43.0, 2866028.0)	(44.0, 2476727.5)	(45.0, 2447021.5)	(46.0, 2252933.0)	(47.0, 1972094.0)	(48.0, 1691019.0)	(49.0, 1431761.0)	(50.0, 1179583.0)	(51.0, 934770.0)	(52.0, 779049.5)	(53.0, 701158.0)	(54.0, 580823.5)	(55.0, 444067.5)	(56.0, 362045.0)	(57.0, 298556.0)	(58.0, 260315.0)	(59.0, 246131.0)	(60.0, 240035.0)	(61.0, 228332.5)	(62.0, 197658.5)	(63.0, 155002.5)	(64.0, 140543.5)	(65.0, 146509.0)	(66.0, 136289.5)	(67.0, 123624.5)	(68.0, 118514.5)	(69.0, 86743.5)	(70.0, 50950.5)	(71.0, 33266.5)	(72.0, 21584.5)	(73.0, 17452.5)	(74.0, 16691.0)	(75.0, 19605.5)	(76.0, 32134.5)	(77.0, 85633.0)	(78.0, 173358.5)	(79.0, 176012.0)	(80.0, 81099.0)	(81.0, 14370.5)	(82.0, 699.0)	(83.0, 203.0)	(84.0, 38.5)	(85.0, 11.0)	(86.0, 9.0)	(87.0, 6.0)	(88.0, 1.5)	(89.0, 1.5)	(90.0, 1.0)	(91.0, 0.0)	(92.0, 0.5)	(93.0, 1.0)	(94.0, 1.0)	(95.0, 0.5)	(96.0, 0.0)	(97.0, 0.0)	(98.0, 0.0)	(99.0, 0.0)	(100.0, 0.0)
RNA-Seq_FZX_Le_C3_R2	(0.0, 13.0)	(1.0, 16.0)	(2.0, 30.0)	(3.0, 41.0)	(4.0, 59.0)	(5.0, 97.0)	(6.0, 144.5)	(7.0, 234.0)	(8.0, 325.5)	(9.0, 450.0)	(10.0, 589.5)	(11.0, 803.0)	(12.0, 1047.5)	(13.0, 1319.0)	(14.0, 1662.5)	(15.0, 2332.5)	(16.0, 3213.0)	(17.0, 4109.0)	(18.0, 5448.0)	(19.0, 7340.5)	(20.0, 9479.0)	(21.0, 12474.0)	(22.0, 16727.5)	(23.0, 22353.0)	(24.0, 30714.0)	(25.0, 42803.5)	(26.0, 59616.0)	(27.0, 82824.5)	(28.0, 111571.0)	(29.0, 148248.0)	(30.0, 200998.5)	(31.0, 267833.0)	(32.0, 340029.5)	(33.0, 431519.5)	(34.0, 572479.5)	(35.0, 776580.0)	(36.0, 1031613.0)	(37.0, 1256078.5)	(38.0, 1382451.5)	(39.0, 1470351.0)	(40.0, 1665139.5)	(41.0, 1918428.0)	(42.0, 2165873.5)	(43.0, 2438132.0)	(44.0, 2522712.0)	(45.0, 2357746.5)	(46.0, 2158575.0)	(47.0, 2108515.5)	(48.0, 1924977.0)	(49.0, 1536793.5)	(50.0, 1225428.5)	(51.0, 1067108.5)	(52.0, 978253.0)	(53.0, 847320.0)	(54.0, 796556.0)	(55.0, 737048.0)	(56.0, 591899.5)	(57.0, 474142.0)	(58.0, 387279.0)	(59.0, 325147.0)	(60.0, 284459.0)	(61.0, 237783.0)	(62.0, 190716.5)	(63.0, 156663.5)	(64.0, 133273.0)	(65.0, 107242.0)	(66.0, 81226.0)	(67.0, 62365.0)	(68.0, 50028.5)	(69.0, 39319.5)	(70.0, 30817.0)	(71.0, 24826.0)	(72.0, 22864.5)	(73.0, 93459.5)	(74.0, 172892.0)	(75.0, 139087.5)	(76.0, 80112.5)	(77.0, 52189.5)	(78.0, 33594.5)	(79.0, 22400.5)	(80.0, 10934.5)	(81.0, 2686.0)	(82.0, 540.5)	(83.0, 203.5)	(84.0, 98.5)	(85.0, 74.0)	(86.0, 61.0)	(87.0, 55.0)	(88.0, 52.5)	(89.0, 49.5)	(90.0, 47.5)	(91.0, 45.0)	(92.0, 49.0)	(93.0, 54.0)	(94.0, 62.5)	(95.0, 82.5)	(96.0, 109.0)	(97.0, 170.5)	(98.0, 294.5)	(99.0, 469.0)	(100.0, 679.5)
RNA-Seq_FZX_Le_M1_R1	(0.0, 77.0)	(1.0, 97.0)	(2.0, 151.5)	(3.0, 187.0)	(4.0, 156.0)	(5.0, 110.5)	(6.0, 85.0)	(7.0, 105.0)	(8.0, 156.0)	(9.0, 219.5)	(10.0, 353.0)	(11.0, 578.5)	(12.0, 872.0)	(13.0, 1366.0)	(14.0, 2205.5)	(15.0, 3424.5)	(16.0, 5022.5)	(17.0, 7215.5)	(18.0, 10320.0)	(19.0, 15017.0)	(20.0, 20598.5)	(21.0, 26777.5)	(22.0, 35572.5)	(23.0, 48902.5)	(24.0, 68332.5)	(25.0, 91666.0)	(26.0, 119624.0)	(27.0, 156699.0)	(28.0, 201070.0)	(29.0, 252421.5)	(30.0, 319651.5)	(31.0, 422347.0)	(32.0, 533130.0)	(33.0, 619884.5)	(34.0, 705657.0)	(35.0, 806366.0)	(36.0, 948075.5)	(37.0, 1102283.0)	(38.0, 1301934.0)	(39.0, 1467717.0)	(40.0, 1745656.5)	(41.0, 2292190.5)	(42.0, 3089575.0)	(43.0, 3145561.5)	(44.0, 2755298.0)	(45.0, 2709488.0)	(46.0, 2418808.0)	(47.0, 2148036.0)	(48.0, 1887260.0)	(49.0, 1566254.0)	(50.0, 1281668.5)	(51.0, 1023390.0)	(52.0, 848788.5)	(53.0, 768324.0)	(54.0, 650159.0)	(55.0, 500393.0)	(56.0, 407018.0)	(57.0, 339126.0)	(58.0, 300236.0)	(59.0, 276562.5)	(60.0, 266778.5)	(61.0, 254295.0)	(62.0, 224613.5)	(63.0, 182330.5)	(64.0, 163922.0)	(65.0, 168351.5)	(66.0, 166156.5)	(67.0, 163527.5)	(68.0, 149370.0)	(69.0, 103341.5)	(70.0, 89772.0)	(71.0, 81054.5)	(72.0, 47029.5)	(73.0, 31153.0)	(74.0, 21726.5)	(75.0, 23586.0)	(76.0, 38461.0)	(77.0, 110838.0)	(78.0, 231113.5)	(79.0, 262259.0)	(80.0, 163872.0)	(81.0, 52114.0)	(82.0, 5842.0)	(83.0, 647.5)	(84.0, 114.0)	(85.0, 65.0)	(86.0, 54.0)	(87.0, 57.0)	(88.0, 67.5)	(89.0, 70.0)	(90.0, 68.5)	(91.0, 70.0)	(92.0, 63.5)	(93.0, 53.5)	(94.0, 55.5)	(95.0, 48.0)	(96.0, 18.5)	(97.0, 1.0)	(98.0, 1.0)	(99.0, 0.0)	(100.0, 0.5)
RNA-Seq_FZX_Le_M1_R2	(0.0, 1.0)	(1.0, 5.5)	(2.0, 13.0)	(3.0, 17.5)	(4.0, 32.0)	(5.0, 48.5)	(6.0, 78.0)	(7.0, 119.5)	(8.0, 179.5)	(9.0, 291.0)	(10.0, 406.0)	(11.0, 541.0)	(12.0, 742.0)	(13.0, 1045.5)	(14.0, 1488.5)	(15.0, 2114.0)	(16.0, 2884.0)	(17.0, 3854.0)	(18.0, 5172.0)	(19.0, 7159.0)	(20.0, 9981.5)	(21.0, 13892.5)	(22.0, 19460.0)	(23.0, 26999.0)	(24.0, 37544.0)	(25.0, 52768.5)	(26.0, 74706.5)	(27.0, 105054.0)	(28.0, 142361.5)	(29.0, 189477.5)	(30.0, 256773.0)	(31.0, 339333.5)	(32.0, 427311.5)	(33.0, 533107.0)	(34.0, 688427.5)	(35.0, 898784.0)	(36.0, 1134454.0)	(37.0, 1340504.0)	(38.0, 1481525.0)	(39.0, 1603838.5)	(40.0, 1819677.5)	(41.0, 2067095.5)	(42.0, 2326364.5)	(43.0, 2658102.0)	(44.0, 2796738.5)	(45.0, 2603916.5)	(46.0, 2341694.0)	(47.0, 2283831.5)	(48.0, 2077682.0)	(49.0, 1626928.5)	(50.0, 1293351.5)	(51.0, 1148902.0)	(52.0, 1069475.5)	(53.0, 918325.5)	(54.0, 842035.5)	(55.0, 784199.0)	(56.0, 639529.0)	(57.0, 503479.5)	(58.0, 402493.0)	(59.0, 340568.0)	(60.0, 300326.0)	(61.0, 250107.0)	(62.0, 201489.0)	(63.0, 169293.5)	(64.0, 147905.5)	(65.0, 123199.5)	(66.0, 96084.0)	(67.0, 73635.5)	(68.0, 56884.5)	(69.0, 45640.0)	(70.0, 41452.5)	(71.0, 38049.0)	(72.0, 41779.0)	(73.0, 147811.5)	(74.0, 261706.0)	(75.0, 209726.5)	(76.0, 122003.5)	(77.0, 79159.5)	(78.0, 47011.5)	(79.0, 29925.0)	(80.0, 14885.0)	(81.0, 3896.0)	(82.0, 895.5)	(83.0, 382.0)	(84.0, 225.5)	(85.0, 173.0)	(86.0, 134.5)	(87.0, 118.5)	(88.0, 98.5)	(89.0, 87.0)	(90.0, 83.0)	(91.0, 81.5)	(92.0, 90.0)	(93.0, 99.5)	(94.0, 102.0)	(95.0, 103.5)	(96.0, 116.0)	(97.0, 142.5)	(98.0, 202.5)	(99.0, 299.5)	(100.0, 515.0)
RNA-Seq_FZX_Le_M2_R1	(0.0, 72.0)	(1.0, 75.0)	(2.0, 92.0)	(3.0, 107.0)	(4.0, 102.0)	(5.0, 87.5)	(6.0, 79.5)	(7.0, 100.5)	(8.0, 147.0)	(9.0, 265.5)	(10.0, 421.5)	(11.0, 605.5)	(12.0, 926.0)	(13.0, 1507.0)	(14.0, 2319.5)	(15.0, 3395.0)	(16.0, 5114.0)	(17.0, 7291.5)	(18.0, 10212.5)	(19.0, 15160.0)	(20.0, 20246.5)	(21.0, 25548.0)	(22.0, 34205.0)	(23.0, 47244.0)	(24.0, 66732.5)	(25.0, 90256.0)	(26.0, 117215.0)	(27.0, 153086.0)	(28.0, 196310.0)	(29.0, 247563.5)	(30.0, 312827.0)	(31.0, 411100.0)	(32.0, 520375.0)	(33.0, 606621.5)	(34.0, 688600.0)	(35.0, 782950.5)	(36.0, 914244.0)	(37.0, 1057003.0)	(38.0, 1245354.5)	(39.0, 1400854.0)	(40.0, 1644765.0)	(41.0, 2162288.5)	(42.0, 2962137.0)	(43.0, 3006866.5)	(44.0, 2572589.5)	(45.0, 2504416.5)	(46.0, 2235485.0)	(47.0, 1968568.5)	(48.0, 1713087.5)	(49.0, 1419685.5)	(50.0, 1167118.5)	(51.0, 934104.0)	(52.0, 771905.0)	(53.0, 694704.5)	(54.0, 586244.5)	(55.0, 452123.5)	(56.0, 365889.0)	(57.0, 298996.0)	(58.0, 259159.0)	(59.0, 240280.0)	(60.0, 232983.5)	(61.0, 220217.5)	(62.0, 192818.5)	(63.0, 159290.5)	(64.0, 145745.0)	(65.0, 146142.0)	(66.0, 144743.0)	(67.0, 144294.5)	(68.0, 129826.0)	(69.0, 87615.5)	(70.0, 71908.5)	(71.0, 62924.0)	(72.0, 34422.5)	(73.0, 21109.0)	(74.0, 15443.0)	(75.0, 16541.5)	(76.0, 25749.0)	(77.0, 75547.0)	(78.0, 170620.0)	(79.0, 244977.0)	(80.0, 219350.0)	(81.0, 98661.5)	(82.0, 14015.0)	(83.0, 1497.0)	(84.0, 146.5)	(85.0, 72.0)	(86.0, 58.0)	(87.0, 40.5)	(88.0, 33.0)	(89.0, 34.0)	(90.0, 33.0)	(91.0, 29.5)	(92.0, 30.5)	(93.0, 28.0)	(94.0, 21.0)	(95.0, 17.5)	(96.0, 7.5)	(97.0, 0.5)	(98.0, 0.5)	(99.0, 0.0)	(100.0, 0.0)
RNA-Seq_FZX_Le_M2_R2	(0.0, 2.0)	(1.0, 7.5)	(2.0, 11.0)	(3.0, 20.5)	(4.0, 46.0)	(5.0, 79.5)	(6.0, 108.5)	(7.0, 159.0)	(8.0, 240.5)	(9.0, 376.0)	(10.0, 498.5)	(11.0, 585.5)	(12.0, 851.0)	(13.0, 1232.5)	(14.0, 1721.0)	(15.0, 2350.0)	(16.0, 3274.5)	(17.0, 4447.0)	(18.0, 5911.0)	(19.0, 8153.5)	(20.0, 11169.5)	(21.0, 15265.5)	(22.0, 21088.0)	(23.0, 28794.0)	(24.0, 40227.5)	(25.0, 57237.5)	(26.0, 80108.0)	(27.0, 111010.5)	(28.0, 149162.5)	(29.0, 197634.5)	(30.0, 263678.5)	(31.0, 344509.5)	(32.0, 431713.0)	(33.0, 533732.5)	(34.0, 681703.0)	(35.0, 881478.0)	(36.0, 1103328.0)	(37.0, 1294554.5)	(38.0, 1416229.5)	(39.0, 1525397.5)	(40.0, 1724537.5)	(41.0, 1946374.0)	(42.0, 2183038.5)	(43.0, 2502101.5)	(44.0, 2630123.5)	(45.0, 2426601.5)	(46.0, 2166697.5)	(47.0, 2096432.0)	(48.0, 1901322.5)	(49.0, 1486875.5)	(50.0, 1173379.5)	(51.0, 1034216.5)	(52.0, 956772.0)	(53.0, 817191.5)	(54.0, 750142.0)	(55.0, 700012.5)	(56.0, 566665.0)	(57.0, 442455.5)	(58.0, 352928.5)	(59.0, 298951.0)	(60.0, 263094.5)	(61.0, 220139.5)	(62.0, 176527.0)	(63.0, 145181.5)	(64.0, 124624.0)	(65.0, 102898.0)	(66.0, 80074.5)	(67.0, 61710.0)	(68.0, 48154.5)	(69.0, 38382.5)	(70.0, 33423.5)	(71.0, 29390.0)	(72.0, 32386.0)	(73.0, 141341.0)	(74.0, 257438.5)	(75.0, 206328.5)	(76.0, 118772.5)	(77.0, 75414.5)	(78.0, 43937.5)	(79.0, 26424.5)	(80.0, 13849.0)	(81.0, 4220.0)	(82.0, 964.0)	(83.0, 410.5)	(84.0, 272.5)	(85.0, 209.0)	(86.0, 164.5)	(87.0, 131.5)	(88.0, 117.5)	(89.0, 110.5)	(90.0, 92.0)	(91.0, 85.5)	(92.0, 87.0)	(93.0, 98.5)	(94.0, 120.5)	(95.0, 136.0)	(96.0, 141.5)	(97.0, 166.0)	(98.0, 248.0)	(99.0, 382.0)	(100.0, 721.5)
RNA-Seq_FZX_Le_M3_R1	(0.0, 89.0)	(1.0, 106.5)	(2.0, 153.5)	(3.0, 180.0)	(4.0, 143.5)	(5.0, 104.5)	(6.0, 110.0)	(7.0, 150.0)	(8.0, 223.0)	(9.0, 377.5)	(10.0, 608.5)	(11.0, 858.0)	(12.0, 1262.5)	(13.0, 2143.0)	(14.0, 3296.0)	(15.0, 4565.0)	(16.0, 6476.5)	(17.0, 9251.5)	(18.0, 13095.5)	(19.0, 19408.0)	(20.0, 25551.0)	(21.0, 31854.5)	(22.0, 42776.0)	(23.0, 58993.0)	(24.0, 82052.0)	(25.0, 109910.0)	(26.0, 142648.0)	(27.0, 185495.5)	(28.0, 237170.0)	(29.0, 298041.5)	(30.0, 375179.5)	(31.0, 491176.0)	(32.0, 619604.0)	(33.0, 719907.5)	(34.0, 814115.5)	(35.0, 923103.0)	(36.0, 1078308.0)	(37.0, 1244718.0)	(38.0, 1456348.0)	(39.0, 1633625.5)	(40.0, 1887501.0)	(41.0, 2457561.0)	(42.0, 3324593.5)	(43.0, 3375946.5)	(44.0, 2955082.5)	(45.0, 2920687.5)	(46.0, 2627301.5)	(47.0, 2281451.5)	(48.0, 1958944.0)	(49.0, 1623943.5)	(50.0, 1331971.0)	(51.0, 1066319.0)	(52.0, 886035.0)	(53.0, 796884.0)	(54.0, 665476.5)	(55.0, 509409.0)	(56.0, 411625.0)	(57.0, 336320.5)	(58.0, 291344.5)	(59.0, 269404.5)	(60.0, 259109.0)	(61.0, 248845.5)	(62.0, 220090.5)	(63.0, 175626.0)	(64.0, 160449.0)	(65.0, 166565.5)	(66.0, 159606.5)	(67.0, 148035.0)	(68.0, 134797.0)	(69.0, 95009.0)	(70.0, 64827.5)	(71.0, 49272.0)	(72.0, 27586.5)	(73.0, 17570.5)	(74.0, 14092.5)	(75.0, 15030.0)	(76.0, 23150.5)	(77.0, 66639.0)	(78.0, 153209.0)	(79.0, 221620.0)	(80.0, 199090.0)	(81.0, 90309.0)	(82.0, 12821.5)	(83.0, 1540.0)	(84.0, 121.0)	(85.0, 55.0)	(86.0, 40.5)	(87.0, 35.0)	(88.0, 26.5)	(89.0, 20.5)	(90.0, 16.5)	(91.0, 14.5)	(92.0, 15.5)	(93.0, 15.5)	(94.0, 18.0)	(95.0, 18.0)	(96.0, 8.0)	(97.0, 0.0)	(98.0, 0.5)	(99.0, 0.5)	(100.0, 0.0)
RNA-Seq_FZX_Le_M3_R2	(0.0, 8.0)	(1.0, 11.0)	(2.0, 17.5)	(3.0, 27.5)	(4.0, 55.0)	(5.0, 86.5)	(6.0, 123.5)	(7.0, 197.5)	(8.0, 283.5)	(9.0, 445.0)	(10.0, 640.0)	(11.0, 798.0)	(12.0, 998.0)	(13.0, 1374.5)	(14.0, 1951.5)	(15.0, 2698.0)	(16.0, 3716.5)	(17.0, 5035.5)	(18.0, 6870.5)	(19.0, 9171.0)	(20.0, 12290.0)	(21.0, 16845.0)	(22.0, 23277.5)	(23.0, 32030.5)	(24.0, 44890.0)	(25.0, 63178.0)	(26.0, 88425.5)	(27.0, 123435.5)	(28.0, 166542.0)	(29.0, 221480.5)	(30.0, 296953.0)	(31.0, 391611.5)	(32.0, 491464.0)	(33.0, 606969.0)	(34.0, 776848.5)	(35.0, 1003033.5)	(36.0, 1258519.0)	(37.0, 1492044.0)	(38.0, 1647502.0)	(39.0, 1772711.0)	(40.0, 1986517.5)	(41.0, 2244879.5)	(42.0, 2518461.5)	(43.0, 2840109.0)	(44.0, 2971897.0)	(45.0, 2768527.0)	(46.0, 2494508.0)	(47.0, 2435875.5)	(48.0, 2215495.0)	(49.0, 1734182.5)	(50.0, 1371527.5)	(51.0, 1200827.0)	(52.0, 1100775.5)	(53.0, 943831.0)	(54.0, 876397.5)	(55.0, 821483.0)	(56.0, 660261.0)	(57.0, 513272.5)	(58.0, 411217.5)	(59.0, 345476.0)	(60.0, 303023.0)	(61.0, 252200.0)	(62.0, 201340.5)	(63.0, 164867.0)	(64.0, 140260.0)	(65.0, 115142.0)	(66.0, 88483.5)	(67.0, 67137.0)	(68.0, 52965.5)	(69.0, 41682.5)	(70.0, 33064.5)	(71.0, 26628.5)	(72.0, 26301.5)	(73.0, 125496.0)	(74.0, 230630.5)	(75.0, 182779.5)	(76.0, 105145.5)	(77.0, 68181.5)	(78.0, 41676.5)	(79.0, 25780.0)	(80.0, 13486.0)	(81.0, 3936.0)	(82.0, 933.5)	(83.0, 394.5)	(84.0, 233.5)	(85.0, 200.5)	(86.0, 173.0)	(87.0, 147.5)	(88.0, 131.0)	(89.0, 113.5)	(90.0, 109.5)	(91.0, 113.0)	(92.0, 123.5)	(93.0, 136.0)	(94.0, 138.0)	(95.0, 153.0)	(96.0, 193.5)	(97.0, 234.5)	(98.0, 318.0)	(99.0, 482.5)	(100.0, 951.0)
